-1.449976488947868347e-02
-8.299522101879119873e-03
-2.243362739682197571e-02
-2.017208933830261230e-02
8.114025741815567017e-02
9.342753887176513672e-02
8.146958053112030029e-02
8.529485762119293213e-02
1.603591293096542358e-01
1.706939339637756348e-01
1.785481870174407959e-01
1.775029599666595459e-01
-1.107766292989253998e-02
7.442142814397811890e-03
6.074504926800727844e-03
-3.684656694531440735e-03
7.125397026538848877e-02
7.438028603792190552e-02
8.307790756225585938e-02
9.083184599876403809e-02
1.520794630050659180e-01
1.140208989381790161e-01
1.237259656190872192e-01
1.653072535991668701e-01
2.296528220176696777e-02
1.273751072585582733e-02
9.284339845180511475e-03
1.523598842322826385e-02
8.131000399589538574e-02
6.558551639318466187e-02
4.455966129899024963e-02
5.971433594822883606e-02
1.134373545646667480e-01
9.463198482990264893e-02
7.116988301277160645e-02
9.224072098731994629e-02
-1.289576292037963867e-02
-1.370120421051979065e-02
-1.127165742218494415e-02
-9.731110185384750366e-03
4.784609749913215637e-02
5.517049506306648254e-02
4.521109163761138916e-02
4.478536918759346008e-02
8.311222493648529053e-02
9.620416909456253052e-02
8.247514814138412476e-02
7.648098468780517578e-02
2.121459692716598511e-04
4.621766507625579834e-03
1.666146144270896912e-02
1.063825748860836029e-02
4.114972054958343506e-02
5.149735882878303528e-02
6.516605615615844727e-02
5.718643963336944580e-02
6.789270043373107910e-02
9.108003973960876465e-02
1.128042861819267273e-01
9.262793511152267456e-02
1.990696229040622711e-02
1.515116542577743530e-02
4.337413236498832703e-03
2.085285261273384094e-03
7.163649797439575195e-02
8.437409996986389160e-02
8.380156755447387695e-02
7.476270198822021484e-02
1.026387885212898254e-01
1.391807198524475098e-01
1.680501550436019897e-01
1.348947882652282715e-01
-1.689921878278255463e-02
-3.509875386953353882e-05
-7.803315296769142151e-03
-2.444881200790405273e-02
7.650662213563919067e-02
1.123211383819580078e-01
1.054301336407661438e-01
8.662053942680358887e-02
1.711922883987426758e-01
1.934959739446640015e-01
2.064348906278610229e-01
1.959444135427474976e-01
-1.846210844814777374e-02
-2.239122055470943451e-02
-3.109090030193328857e-02
-2.108948677778244019e-02
8.689407259225845337e-02
8.127664029598236084e-02
5.274274200201034546e-02
6.605350226163864136e-02
1.918175965547561646e-01
1.911903023719787598e-01
1.448368430137634277e-01
1.425430178642272949e-01
-2.179768308997154236e-02
-1.683604344725608826e-02
-1.282661780714988708e-02
-1.745070144534111023e-02
5.077967047691345215e-02
6.368166953325271606e-02
6.918077170848846436e-02
5.837201327085494995e-02
1.309296488761901855e-01
1.239154785871505737e-01
1.301180273294448853e-01
1.427273452281951904e-01
5.123380571603775024e-03
6.573585793375968933e-03
9.952520951628684998e-03
9.775327518582344055e-03
5.776977539062500000e-02
5.275591090321540833e-02
5.191720277070999146e-02
5.934502556920051575e-02
1.113233491778373718e-01
9.081564843654632568e-02
7.731299102306365967e-02
1.032448261976242065e-01
-4.691518843173980713e-03
-1.309813931584358215e-03
-4.157412797212600708e-03
-8.044496178627014160e-03
4.593138396739959717e-02
6.786978989839553833e-02
6.333485245704650879e-02
4.656017944216728210e-02
7.805857062339782715e-02
1.160354092717170715e-01
1.036275178194046021e-01
7.998059689998626709e-02
-1.730713993310928345e-04
1.460822299122810364e-03
-1.912340521812438965e-03
-1.226929947733879089e-03
5.430857092142105103e-02
5.786898359656333923e-02
6.250782310962677002e-02
5.367362499237060547e-02
8.006898313760757446e-02
1.037571430206298828e-01
1.222020089626312256e-01
9.918738901615142822e-02
-9.676089510321617126e-03
-1.929038017988204956e-02
-3.594198822975158691e-02
-2.644297666847705841e-02
7.159392535686492920e-02
5.400880798697471619e-02
5.023224651813507080e-02
6.163068488240242004e-02
1.251982003450393677e-01
1.209921985864639282e-01
1.359566897153854370e-01
1.310746073722839355e-01
-3.634215518832206726e-02
-2.738353610038757324e-02
-2.184550464153289795e-02
-2.582565322518348694e-02
4.539326950907707214e-02
7.664190232753753662e-02
7.775931060314178467e-02
6.049424409866333008e-02
1.478294879198074341e-01
1.803148537874221802e-01
1.837957650423049927e-01
1.494933962821960449e-01
-1.344434171915054321e-02
-2.184925414621829987e-02
-3.090187162160873413e-02
-1.725531369447708130e-02
7.954677939414978027e-02
7.666318863630294800e-02
5.608256161212921143e-02
6.373952329158782959e-02
1.755309700965881348e-01
1.641078889369964600e-01
1.399344950914382935e-01
1.550244241952896118e-01
-2.453101426362991333e-02
-1.974705420434474945e-02
-1.563559472560882568e-02
-2.085216343402862549e-02
5.102911964058876038e-02
5.639246106147766113e-02
5.836924538016319275e-02
5.578222870826721191e-02
1.312796920537948608e-01
1.152927652001380920e-01
1.126545667648315430e-01
1.318008005619049072e-01
-9.582163766026496887e-03
-8.312894031405448914e-03
-7.059989497065544128e-03
-7.578903809189796448e-03
4.732719808816909790e-02
4.076246544718742371e-02
4.152714833617210388e-02
5.002360045909881592e-02
9.790926426649093628e-02
8.111903071403503418e-02
8.120014518499374390e-02
1.026788428425788879e-01
-5.936879664659500122e-03
-5.386203527450561523e-03
-3.372637555003166199e-03
-3.630170598626136780e-03
3.246791660785675049e-02
4.506006091833114624e-02
3.816800564527511597e-02
3.331819176673889160e-02
7.443562150001525879e-02
8.836121112108230591e-02
7.908888906240463257e-02
7.020492851734161377e-02
1.224897801876068115e-03
-3.907043486833572388e-03
-6.305798888206481934e-04
4.419390112161636353e-03
4.000762850046157837e-02
4.339075088500976562e-02
4.705619066953659058e-02
4.130910709500312805e-02
8.158023655414581299e-02
8.811793476343154907e-02
8.963065594434738159e-02
8.210112154483795166e-02
-1.758197322487831116e-02
-1.991225965321063995e-02
-2.534164302051067352e-02
-1.615746691823005676e-02
6.162061169743537903e-02
5.446112155914306641e-02
4.824458807706832886e-02
5.473540723323822021e-02
1.191243380308151245e-01
1.192486882209777832e-01
1.177143454551696777e-01
1.204573288559913635e-01
-2.220687083899974823e-02
-1.310752518475055695e-02
-1.400334760546684265e-03
-7.180577144026756287e-03
5.461626499891281128e-02
7.340812683105468750e-02
8.940994739532470703e-02
8.416686207056045532e-02
1.367741525173187256e-01
1.530156433582305908e-01
1.841268986463546753e-01
1.680949628353118896e-01
7.393637672066688538e-03
-5.421377718448638916e-04
-1.244090124964714050e-02
4.090946167707443237e-03
1.010732576251029968e-01
8.758761733770370483e-02
6.844352930784225464e-02
9.166534245014190674e-02
1.806560456752777100e-01
1.598013937473297119e-01
1.487089991569519043e-01
1.784346103668212891e-01
-2.903909981250762939e-02
-2.889318950474262238e-02
-2.511092275381088257e-02
-1.939058862626552582e-02
4.883933067321777344e-02
5.222418159246444702e-02
6.366551667451858521e-02
6.223134323954582214e-02
1.327479928731918335e-01
1.186039298772811890e-01
1.334075778722763062e-01
1.434757709503173828e-01
-2.504823356866836548e-02
-1.684358902275562286e-02
-1.538989506661891937e-02
-1.981568522751331329e-02
4.962752759456634521e-02
4.553721100091934204e-02
4.267711192369461060e-02
4.839392751455307007e-02
1.180929839611053467e-01
9.474393725395202637e-02
8.296768367290496826e-02
1.068527102470397949e-01
-5.504425615072250366e-03
-6.917804479598999023e-03
-4.898382350802421570e-03
-8.753059431910514832e-03
4.401482269167900085e-02
3.980520367622375488e-02
4.398810490965843201e-02
5.002205446362495422e-02
8.697890490293502808e-02
8.074130117893218994e-02
7.374902069568634033e-02
8.360359072685241699e-02
8.354878053069114685e-03
8.009456098079681396e-03
1.724783331155776978e-03
1.422388479113578796e-03
5.035345256328582764e-02
4.214323312044143677e-02
4.321522638201713562e-02
4.642938822507858276e-02
8.239801228046417236e-02
7.621370255947113037e-02
8.636096119880676270e-02
8.825899660587310791e-02
-3.058200702071189880e-03
-6.759187206625938416e-03
-1.919106207787990570e-02
-1.318565011024475098e-02
6.779439747333526611e-02
7.025817036628723145e-02
5.639567971229553223e-02
4.981273785233497620e-02
1.146774291992187500e-01
1.312285363674163818e-01
1.278326809406280518e-01
1.117546260356903076e-01
-1.587826386094093323e-02
-2.597231417894363403e-03
3.116415813565254211e-03
-7.880557328462600708e-03
7.293975353240966797e-02
9.486521780490875244e-02
1.074288487434387207e-01
9.259827435016632080e-02
1.473175287246704102e-01
1.637375205755233765e-01
1.888661980628967285e-01
1.814400255680084229e-01
2.357279881834983826e-02
1.438651233911514282e-02
2.129686065018177032e-03
1.733854413032531738e-02
1.215700432658195496e-01
1.071935147047042847e-01
8.449666202068328857e-02
1.159726679325103760e-01
2.072993665933609009e-01
1.873831897974014282e-01
1.631375402212142944e-01
1.933873295783996582e-01
-1.271739043295383453e-02
-1.115825772285461426e-02
-1.148583926260471344e-02
-2.266181632876396179e-03
7.475046068429946899e-02
6.235028803348541260e-02
6.489932537078857422e-02
8.219897747039794922e-02
1.551300436258316040e-01
1.287969648838043213e-01
1.250658035278320312e-01
1.460326313972473145e-01
-7.087232545018196106e-03
-4.573233425617218018e-03
2.262417227029800415e-03
1.524031162261962891e-03
4.557936638593673706e-02
4.351605474948883057e-02
4.636715725064277649e-02
5.391320213675498962e-02
9.938415884971618652e-02
9.221516549587249756e-02
9.362146258354187012e-02
1.031977906823158264e-01
-1.045688986778259277e-03
-4.878785461187362671e-03
2.263654023408889771e-03
3.361556679010391235e-03
3.931688144803047180e-02
4.647538810968399048e-02
6.115103885531425476e-02
5.984210968017578125e-02
7.944261282682418823e-02
8.636862039566040039e-02
1.015771925449371338e-01
9.540269523859024048e-02
1.646650955080986023e-03
2.671388909220695496e-03
4.727827385067939758e-03
1.607999205589294434e-03
5.098715424537658691e-02
5.022726207971572876e-02
5.036846175789833069e-02
5.281826108694076538e-02
9.163397550582885742e-02
9.327334165573120117e-02
9.992142021656036377e-02
9.266868978738784790e-02
-5.306424573063850403e-03
-9.389869868755340576e-03
-2.159575931727886200e-02
-1.163791678845882416e-02
5.854976177215576172e-02
6.804842501878738403e-02
6.104359403252601624e-02
5.278762429952621460e-02
1.237730383872985840e-01
1.386584043502807617e-01
1.271372288465499878e-01
1.098350286483764648e-01
-3.219173476099967957e-02
-1.617313921451568604e-02
-1.533190160989761353e-02
-2.559574507176876068e-02
6.407617032527923584e-02
9.052906930446624756e-02
9.631402790546417236e-02
8.050543069839477539e-02
1.514949947595596313e-01
1.794686168432235718e-01
1.977997422218322754e-01
1.801444292068481445e-01
1.900251954793930054e-02
8.099829778075218201e-03
-1.670779660344123840e-03
6.145913153886795044e-03
1.138277426362037659e-01
1.144397035241127014e-01
8.939353376626968384e-02
9.830297529697418213e-02
2.054529339075088501e-01
2.065996974706649780e-01
1.650446504354476929e-01
1.719507128000259399e-01
-1.173214614391326904e-02
-2.522096037864685059e-04
-2.197481691837310791e-03
-4.599131643772125244e-03
8.409322798252105713e-02
8.490051329135894775e-02
7.416070997714996338e-02
7.715976238250732422e-02
1.623871624469757080e-01
1.495698094367980957e-01
1.159188821911811829e-01
1.372005492448806763e-01
-2.241101115942001343e-03
1.566236838698387146e-03
4.118174314498901367e-03
-6.056949496269226074e-05
5.597627162933349609e-02
4.984513297677040100e-02
5.126440525054931641e-02
6.048056483268737793e-02
1.031684651970863342e-01
9.560515731573104858e-02
8.941540122032165527e-02
1.026110053062438965e-01
7.262386381626129150e-03
8.881792426109313965e-03
1.468673720955848694e-02
1.000673882663249969e-02
5.600706487894058228e-02
6.538864970207214355e-02
6.675240397453308105e-02
5.808154121041297913e-02
8.361176401376724243e-02
9.639328718185424805e-02
9.590040147304534912e-02
8.865129202604293823e-02
1.764878071844577789e-02
7.984863594174385071e-03
1.129765808582305908e-02
1.322241127490997314e-02
5.799598619341850281e-02
5.498085916042327881e-02
6.135556474328041077e-02
6.234110519289970398e-02
8.868650346994400024e-02
9.506347775459289551e-02
9.692241251468658447e-02
9.664734452962875366e-02
-9.622294455766677856e-04
-1.149089448153972626e-02
-1.976687088608741760e-02
-1.193070784211158752e-02
6.523928046226501465e-02
5.516390874981880188e-02
4.853033646941184998e-02
5.901869758963584900e-02
1.171844005584716797e-01
1.200406402349472046e-01
1.231870055198669434e-01
1.266456395387649536e-01
-3.440317139029502869e-02
-2.451194450259208679e-02
-2.388882823288440704e-02
-2.915630489587783813e-02
4.119656980037689209e-02
7.504068315029144287e-02
9.358923137187957764e-02
7.464429736137390137e-02
1.379884034395217896e-01
1.743730306625366211e-01
1.938114166259765625e-01
1.672248542308807373e-01
1.710874028503894806e-03
-1.770751550793647766e-03
-1.584668830037117004e-02
-7.007755339145660400e-03
6.703098118305206299e-02
8.484104275703430176e-02
6.083642691373825073e-02
5.300422757863998413e-02
1.182010024785995483e-01
1.642036736011505127e-01
1.210753247141838074e-01
8.152829110622406006e-02
-2.284523472189903259e-02
-1.352873444557189941e-02
-2.145752869546413422e-02
-2.356684394180774689e-02
4.942618682980537415e-02
6.368264555931091309e-02
3.901273012161254883e-02
3.212519362568855286e-02
1.160265728831291199e-01
1.359235048294067383e-01
9.071193635463714600e-02
7.569277286529541016e-02
-1.996775902807712555e-02
-1.118971221148967743e-02
-1.490509696304798126e-02
-1.899111643433570862e-02
3.567792847752571106e-02
3.923604264855384827e-02
2.380904555320739746e-02
3.120045363903045654e-02
8.928293734788894653e-02
8.305198699235916138e-02
6.355027854442596436e-02
7.737763971090316772e-02
2.927010878920555115e-03
1.360694691538810730e-02
1.749455370008945465e-02
9.123172610998153687e-03
3.610062971711158752e-02
5.710471421480178833e-02
4.770308360457420349e-02
3.182546049356460571e-02
6.367457658052444458e-02
8.128533512353897095e-02
6.610352545976638794e-02
5.579227209091186523e-02
1.772957295179367065e-02
1.514428853988647461e-02
5.964756011962890625e-03
1.158958673477172852e-02
4.808771610260009766e-02
5.670978128910064697e-02
6.208566948771476746e-02
5.326297879219055176e-02
6.898645311594009399e-02
8.374493569135665894e-02
9.954775124788284302e-02
8.193436264991760254e-02
-1.172185316681861877e-02
-1.260787621140480042e-02
-2.363278903067111969e-02
-2.026909030973911285e-02
5.825310200452804565e-02
5.957471951842308044e-02
6.432335078716278076e-02
6.710448861122131348e-02
1.061099767684936523e-01
1.218088120222091675e-01
1.323275715112686157e-01
1.306084990501403809e-01
-2.587309107184410095e-02
-2.011974342167377472e-02
-8.753949776291847229e-03
-1.927342079579830170e-02
5.791539698839187622e-02
8.156236261129379272e-02
9.733121097087860107e-02
7.638068497180938721e-02
1.335905939340591431e-01
1.787289381027221680e-01
1.835644543170928955e-01
1.430062949657440186e-01
