-3.480935394763946533e-01
-3.374635279178619385e-01
-4.493196010589599609e-01
-4.220824241638183594e-01
2.632503211498260498e-01
1.953115910291671753e-01
4.311744868755340576e-02
1.445626765489578247e-01
6.863713264465332031e-01
5.568894743919372559e-01
4.663181304931640625e-01
5.761920809745788574e-01
-4.658549726009368896e-01
-4.011163115501403809e-01
-4.124830961227416992e-01
-4.274079203605651855e-01
-3.556735813617706299e-02
-2.344210445880889893e-02
-5.394074320793151855e-02
6.548911333084106445e-03
4.204417467117309570e-01
2.866509258747100830e-01
1.729103475809097290e-01
3.671706020832061768e-01
-4.114093780517578125e-01
-4.303138256072998047e-01
-4.390096366405487061e-01
-4.234073758125305176e-01
-1.628314852714538574e-01
-1.693475544452667236e-01
-1.896584331989288330e-01
-1.747558414936065674e-01
1.256217062473297119e-02
1.641631126403808594e-02
-1.532326638698577881e-02
1.158230006694793701e-02
-4.604359865188598633e-01
-4.647717177867889404e-01
-4.361748099327087402e-01
-4.512653946876525879e-01
-1.953277885913848877e-01
-1.578458547592163086e-01
-1.604027897119522095e-01
-1.714499145746231079e-01
-5.005437135696411133e-02
4.149778187274932861e-02
4.980687797069549561e-02
2.977946400642395020e-02
-3.714501857757568359e-01
-3.755680620670318604e-01
-3.627642989158630371e-01
-3.828549385070800781e-01
-1.143651530146598816e-01
-1.248360574245452881e-01
-7.606675475835800171e-02
-9.018362313508987427e-02
4.018248617649078369e-02
3.956246376037597656e-02
1.319041848182678223e-01
1.243068873882293701e-01
-4.211746454238891602e-01
-4.629947841167449951e-01
-5.015580058097839355e-01
-4.873741865158081055e-01
-5.364527553319931030e-02
-7.999268174171447754e-02
-1.247630119323730469e-01
-1.077651008963584900e-01
2.116610556840896606e-01
2.218975126743316650e-01
2.398933321237564087e-01
2.365939766168594360e-01
-5.298875570297241211e-01
-4.847775995731353760e-01
-4.626752138137817383e-01
-5.218513011932373047e-01
-1.499576866626739502e-01
-6.632572412490844727e-02
4.012086987495422363e-02
6.976783275604248047e-03
2.627702355384826660e-01
2.607120275497436523e-01
4.390276670455932617e-01
4.991880059242248535e-01
-4.935672879219055176e-01
-5.282143354415893555e-01
-6.035115718841552734e-01
-5.493824481964111328e-01
1.048651337623596191e-02
3.481747210025787354e-02
-6.898964196443557739e-02
-7.218182832002639771e-02
5.071502327919006348e-01
5.181463956832885742e-01
4.252889156341552734e-01
3.644335269927978516e-01
-5.817505717277526855e-01
-5.293577909469604492e-01
-5.281535983085632324e-01
-5.732685923576354980e-01
-1.349044889211654663e-01
-1.039128676056861877e-01
-1.291426420211791992e-01
-1.304688155651092529e-01
3.514673113822937012e-01
2.597808837890625000e-01
1.679817736148834229e-01
2.868602871894836426e-01
-4.230760633945465088e-01
-4.251263141632080078e-01
-4.142479598522186279e-01
-4.246163368225097656e-01
-1.435455083847045898e-01
-1.617814898490905762e-01
-2.004804164171218872e-01
-2.008659839630126953e-01
9.786561131477355957e-02
9.721352159976959229e-02
-2.776139974594116211e-02
-2.929374575614929199e-03
-4.191247224807739258e-01
-4.396628737449645996e-01
-4.322246909141540527e-01
-4.360426366329193115e-01
-1.942916810512542725e-01
-1.440872251987457275e-01
-1.592591702938079834e-01
-2.111065089702606201e-01
-2.032294869422912598e-03
1.082747429609298706e-01
6.375324726104736328e-02
2.795264124870300293e-03
-4.104741811752319336e-01
-4.138585925102233887e-01
-4.186063706874847412e-01
-4.217526912689208984e-01
-1.399212181568145752e-01
-1.452142149209976196e-01
-9.543313831090927124e-02
-1.286858022212982178e-01
4.971806704998016357e-02
8.965648710727691650e-02
1.472008526325225830e-01
8.523735404014587402e-02
-4.666703939437866211e-01
-4.938380122184753418e-01
-5.442222356796264648e-01
-5.196918249130249023e-01
-6.785053014755249023e-02
-9.288316220045089722e-02
-1.549954861402511597e-01
-1.283419132232666016e-01
2.519606351852416992e-01
2.932557165622711182e-01
2.504402995109558105e-01
1.901267021894454956e-01
-5.326206088066101074e-01
-5.059036016464233398e-01
-4.766348004341125488e-01
-4.806879460811614990e-01
-1.240640282630920410e-01
-1.390002667903900146e-02
7.881036400794982910e-02
3.129100799560546875e-02
3.504024744033813477e-01
4.112496972084045410e-01
5.751599073410034180e-01
5.242626667022705078e-01
-5.227146744728088379e-01
-5.589785575866699219e-01
-6.308084726333618164e-01
-5.682221651077270508e-01
-5.409555882215499878e-02
-8.277313411235809326e-02
-1.783724874258041382e-01
-1.579282730817794800e-01
3.964531719684600830e-01
3.419895768165588379e-01
2.840871810913085938e-01
2.831091582775115967e-01
-6.125354766845703125e-01
-5.945538878440856934e-01
-5.346349477767944336e-01
-5.626881122589111328e-01
-2.249703407287597656e-01
-1.917399019002914429e-01
-1.480787992477416992e-01
-1.789076179265975952e-01
2.358711808919906616e-01
1.696303486824035645e-01
1.509677916765213013e-01
2.022527009248733521e-01
-4.378456473350524902e-01
-4.426960349082946777e-01
-4.101539850234985352e-01
-4.166761934757232666e-01
-1.820014268159866333e-01
-2.132664620876312256e-01
-1.929240077733993530e-01
-1.861897855997085571e-01
5.357117950916290283e-02
-2.449563145637512207e-02
-4.495671391487121582e-02
1.868702471256256104e-02
-3.990686535835266113e-01
-4.042540192604064941e-01
-4.047148227691650391e-01
-4.022099971771240234e-01
-2.011043727397918701e-01
-1.958817243576049805e-01
-1.869599372148513794e-01
-1.800082176923751831e-01
-1.622554659843444824e-02
1.194684207439422607e-02
-1.108467578887939453e-02
-7.674649357795715332e-03
-4.097968935966491699e-01
-4.186804294586181641e-01
-4.159003794193267822e-01
-4.143152534961700439e-01
-1.649490892887115479e-01
-1.572098881006240845e-01
-1.414092481136322021e-01
-1.634280979633331299e-01
5.410358309745788574e-03
5.611725151538848877e-02
7.438194751739501953e-02
2.182643115520477295e-02
-4.619043171405792236e-01
-5.075470209121704102e-01
-5.631749629974365234e-01
-5.051173567771911621e-01
-9.956916421651840210e-02
-1.114928573369979858e-01
-1.828706860542297363e-01
-1.884366869926452637e-01
1.691912263631820679e-01
2.369239628314971924e-01
1.954525411128997803e-01
1.085944026708602905e-01
-5.674407482147216797e-01
-4.940724372863769531e-01
-4.880341887474060059e-01
-5.110021829605102539e-01
-1.156992912292480469e-01
2.397122979164123535e-02
5.819061398506164551e-02
4.058271646499633789e-03
3.437134027481079102e-01
4.248663187026977539e-01
5.836207270622253418e-01
5.328977108001708984e-01
-4.598143696784973145e-01
-5.176302790641784668e-01
-5.490522384643554688e-01
-4.726936221122741699e-01
7.026113569736480713e-02
-4.464225471019744873e-02
-1.366957724094390869e-01
-2.416704595088958740e-02
5.348902940750122070e-01
3.381619453430175781e-01
2.304864972829818726e-01
3.911532163619995117e-01
-5.551512241363525391e-01
-5.217844247817993164e-01
-4.812746047973632812e-01
-4.800567924976348877e-01
-1.494365632534027100e-01
-1.558277159929275513e-01
-1.135180592536926270e-01
-8.702534437179565430e-02
2.505327761173248291e-01
1.586173623800277710e-01
1.672898828983306885e-01
2.932969331741333008e-01
-4.207676649093627930e-01
-4.096644520759582520e-01
-4.025477170944213867e-01
-4.019245207309722900e-01
-1.620664298534393311e-01
-1.863726675510406494e-01
-1.727688908576965332e-01
-1.431291103363037109e-01
4.611113667488098145e-02
-1.192949712276458740e-02
2.941384911537170410e-03
7.232432067394256592e-02
-3.942141234874725342e-01
-4.064848423004150391e-01
-4.158356189727783203e-01
-4.211331307888031006e-01
-1.803557276725769043e-01
-1.963239908218383789e-01
-2.058047652244567871e-01
-1.679509580135345459e-01
1.289947330951690674e-02
1.784907281398773193e-02
-2.043808996677398682e-02
3.146383166313171387e-02
-3.815932869911193848e-01
-3.880936801433563232e-01
-3.950877785682678223e-01
-4.029761552810668945e-01
-1.651362925767898560e-01
-1.617104709148406982e-01
-1.650104969739913940e-01
-1.826043725013732910e-01
-5.246773362159729004e-03
8.791998028755187988e-03
2.148693799972534180e-02
-2.600228786468505859e-02
-4.673379659652709961e-01
-5.090326666831970215e-01
-5.519143342971801758e-01
-5.001147389411926270e-01
-1.336542218923568726e-01
-1.331819891929626465e-01
-1.806972473859786987e-01
-2.262565493583679199e-01
1.063180118799209595e-01
1.875130683183670044e-01
1.764710992574691772e-01
5.492250621318817139e-02
-6.168729066848754883e-01
-5.596912503242492676e-01
-5.697131156921386719e-01
-6.085960865020751953e-01
-1.263579130172729492e-01
4.632279276847839355e-03
2.217663824558258057e-02
-5.179113894701004028e-02
2.764137685298919678e-01
4.726784825325012207e-01
6.046733856201171875e-01
4.825510084629058838e-01
-3.873834311962127686e-01
-4.247215688228607178e-01
-5.163016319274902344e-01
-4.359156191349029541e-01
1.097225248813629150e-01
1.716619729995727539e-02
-2.979770302772521973e-02
9.649394452571868896e-02
5.533798933029174805e-01
4.130869507789611816e-01
3.978078067302703857e-01
5.576955080032348633e-01
-5.492579936981201172e-01
-5.025469660758972168e-01
-4.748037457466125488e-01
-5.071054697036743164e-01
-1.482429057359695435e-01
-1.137773022055625916e-01
-1.031313240528106689e-01
-9.823553264141082764e-02
2.673847079277038574e-01
2.071751505136489868e-01
2.076225131750106812e-01
3.122844099998474121e-01
-4.298151731491088867e-01
-4.089106917381286621e-01
-3.979524075984954834e-01
-4.180296063423156738e-01
-1.592379808425903320e-01
-1.475439965724945068e-01
-1.517761200666427612e-01
-1.582737714052200317e-01
7.634268701076507568e-02
6.586396694183349609e-02
6.023576855659484863e-02
6.104809045791625977e-02
-4.079423248767852783e-01
-4.166739583015441895e-01
-4.185257554054260254e-01
-4.168568253517150879e-01
-1.724802851676940918e-01
-1.516180187463760376e-01
-1.686594933271408081e-01
-1.534011662006378174e-01
4.551723599433898926e-02
5.452394485473632812e-02
3.241235017776489258e-02
3.679066896438598633e-02
-4.128180146217346191e-01
-4.065267741680145264e-01
-4.068734645843505859e-01
-4.307029843330383301e-01
-1.673986613750457764e-01
-1.626040935516357422e-01
-1.607676893472671509e-01
-1.714093834161758423e-01
2.087670564651489258e-02
6.857261061668395996e-03
2.253265678882598877e-02
1.433265209197998047e-02
-4.775582253932952881e-01
-5.139514207839965820e-01
-6.044480204582214355e-01
-5.343968272209167480e-01
-1.343270838260650635e-01
-1.715153306722640991e-01
-2.434704750776290894e-01
-2.264629453420639038e-01
9.189251065254211426e-02
1.442061066627502441e-01
1.318176537752151489e-01
6.065957248210906982e-02
-6.689584255218505859e-01
-6.074624061584472656e-01
-5.936355590820312500e-01
-6.334191560745239258e-01
-2.114803940057754517e-01
-4.303464293479919434e-02
-1.747286319732666016e-02
-1.265916526317596436e-01
2.641159892082214355e-01
4.675699472427368164e-01
5.301917791366577148e-01
3.685259819030761719e-01
-3.781129121780395508e-01
-4.483705163002014160e-01
-5.143173933029174805e-01
-4.352289140224456787e-01
2.286675721406936646e-01
1.354081481695175171e-01
1.599077880382537842e-02
1.599102467298507690e-01
7.726057767868041992e-01
6.547324657440185547e-01
4.902547597885131836e-01
6.477552056312561035e-01
-5.512967109680175781e-01
-5.190383791923522949e-01
-4.886032938957214355e-01
-5.224517583847045898e-01
-9.987363964319229126e-02
-1.339951455593109131e-01
-1.512541919946670532e-01
-1.052200943231582642e-01
3.666853606700897217e-01
2.478053271770477295e-01
1.046909391880035400e-01
2.897518277168273926e-01
-4.165349006652832031e-01
-4.095075130462646484e-01
-4.006622731685638428e-01
-4.061515033245086670e-01
-1.600889116525650024e-01
-1.862630546092987061e-01
-1.768786609172821045e-01
-1.616404950618743896e-01
6.026493012905120850e-02
2.183206379413604736e-02
-2.252312004566192627e-02
3.003896772861480713e-02
-4.093692600727081299e-01
-4.153454899787902832e-01
-3.969451785087585449e-01
-3.998020291328430176e-01
-1.690938472747802734e-01
-1.773434877395629883e-01
-1.780781596899032593e-01
-1.603225618600845337e-01
1.697812974452972412e-02
1.236091554164886475e-02
1.757019758224487305e-02
4.894420504570007324e-02
-4.100252389907836914e-01
-4.381611049175262451e-01
-4.190013408660888672e-01
-4.136770367622375488e-01
-1.939598023891448975e-01
-1.969697922468185425e-01
-1.673598885536193848e-01
-1.699126660823822021e-01
-4.079209268093109131e-02
-3.431126475334167480e-03
3.451769053936004639e-02
3.226205706596374512e-03
-4.794045090675354004e-01
-5.207319259643554688e-01
-5.624418258666992188e-01
-5.380926132202148438e-01
-1.635273247957229614e-01
-1.801584959030151367e-01
-2.273347973823547363e-01
-2.119047045707702637e-01
1.090603470802307129e-01
1.279303282499313354e-01
9.868551790714263916e-02
8.011099696159362793e-02
-6.296812295913696289e-01
-5.936309695243835449e-01
-5.941759347915649414e-01
-6.099928617477416992e-01
-2.147248089313507080e-01
-6.646557152271270752e-02
-6.895948946475982666e-02
-1.444100886583328247e-01
2.628020644187927246e-01
4.783486127853393555e-01
4.631797671318054199e-01
2.960393428802490234e-01
-2.924807965755462646e-01
-3.556505441665649414e-01
-4.131632745265960693e-01
-3.374609947204589844e-01
2.488307952880859375e-01
2.007894963026046753e-01
7.016824185848236084e-02
1.575770080089569092e-01
6.600105166435241699e-01
6.968967914581298828e-01
4.462049603462219238e-01
4.468156993389129639e-01
-4.942395091056823730e-01
-4.911068081855773926e-01
-4.730182588100433350e-01
-4.648569822311401367e-01
-1.140908598899841309e-01
-1.270747482776641846e-01
-1.778104603290557861e-01
-1.070748567581176758e-01
2.951725423336029053e-01
2.506668567657470703e-01
6.617334485054016113e-02
1.650025248527526855e-01
-4.525226950645446777e-01
-4.370836615562438965e-01
-4.628752470016479492e-01
-4.660854041576385498e-01
-1.978121995925903320e-01
-2.193764150142669678e-01
-2.682911157608032227e-01
-2.299948334693908691e-01
-1.114234328269958496e-02
-6.237136572599411011e-02
-1.338200122117996216e-01
-2.948166429996490479e-02
-4.693802893161773682e-01
-4.365363419055938721e-01
-4.473776519298553467e-01
-4.667980074882507324e-01
-2.460564970970153809e-01
-2.111166417598724365e-01
-2.482418417930603027e-01
-2.420541048049926758e-01
-9.625548124313354492e-02
-3.688871860504150391e-02
-1.124848797917366028e-01
-8.296191692352294922e-02
-4.187017083168029785e-01
-4.114174842834472656e-01
-4.112341403961181641e-01
-4.307254254817962646e-01
-2.276886552572250366e-01
-1.959998160600662231e-01
-1.751406639814376831e-01
-2.083077877759933472e-01
-1.221037507057189941e-01
-3.969691693782806396e-02
-3.473073244094848633e-03
-4.667101800441741943e-02
-4.581919908523559570e-01
-4.900464117527008057e-01
-4.974252283573150635e-01
-4.873669147491455078e-01
-1.710020452737808228e-01
-1.776923388242721558e-01
-1.622121334075927734e-01
-1.647658646106719971e-01
2.729932963848114014e-02
1.230005323886871338e-01
1.493405252695083618e-01
6.802518665790557861e-02
-5.409975051879882812e-01
-5.422270298004150391e-01
-5.259763598442077637e-01
-5.428406000137329102e-01
-1.921877562999725342e-01
-6.405866146087646484e-02
3.161765635013580322e-02
-8.090015500783920288e-02
1.905660778284072876e-01
4.500184655189514160e-01
5.101600289344787598e-01
3.117931187152862549e-01
