-6.143245697021484375e-01
-6.093207001686096191e-01
-6.666028499603271484e-01
-6.360038518905639648e-01
-1.676967293024063110e-01
-2.033180147409439087e-01
-2.698992788791656494e-01
-1.918651759624481201e-01
1.557437032461166382e-01
8.166155219078063965e-02
7.299166917800903320e-02
1.775226444005966187e-01
-6.178528666496276855e-01
-5.963577032089233398e-01
-5.949827432632446289e-01
-6.181744933128356934e-01
-3.084839582443237305e-01
-3.240182101726531982e-01
-3.793824315071105957e-01
-3.615079224109649658e-01
-2.717840671539306641e-02
-1.350377798080444336e-01
-2.039136141538619995e-01
-9.110894799232482910e-02
-5.414112806320190430e-01
-5.485078692436218262e-01
-5.311917662620544434e-01
-5.182901620864868164e-01
-3.107473850250244141e-01
-3.456034958362579346e-01
-4.048257768154144287e-01
-3.827231824398040771e-01
-1.397268474102020264e-01
-1.978130787611007690e-01
-3.237183392047882080e-01
-2.797826826572418213e-01
-5.566854476928710938e-01
-5.778796672821044922e-01
-5.548456311225891113e-01
-5.376210212707519531e-01
-4.225336015224456787e-01
-4.008456468582153320e-01
-3.754706084728240967e-01
-3.896178305149078369e-01
-3.290626406669616699e-01
-2.443971931934356689e-01
-2.432602345943450928e-01
-2.998353838920593262e-01
-5.800372362136840820e-01
-5.914831161499023438e-01
-5.608226656913757324e-01
-5.663555264472961426e-01
-4.133558571338653564e-01
-4.096973538398742676e-01
-3.778492808341979980e-01
-3.851459622383117676e-01
-3.233943581581115723e-01
-2.540617883205413818e-01
-2.127396464347839355e-01
-2.852095961570739746e-01
-5.968505144119262695e-01
-6.545519828796386719e-01
-6.743596196174621582e-01
-6.462075114250183105e-01
-3.939529359340667725e-01
-4.818618297576904297e-01
-4.802407324314117432e-01
-4.404545426368713379e-01
-2.509003579616546631e-01
-3.138236701488494873e-01
-2.729161381721496582e-01
-2.398143708705902100e-01
-7.720344066619873047e-01
-7.863461971282958984e-01
-7.886462211608886719e-01
-7.781111001968383789e-01
-5.096089839935302734e-01
-5.635766386985778809e-01
-5.754950046539306641e-01
-4.854524433612823486e-01
-2.258648723363876343e-01
-3.509637713432312012e-01
-3.541630506515502930e-01
-2.253923714160919189e-01
-6.311951875686645508e-01
-6.411393880844116211e-01
-6.803739070892333984e-01
-6.334061622619628906e-01
-2.784977853298187256e-01
-2.968685328960418701e-01
-3.904076814651489258e-01
-3.283704519271850586e-01
5.438914895057678223e-02
6.289377808570861816e-03
-8.263699710369110107e-02
-2.890019118785858154e-02
-6.440015435218811035e-01
-6.254091858863830566e-01
-5.947206020355224609e-01
-6.103774309158325195e-01
-4.577464163303375244e-01
-4.131541550159454346e-01
-3.404349982738494873e-01
-3.766786158084869385e-01
-2.109756469726562500e-01
-2.094302177429199219e-01
-1.706623435020446777e-01
-1.587567776441574097e-01
-5.511566996574401855e-01
-5.310474634170532227e-01
-5.426207184791564941e-01
-5.681099891662597656e-01
-3.564789593219757080e-01
-3.726183772087097168e-01
-3.906252384185791016e-01
-3.836214840412139893e-01
-2.224895209074020386e-01
-2.595432698726654053e-01
-2.971248030662536621e-01
-2.428781837224960327e-01
-5.159872174263000488e-01
-5.223987102508544922e-01
-5.308744907379150391e-01
-5.340490341186523438e-01
-3.716347515583038330e-01
-3.776421844959259033e-01
-3.866249322891235352e-01
-3.933378458023071289e-01
-2.629415690898895264e-01
-2.710646092891693115e-01
-3.099435567855834961e-01
-2.850766181945800781e-01
-5.142351984977722168e-01
-5.187230706214904785e-01
-5.267296433448791504e-01
-5.199105739593505859e-01
-3.926589488983154297e-01
-3.793812394142150879e-01
-4.017738103866577148e-01
-4.179644882678985596e-01
-3.049518465995788574e-01
-2.690003812313079834e-01
-2.774522304534912109e-01
-3.149908185005187988e-01
-5.633051395416259766e-01
-6.077196002006530762e-01
-6.404498815536499023e-01
-5.962735414505004883e-01
-3.885761797428131104e-01
-4.520399570465087891e-01
-4.143425226211547852e-01
-3.687005341053009033e-01
-2.420484870672225952e-01
-2.888828516006469727e-01
-1.885740458965301514e-01
-1.837003082036972046e-01
-7.295328378677368164e-01
-7.318805456161499023e-01
-7.234572172164916992e-01
-7.054907083511352539e-01
-4.710029363632202148e-01
-4.818744361400604248e-01
-4.176962971687316895e-01
-3.500256538391113281e-01
-1.815277040004730225e-01
-2.555296719074249268e-01
-1.374028921127319336e-01
-6.887644529342651367e-02
-6.676212549209594727e-01
-6.658515930175781250e-01
-7.048472762107849121e-01
-6.712017059326171875e-01
-3.150238394737243652e-01
-3.346650898456573486e-01
-3.850003182888031006e-01
-3.398109972476959229e-01
5.338183045387268066e-02
-3.154924511909484863e-02
-7.400286197662353516e-02
-1.048426330089569092e-02
-6.375502347946166992e-01
-6.208073496818542480e-01
-5.907132625579833984e-01
-6.195280551910400391e-01
-4.231628775596618652e-01
-3.832349181175231934e-01
-3.385837078094482422e-01
-3.743124604225158691e-01
-1.824112385511398315e-01
-1.975211799144744873e-01
-1.609188020229339600e-01
-1.529638469219207764e-01
-5.508190989494323730e-01
-5.615657567977905273e-01
-5.407872200012207031e-01
-5.454162359237670898e-01
-3.821522891521453857e-01
-3.948364257812500000e-01
-3.957316875457763672e-01
-3.996053636074066162e-01
-2.222853004932403564e-01
-2.394872009754180908e-01
-2.763106226921081543e-01
-2.758720815181732178e-01
-5.448032617568969727e-01
-5.420289039611816406e-01
-5.399389266967773438e-01
-5.381480455398559570e-01
-3.863158226013183594e-01
-3.843017518520355225e-01
-3.610960543155670166e-01
-3.584538400173187256e-01
-2.655125558376312256e-01
-2.510942518711090088e-01
-2.651280164718627930e-01
-2.603103816509246826e-01
-5.267702341079711914e-01
-5.111932754516601562e-01
-5.020501017570495605e-01
-5.305541753768920898e-01
-3.700178861618041992e-01
-3.629156351089477539e-01
-3.417059779167175293e-01
-3.671190738677978516e-01
-2.660533189773559570e-01
-2.375076711177825928e-01
-2.434986829757690430e-01
-2.493410706520080566e-01
-5.620552301406860352e-01
-6.073975563049316406e-01
-6.647195816040039062e-01
-5.974832773208618164e-01
-3.041182458400726318e-01
-3.320357799530029297e-01
-3.349304795265197754e-01
-3.124490082263946533e-01
-1.556552499532699585e-01
-1.290375888347625732e-01
-6.687915325164794922e-02
-1.025684922933578491e-01
-6.779525279998779297e-01
-6.587102413177490234e-01
-6.448576450347900391e-01
-6.371783018112182617e-01
-3.284628391265869141e-01
-3.128083646297454834e-01
-3.516275286674499512e-01
-3.182224929332733154e-01
-1.049165427684783936e-02
-9.517422318458557129e-02
-1.018666625022888184e-01
-6.730109453201293945e-04
-6.565892696380615234e-01
-7.067764997482299805e-01
-7.409508824348449707e-01
-6.655501127243041992e-01
-2.659384310245513916e-01
-2.700370252132415771e-01
-3.327847123146057129e-01
-3.135911822319030762e-01
4.526382684707641602e-02
5.216409265995025635e-02
-4.249811172485351562e-03
-2.002182602882385254e-02
-6.561218500137329102e-01
-6.200323700904846191e-01
-5.649017095565795898e-01
-5.982091426849365234e-01
-3.710505366325378418e-01
-3.866505324840545654e-01
-3.771210610866546631e-01
-3.628886044025421143e-01
-8.529210090637207031e-02
-1.867256015539169312e-01
-2.205834537744522095e-01
-1.067756712436676025e-01
-5.352916121482849121e-01
-5.334539413452148438e-01
-5.370436310768127441e-01
-5.283285975456237793e-01
-3.901025652885437012e-01
-4.024984836578369141e-01
-4.110142588615417480e-01
-3.886954188346862793e-01
-2.389723062515258789e-01
-2.675862312316894531e-01
-2.888177633285522461e-01
-2.660283744335174561e-01
-5.278948545455932617e-01
-5.267915129661560059e-01
-5.253548622131347656e-01
-5.323407649993896484e-01
-3.991882801055908203e-01
-3.628742098808288574e-01
-3.683508336544036865e-01
-3.946402370929718018e-01
-2.855013310909271240e-01
-2.576020061969757080e-01
-2.654531002044677734e-01
-2.844932675361633301e-01
-5.150859355926513672e-01
-5.361420512199401855e-01
-5.425640940666198730e-01
-5.323841571807861328e-01
-3.839790225028991699e-01
-3.880362510681152344e-01
-3.861860632896423340e-01
-3.959816694259643555e-01
-2.958613634109497070e-01
-2.669318318367004395e-01
-2.248654365539550781e-01
-2.855045199394226074e-01
-5.574972033500671387e-01
-5.866004228591918945e-01
-6.262742280960083008e-01
-5.813398361206054688e-01
-3.107125461101531982e-01
-2.957527041435241699e-01
-3.684974908828735352e-01
-4.277258515357971191e-01
-1.393992900848388672e-01
-9.353299438953399658e-02
-1.198054775595664978e-01
-2.169260382652282715e-01
-6.516371965408325195e-01
-6.065645813941955566e-01
-6.062700748443603516e-01
-6.463718414306640625e-01
-3.436380922794342041e-01
-2.805778384208679199e-01
-2.643270194530487061e-01
-2.791527807712554932e-01
-1.939824223518371582e-02
-2.913753688335418701e-02
2.858103811740875244e-02
5.000858008861541748e-02
-6.156364679336547852e-01
-6.197455525398254395e-01
-6.671060919761657715e-01
-6.299335360527038574e-01
-2.728763818740844727e-01
-2.804628908634185791e-01
-3.446885645389556885e-01
-3.264718353748321533e-01
1.875187456607818604e-02
-1.813353598117828369e-02
-8.576883375644683838e-02
-4.593977332115173340e-02
-6.405984163284301758e-01
-6.150446534156799316e-01
-5.711724758148193359e-01
-5.966687202453613281e-01
-4.221850037574768066e-01
-3.977854251861572266e-01
-3.286791145801544189e-01
-3.401593565940856934e-01
-1.805649697780609131e-01
-1.936335712671279907e-01
-1.591236144304275513e-01
-1.205215603113174438e-01
-5.540621876716613770e-01
-5.468610525131225586e-01
-5.294418334960937500e-01
-5.399856567382812500e-01
-3.636625111103057861e-01
-3.793027400970458984e-01
-3.897933363914489746e-01
-3.681818842887878418e-01
-2.428708523511886597e-01
-2.632237076759338379e-01
-2.699207961559295654e-01
-2.468399852514266968e-01
-5.220255255699157715e-01
-5.339376330375671387e-01
-5.325628519058227539e-01
-5.328557491302490234e-01
-3.838036656379699707e-01
-3.832460641860961914e-01
-3.882975280284881592e-01
-3.857455849647521973e-01
-2.823285758495330811e-01
-2.716190516948699951e-01
-2.736659049987792969e-01
-2.819511890411376953e-01
-5.270406007766723633e-01
-5.231621265411376953e-01
-5.075308680534362793e-01
-5.319461822509765625e-01
-3.885597884654998779e-01
-3.949874043464660645e-01
-3.850516676902770996e-01
-3.778366148471832275e-01
-2.601185441017150879e-01
-2.839163243770599365e-01
-2.672700583934783936e-01
-2.656886577606201172e-01
-5.440284013748168945e-01
-5.661978721618652344e-01
-6.249884366989135742e-01
-5.828697085380554199e-01
-3.677766919136047363e-01
-3.389552831649780273e-01
-3.337074518203735352e-01
-3.685915172100067139e-01
-2.359067052602767944e-01
-1.350941807031631470e-01
-1.031291931867599487e-01
-1.937487870454788208e-01
-7.023350000381469727e-01
-6.781232357025146484e-01
-6.557859182357788086e-01
-6.707211732864379883e-01
-3.583624958992004395e-01
-2.637878060340881348e-01
-2.302971035242080688e-01
-2.799754142761230469e-01
-6.151212751865386963e-02
3.030660748481750488e-02
6.361450254917144775e-02
-1.966044306755065918e-03
-5.903681516647338867e-01
-6.077035665512084961e-01
-6.476713418960571289e-01
-6.186596155166625977e-01
-2.660607397556304932e-01
-3.027881681919097900e-01
-3.409995436668395996e-01
-2.470456361770629883e-01
1.179344058036804199e-01
-4.775196313858032227e-03
-3.621847927570343018e-02
1.057650297880172729e-01
-6.512217521667480469e-01
-6.165588498115539551e-01
-6.123237609863281250e-01
-6.465395689010620117e-01
-4.135213494300842285e-01
-3.949410319328308105e-01
-3.526164293289184570e-01
-3.703164756298065186e-01
-1.413361430168151855e-01
-1.893647313117980957e-01
-1.916714310646057129e-01
-1.160369813442230225e-01
-5.561332702636718750e-01
-5.446245074272155762e-01
-5.307680964469909668e-01
-5.482311248779296875e-01
-3.780137598514556885e-01
-3.991003632545471191e-01
-3.984113931655883789e-01
-4.013966917991638184e-01
-2.204702198505401611e-01
-2.584381103515625000e-01
-3.042620122432708740e-01
-2.811498641967773438e-01
-5.328876972198486328e-01
-5.318275094032287598e-01
-5.161685943603515625e-01
-5.169724225997924805e-01
-3.952807784080505371e-01
-3.895236253738403320e-01
-3.725121915340423584e-01
-3.885756731033325195e-01
-2.834338247776031494e-01
-2.808724045753479004e-01
-2.760531902313232422e-01
-2.717914581298828125e-01
-5.373653173446655273e-01
-5.420467853546142578e-01
-5.381364822387695312e-01
-5.334190726280212402e-01
-3.839229941368103027e-01
-3.834720551967620850e-01
-3.908193707466125488e-01
-3.839983940124511719e-01
-3.005324006080627441e-01
-2.619380950927734375e-01
-2.608669102191925049e-01
-2.821834087371826172e-01
-5.609005093574523926e-01
-5.872886776924133301e-01
-6.316186189651489258e-01
-5.984061956405639648e-01
-3.576979637145996094e-01
-3.938270211219787598e-01
-4.516012668609619141e-01
-4.127918183803558350e-01
-1.873328387737274170e-01
-1.825925111770629883e-01
-2.561494708061218262e-01
-2.655596733093261719e-01
-6.808950304985046387e-01
-6.340422630310058594e-01
-6.362012028694152832e-01
-6.474049091339111328e-01
-4.325892329216003418e-01
-3.420700728893280029e-01
-3.567915558815002441e-01
-3.875964879989624023e-01
-1.175868213176727295e-01
-7.144528627395629883e-02
-1.165759414434432983e-01
-1.374862194061279297e-01
-5.608499050140380859e-01
-6.199992895126342773e-01
-6.463853120803833008e-01
-5.908449888229370117e-01
-4.446437954902648926e-02
-2.150469422340393066e-01
-2.503305375576019287e-01
-6.519186496734619141e-02
3.683500587940216064e-01
1.735804527997970581e-01
8.284825086593627930e-02
3.354952931404113770e-01
-6.139254570007324219e-01
-6.131894588470458984e-01
-5.874342918395996094e-01
-5.779365897178649902e-01
-3.094787895679473877e-01
-3.697105050086975098e-01
-3.959631621837615967e-01
-3.217460513114929199e-01
1.320037245750427246e-02
-1.148185878992080688e-01
-2.243662625551223755e-01
-9.007909893989562988e-02
-5.528314113616943359e-01
-5.498428344726562500e-01
-5.470210909843444824e-01
-5.491415262222290039e-01
-3.776778876781463623e-01
-4.305915236473083496e-01
-4.445099830627441406e-01
-3.936502933502197266e-01
-1.946342438459396362e-01
-3.266087770462036133e-01
-3.753472864627838135e-01
-2.312785089015960693e-01
-5.518808364868164062e-01
-5.389620661735534668e-01
-5.433920621871948242e-01
-5.419148802757263184e-01
-4.126218259334564209e-01
-4.208182096481323242e-01
-4.174726605415344238e-01
-3.930420875549316406e-01
-3.313399851322174072e-01
-3.241549432277679443e-01
-3.335125744342803955e-01
-3.003331124782562256e-01
-5.426445007324218750e-01
-5.209358930587768555e-01
-5.217097997665405273e-01
-5.408736467361450195e-01
-4.180847108364105225e-01
-3.953838348388671875e-01
-3.842074275016784668e-01
-4.046891033649444580e-01
-3.317432403564453125e-01
-2.906427979469299316e-01
-3.225411772727966309e-01
-3.640704154968261719e-01
-5.762265324592590332e-01
-6.001052856445312500e-01
-6.404397487640380859e-01
-6.378335952758789062e-01
-4.060597717761993408e-01
-3.861167728900909424e-01
-4.224432706832885742e-01
-4.615229964256286621e-01
-2.973893880844116211e-01
-2.319773882627487183e-01
-2.519906759262084961e-01
-3.055630326271057129e-01
-7.119544744491577148e-01
-6.926763057708740234e-01
-6.954022645950317383e-01
-7.086872458457946777e-01
-4.641874134540557861e-01
-4.049347043037414551e-01
-4.129625260829925537e-01
-4.221048653125762939e-01
-2.437307834625244141e-01
-1.577068567276000977e-01
-2.157398164272308350e-01
-2.712819874286651611e-01
