9.193065762519836426e-02
8.190937340259552002e-02
9.758879244327545166e-02
1.042607277631759644e-01
-7.723503559827804565e-02
-9.182624518871307373e-02
-1.132392138242721558e-01
-1.275763809680938721e-01
-2.831425666809082031e-01
-2.500858306884765625e-01
-3.228000998497009277e-01
-3.829641640186309814e-01
5.383759737014770508e-02
1.446975767612457275e-02
2.128426730632781982e-02
5.024166405200958252e-02
-1.417311429977416992e-01
-1.289107799530029297e-01
-1.100916266441345215e-01
-1.186502575874328613e-01
-3.071281611919403076e-01
-2.068961560726165771e-01
-2.239356040954589844e-01
-2.902903556823730469e-01
-2.372658252716064453e-02
-1.756756007671356201e-02
-2.649541199207305908e-02
-2.117812633514404297e-02
-1.253344416618347168e-01
-1.090456619858741760e-01
-4.994440078735351562e-02
-5.264562368392944336e-02
-2.343044281005859375e-01
-2.157020866870880127e-01
-8.688552677631378174e-02
-9.196386486291885376e-02
4.188120365142822266e-04
4.461094737052917480e-03
-1.241701841354370117e-02
-9.963274002075195312e-03
-5.351351201534271240e-02
-7.672374695539474487e-02
-7.564565539360046387e-02
-6.563040614128112793e-02
-1.036916226148605347e-01
-1.616008132696151733e-01
-1.191749870777130127e-01
-7.567249238491058350e-02
-3.013841807842254639e-02
-2.564276754856109619e-02
-4.299844801425933838e-02
-3.173185884952545166e-02
-6.117094308137893677e-02
-6.249946355819702148e-02
-9.488093107938766479e-02
-8.420163393020629883e-02
-8.191351592540740967e-02
-1.087599694728851318e-01
-1.471702307462692261e-01
-1.260745376348495483e-01
-8.295118808746337891e-03
1.069682836532592773e-02
3.634832799434661865e-02
2.922795712947845459e-02
-1.169135570526123047e-01
-1.139846518635749817e-01
-7.954752445220947266e-02
-6.892640143632888794e-02
-1.654711961746215820e-01
-1.936351209878921509e-01
-1.902004182338714600e-01
-1.506206244230270386e-01
9.548646211624145508e-02
8.910353481769561768e-02
1.101920902729034424e-01
1.135220378637313843e-01
-6.248268485069274902e-02
-7.086757570505142212e-02
-5.938359349966049194e-02
-6.964923441410064697e-02
-2.270468920469284058e-01
-1.939673274755477905e-01
-2.109768390655517578e-01
-2.524060010910034180e-01
9.120640158653259277e-02
1.128020733594894409e-01
1.330192685127258301e-01
9.717428684234619141e-02
-1.379815042018890381e-01
-9.498057514429092407e-02
-5.657753348350524902e-02
-1.365879625082015991e-01
-4.162052869796752930e-01
-3.085094690322875977e-01
-2.870059311389923096e-01
-3.939858078956604004e-01
1.091438084840774536e-01
8.491174876689910889e-02
5.922015011310577393e-02
7.333280146121978760e-02
-5.835992097854614258e-02
-6.967777013778686523e-02
-8.655456453561782837e-02
-9.652181714773178101e-02
-2.363532185554504395e-01
-1.850936263799667358e-01
-1.842726618051528931e-01
-2.490165531635284424e-01
-1.198607683181762695e-02
-9.921237826347351074e-03
-2.107484638690948486e-02
-2.841800451278686523e-03
-5.972856283187866211e-02
-6.141277402639389038e-02
-6.849224865436553955e-02
-6.457705795764923096e-02
-1.353209763765335083e-01
-1.211511343717575073e-01
-9.368870407342910767e-02
-1.210077106952667236e-01
-3.365601599216461182e-02
-3.014095127582550049e-02
-3.062272071838378906e-02
-2.938854694366455078e-02
-9.714534878730773926e-02
-1.041748970746994019e-01
-8.849396556615829468e-02
-7.594504207372665405e-02
-1.170670241117477417e-01
-1.530998051166534424e-01
-1.097738444805145264e-01
-7.811351120471954346e-02
-3.104601800441741943e-02
-2.823942899703979492e-02
-2.160400152206420898e-02
-1.977977156639099121e-02
-8.689250051975250244e-02
-6.660191714763641357e-02
-8.157676458358764648e-02
-8.544768393039703369e-02
-1.193944811820983887e-01
-1.125905215740203857e-01
-1.356729716062545776e-01
-1.296668648719787598e-01
1.156987249851226807e-02
2.891376614570617676e-02
4.999069869518280029e-02
3.037171065807342529e-02
-8.961462229490280151e-02
-5.965866148471832275e-02
-4.504318535327911377e-02
-6.431884318590164185e-02
-1.634491533041000366e-01
-1.580169796943664551e-01
-1.582879573106765747e-01
-1.433705687522888184e-01
1.139997541904449463e-01
1.091709136962890625e-01
1.296574622392654419e-01
1.250447928905487061e-01
-2.244995534420013428e-02
-6.955274194478988647e-02
-4.236223548650741577e-02
-2.789957821369171143e-02
-1.974775642156600952e-01
-2.275190055370330811e-01
-2.551649808883666992e-01
-2.180348634719848633e-01
4.528610408306121826e-02
7.752756774425506592e-02
1.153528392314910889e-01
6.320580840110778809e-02
-1.791585683822631836e-01
-1.605048328638076782e-01
-1.036641001701354980e-01
-1.654267758131027222e-01
-4.284627437591552734e-01
-4.047793149948120117e-01
-3.409847319126129150e-01
-3.928279280662536621e-01
1.006858795881271362e-01
7.557389140129089355e-02
5.502508580684661865e-02
7.846218347549438477e-02
-6.436862051486968994e-02
-7.560058683156967163e-02
-9.460976719856262207e-02
-8.833686262369155884e-02
-2.183098942041397095e-01
-1.827080696821212769e-01
-2.021597027778625488e-01
-2.572377920150756836e-01
-2.134025096893310547e-03
-8.252277970314025879e-03
-3.250969946384429932e-02
-1.469723880290985107e-02
-4.749923199415206909e-02
-4.998417943716049194e-02
-5.757975578308105469e-02
-6.834568083286285400e-02
-1.137811392545700073e-01
-9.666937589645385742e-02
-8.211952447891235352e-02
-1.098715364933013916e-01
-4.859332740306854248e-02
-4.741462320089340210e-02
-4.668114334344863892e-02
-4.015956073999404907e-02
-7.211812585592269897e-02
-9.467487037181854248e-02
-7.870988547801971436e-02
-5.661815404891967773e-02
-6.619209051132202148e-02
-1.099101454019546509e-01
-7.751508057117462158e-02
-5.281040072441101074e-02
-2.544458210468292236e-02
-1.700046658515930176e-02
-7.924184203147888184e-03
-1.138833165168762207e-02
-8.407256007194519043e-02
-8.028726279735565186e-02
-7.203051447868347168e-02
-7.164281606674194336e-02
-9.183986485004425049e-02
-1.138404756784439087e-01
-1.123633533716201782e-01
-1.122632920742034912e-01
2.311952412128448486e-02
4.305557906627655029e-02
6.560397148132324219e-02
4.191397130489349365e-02
-1.013435944914817810e-01
-7.025432586669921875e-02
-5.037862062454223633e-02
-7.177180051803588867e-02
-1.684042513370513916e-01
-1.628110110759735107e-01
-1.680166274309158325e-01
-1.506978124380111694e-01
9.587953984737396240e-02
1.064781248569488525e-01
1.142471581697463989e-01
8.914890885353088379e-02
-4.810159653425216675e-02
-8.259040117263793945e-02
-8.230939507484436035e-02
-6.497892737388610840e-02
-2.113331258296966553e-01
-2.508319616317749023e-01
-2.971642017364501953e-01
-2.577346563339233398e-01
4.445232450962066650e-02
6.585438549518585205e-02
1.106201261281967163e-01
6.916472315788269043e-02
-1.817152500152587891e-01
-1.916252672672271729e-01
-9.505249559879302979e-02
-1.087627187371253967e-01
-3.668926954269409180e-01
-4.023382067680358887e-01
-3.073256611824035645e-01
-2.937746047973632812e-01
1.064526140689849854e-01
7.362656295299530029e-02
4.386204481124877930e-02
5.667456984519958496e-02
-4.336985945701599121e-02
-8.456656336784362793e-02
-1.172798424959182739e-01
-9.122520685195922852e-02
-2.191764265298843384e-01
-2.214616835117340088e-01
-2.185566574335098267e-01
-2.287026643753051758e-01
-8.406832814216613770e-03
-1.601701974868774414e-02
-2.774114906787872314e-02
-9.806647896766662598e-03
-7.420785725116729736e-02
-6.188836693763732910e-02
-7.276492565870285034e-02
-7.969255745410919189e-02
-1.250251084566116333e-01
-9.987489879131317139e-02
-1.010478511452674866e-01
-1.381121575832366943e-01
-4.642087221145629883e-02
-4.046347737312316895e-02
-3.356516361236572266e-02
-2.854776382446289062e-02
-7.975351065397262573e-02
-6.682155281305313110e-02
-5.212607234716415405e-02
-5.304861068725585938e-02
-8.265595883131027222e-02
-7.408069074153900146e-02
-6.044648587703704834e-02
-8.248029649257659912e-02
-8.457869291305541992e-03
3.640219569206237793e-03
1.174460351467132568e-02
7.660537958145141602e-03
-5.382235348224639893e-02
-4.529397934675216675e-02
-4.312001168727874756e-02
-4.262050986289978027e-02
-8.289887011051177979e-02
-9.799648076295852661e-02
-9.976904094219207764e-02
-7.521554827690124512e-02
3.459280729293823242e-02
3.733462095260620117e-02
6.018744409084320068e-02
5.261649191379547119e-02
-6.741422414779663086e-02
-7.240785658359527588e-02
-5.692209303379058838e-02
-2.832579612731933594e-02
-1.556902676820755005e-01
-1.572569012641906738e-01
-1.520820707082748413e-01
-1.228965520858764648e-01
8.057695627212524414e-02
7.266518473625183105e-02
9.551753103733062744e-02
9.084111452102661133e-02
-9.063221514225006104e-02
-1.051772683858871460e-01
-8.488845080137252808e-02
-8.885313570499420166e-02
-2.499513328075408936e-01
-2.914702892303466797e-01
-2.965041399002075195e-01
-2.695409655570983887e-01
8.664679527282714844e-02
8.370941877365112305e-02
1.334658414125442505e-01
1.160712540149688721e-01
-9.780283272266387939e-02
-1.020013466477394104e-01
-3.599061071872711182e-02
-3.813394159078598022e-02
-3.075174093246459961e-01
-3.125444948673248291e-01
-2.068539559841156006e-01
-2.024535387754440308e-01
7.941330969333648682e-02
3.933735191822052002e-02
6.095275282859802246e-03
3.850294649600982666e-02
-5.115935206413269043e-02
-7.847301661968231201e-02
-9.170667082071304321e-02
-7.250387966632843018e-02
-2.036027610301971436e-01
-1.818841397762298584e-01
-1.674832403659820557e-01
-1.857587397098541260e-01
-2.654638886451721191e-02
-3.123696148395538330e-02
-5.072665214538574219e-02
-4.044866561889648438e-02
-5.913336575031280518e-02
-7.422725111246109009e-02
-9.938342124223709106e-02
-8.914664387702941895e-02
-8.735728263854980469e-02
-1.012222915887832642e-01
-1.190537437796592712e-01
-1.211268082261085510e-01
-4.407051205635070801e-02
-3.691276907920837402e-02
-3.852067887783050537e-02
-4.832793772220611572e-02
-7.467804104089736938e-02
-6.684458255767822266e-02
-7.720050960779190063e-02
-9.490809589624404907e-02
-7.775487005710601807e-02
-7.583379745483398438e-02
-9.102386236190795898e-02
-1.098989844322204590e-01
-1.303167641162872314e-02
-7.991433143615722656e-03
-4.820317029953002930e-03
-5.275577306747436523e-03
-6.907754391431808472e-02
-5.735019594430923462e-02
-4.664783924818038940e-02
-5.336515605449676514e-02
-8.852197974920272827e-02
-9.301847964525222778e-02
-8.325672894716262817e-02
-7.777830958366394043e-02
2.791176736354827881e-02
4.033848643302917480e-02
7.693253457546234131e-02
5.478022992610931396e-02
-6.911113858222961426e-02
-4.962471127510070801e-02
-2.587316930294036865e-02
-3.546526283025741577e-02
-1.462522149085998535e-01
-1.592721492052078247e-01
-1.417513489723205566e-01
-1.188486292958259583e-01
9.675253927707672119e-02
8.302493393421173096e-02
9.637735784053802490e-02
9.683173894882202148e-02
-5.088554322719573975e-02
-1.147318780422210693e-01
-1.059363484382629395e-01
-5.619017034769058228e-02
-2.082356661558151245e-01
-2.884976863861083984e-01
-2.977801561355590820e-01
-2.253579795360565186e-01
9.573094546794891357e-02
1.152037680149078369e-01
1.209613978862762451e-01
1.015774607658386230e-01
-7.795420289039611816e-02
-8.627539128065109253e-02
-6.726993620395660400e-02
-7.049229741096496582e-02
-3.034424781799316406e-01
-2.789556980133056641e-01
-2.515872716903686523e-01
-2.791388630867004395e-01
1.026941090822219849e-01
5.816267430782318115e-02
3.777839243412017822e-02
7.686340808868408203e-02
-6.352488696575164795e-02
-6.047082692384719849e-02
-8.645785599946975708e-02
-8.136548101902008057e-02
-2.052543461322784424e-01
-1.710162162780761719e-01
-1.783943921327590942e-01
-2.214967012405395508e-01
-1.337777078151702881e-02
-2.198369801044464111e-02
-2.859599888324737549e-02
-1.018998026847839355e-02
-7.586311548948287964e-02
-6.931192427873611450e-02
-8.947514742612838745e-02
-7.488159090280532837e-02
-1.421564221382141113e-01
-9.919941425323486328e-02
-9.202890098094940186e-02
-1.378180980682373047e-01
-4.104183614253997803e-02
-4.742276668548583984e-02
-4.188340902328491211e-02
-3.261026740074157715e-02
-9.469170868396759033e-02
-9.828171133995056152e-02
-6.797844171524047852e-02
-7.555013895034790039e-02
-1.220973506569862366e-01
-9.975982457399368286e-02
-7.135522365570068359e-02
-9.527477622032165527e-02
-4.128390550613403320e-02
-2.757361531257629395e-02
-2.417284250259399414e-02
-2.686198055744171143e-02
-7.867343723773956299e-02
-7.529117912054061890e-02
-5.712214857339859009e-02
-6.456808745861053467e-02
-8.121310174465179443e-02
-1.116783246397972107e-01
-9.754337370395660400e-02
-7.799275219440460205e-02
2.246636152267456055e-02
4.191266000270843506e-02
7.237584888935089111e-02
5.519253015518188477e-02
-6.689305603504180908e-02
-6.533253192901611328e-02
-4.293404519557952881e-02
-4.492481052875518799e-02
-1.346794664859771729e-01
-1.669792383909225464e-01
-1.728382706642150879e-01
-1.292013078927993774e-01
1.142684221267700195e-01
1.081303805112838745e-01
1.334646195173263550e-01
1.247620880603790283e-01
-4.182299971580505371e-02
-6.336008012294769287e-02
-5.846446752548217773e-02
-5.799940973520278931e-02
-2.235109806060791016e-01
-2.540909647941589355e-01
-2.889575362205505371e-01
-2.547155320644378662e-01
1.789653301239013672e-02
4.830817878246307373e-02
6.328113377094268799e-02
2.797974646091461182e-02
-1.518104672431945801e-01
-9.931899607181549072e-02
-9.748362004756927490e-02
-1.788671761751174927e-01
-3.443104624748229980e-01
-2.800368666648864746e-01
-2.533665299415588379e-01
-3.422283828258514404e-01
6.345801055431365967e-02
5.782945454120635986e-02
2.738429605960845947e-02
1.952061057090759277e-02
-5.406366288661956787e-02
-7.763049751520156860e-02
-1.143730431795120239e-01
-1.103927791118621826e-01
-2.049467861652374268e-01
-2.067759782075881958e-01
-1.942111700773239136e-01
-2.197553366422653198e-01
-4.714488983154296875e-03
-6.530851125717163086e-03
-1.927900314331054688e-02
-1.353497803211212158e-02
-9.613544493913650513e-02
-6.556150317192077637e-02
-7.484954595565795898e-02
-9.922022372484207153e-02
-1.315155327320098877e-01
-1.072909459471702576e-01
-8.840177208185195923e-02
-1.363247185945510864e-01
-2.439300715923309326e-02
-2.264966070652008057e-02
-1.265561580657958984e-02
-8.326426148414611816e-03
-7.809970527887344360e-02
-6.601554155349731445e-02
-4.056939482688903809e-02
-5.897054821252822876e-02
-1.116800382733345032e-01
-9.956413507461547852e-02
-5.585091561079025269e-02
-8.975413441658020020e-02
-9.712263941764831543e-03
-1.949639618396759033e-02
-7.507845759391784668e-03
4.898071289062500000e-03
-6.037245690822601318e-02
-4.789926111698150635e-02
-4.738556593656539917e-02
-6.243968009948730469e-02
-7.865633070468902588e-02
-7.032892107963562012e-02
-7.848177850246429443e-02
-9.800158441066741943e-02
2.170176804065704346e-02
3.852230310440063477e-02
5.146495997905731201e-02
4.145959019660949707e-02
-6.453822553157806396e-02
-6.390090286731719971e-02
-6.767980754375457764e-02
-4.906937479972839355e-02
-1.126587837934494019e-01
-1.664558053016662598e-01
-1.663916856050491333e-01
-1.188238114118576050e-01
1.080871224403381348e-01
1.196530312299728394e-01
1.194651871919631958e-01
1.160917878150939941e-01
-4.010006785392761230e-02
-7.348760217428207397e-02
-8.162306249141693115e-02
-6.831300258636474609e-02
-1.932192742824554443e-01
-2.773734927177429199e-01
-2.826956510543823242e-01
-2.300272434949874878e-01
