-9.497272968292236328e-01
-9.662250280380249023e-01
-1.155282378196716309e+00
-1.122147083282470703e+00
5.386654138565063477e-01
5.502718687057495117e-01
5.301322340965270996e-01
5.906243324279785156e-01
1.617008447647094727e+00
1.566740274429321289e+00
1.927446842193603516e+00
2.026547670364379883e+00
-1.154867172241210938e+00
-9.393672943115234375e-01
-9.705021381378173828e-01
-1.037374019622802734e+00
3.763732314109802246e-01
2.277651131153106689e-01
3.316310644149780273e-01
6.444322466850280762e-01
1.712135314941406250e+00
8.424223661422729492e-01
1.083939552307128906e+00
1.973202466964721680e+00
-8.700132966041564941e-01
-1.068155527114868164e+00
-1.082564592361450195e+00
-9.357064962387084961e-01
1.559320688247680664e-01
-2.074172198772430420e-01
-3.620441854000091553e-01
-9.215328097343444824e-02
9.507745504379272461e-01
3.542718291282653809e-01
6.429074704647064209e-02
6.062258481979370117e-01
-1.339914917945861816e+00
-1.522617578506469727e+00
-1.421747922897338867e+00
-1.215563416481018066e+00
-4.087029099464416504e-01
-5.722537636756896973e-01
-5.801327824592590332e-01
-3.437948822975158691e-01
2.166681289672851562e-01
1.607557535171508789e-01
1.301783621311187744e-01
2.982895970344543457e-01
-1.444562673568725586e+00
-1.423815727233886719e+00
-1.201899051666259766e+00
-1.234080791473388672e+00
-6.586728692054748535e-01
-5.750625133514404297e-01
-1.193362474441528320e-01
-2.211147248744964600e-01
-3.357529640197753906e-02
9.800325334072113037e-02
6.796920895576477051e-01
5.757328867912292480e-01
-9.529846906661987305e-01
-9.480109214782714844e-01
-9.250938892364501953e-01
-1.059599995613098145e+00
-1.515948772430419922e-02
1.020865142345428467e-01
3.702799081802368164e-01
1.577018797397613525e-01
6.879972219467163086e-01
8.448644876480102539e-01
1.299671173095703125e+00
1.162977576255798340e+00
-8.304280638694763184e-01
-7.705510854721069336e-01
-8.251200914382934570e-01
-9.118995666503906250e-01
6.323779225349426270e-01
5.121773481369018555e-01
6.974311470985412598e-01
8.571013212203979492e-01
1.665933132171630859e+00
1.380437493324279785e+00
1.968633890151977539e+00
2.289979934692382812e+00
-1.047280788421630859e+00
-1.187502384185791016e+00
-1.355122208595275879e+00
-1.155604839324951172e+00
3.717296421527862549e-01
3.834950625896453857e-01
1.923430263996124268e-01
3.144183158874511719e-01
1.756298422813415527e+00
1.789624214172363281e+00
1.730592012405395508e+00
1.588072061538696289e+00
-1.398367404937744141e+00
-1.296368122100830078e+00
-1.191350340843200684e+00
-1.234151005744934082e+00
7.286399602890014648e-02
2.456301003694534302e-01
2.809104025363922119e-01
2.437080740928649902e-01
1.517032742500305176e+00
1.364907741546630859e+00
1.308522701263427734e+00
1.548720479011535645e+00
-8.187893629074096680e-01
-8.429443836212158203e-01
-8.102073073387145996e-01
-8.331329822540283203e-01
2.122468054294586182e-01
8.628557622432708740e-02
3.154298663139343262e-02
7.868036627769470215e-02
1.041471958160400391e+00
8.619979023933410645e-01
5.706313848495483398e-01
8.488527536392211914e-01
-9.073023796081542969e-01
-1.019865751266479492e+00
-1.025468707084655762e+00
-9.659550786018371582e-01
1.099120676517486572e-01
6.343236565589904785e-02
4.260490834712982178e-02
1.290257126092910767e-01
7.978537678718566895e-01
8.293046355247497559e-01
7.271175384521484375e-01
8.237581253051757812e-01
-1.052043557167053223e+00
-1.002211809158325195e+00
-1.001021146774291992e+00
-1.022819757461547852e+00
-7.456463575363159180e-02
1.714920997619628906e-02
6.104789674282073975e-02
-3.719699382781982422e-02
5.916237831115722656e-01
8.632492423057556152e-01
9.214632511138916016e-01
6.986226439476013184e-01
-1.023899078369140625e+00
-1.079850196838378906e+00
-1.241226553916931152e+00
-1.209634780883789062e+00
5.420096218585968018e-02
9.249535202980041504e-02
2.188535034656524658e-02
-7.535904645919799805e-02
8.717013597488403320e-01
1.159695148468017578e+00
1.344332933425903320e+00
9.692603349685668945e-01
-1.379861354827880859e+00
-1.177993297576904297e+00
-1.272839188575744629e+00
-1.338114261627197266e+00
1.560873687267303467e-01
4.258125126361846924e-01
4.675648510456085205e-01
3.966007828712463379e-01
1.666178822517395020e+00
1.682460069656372070e+00
2.038990497589111328e+00
1.981266021728515625e+00
-1.196497917175292969e+00
-1.299927473068237305e+00
-1.543434739112854004e+00
-1.353803634643554688e+00
4.330668747425079346e-01
2.749355435371398926e-01
-3.972730040550231934e-02
1.076466441154479980e-01
1.838086247444152832e+00
1.690087914466857910e+00
1.471481323242187500e+00
1.459773540496826172e+00
-1.437050104141235352e+00
-1.283664226531982422e+00
-1.179146528244018555e+00
-1.348314642906188965e+00
-1.720127463340759277e-02
1.769184768199920654e-01
1.520949453115463257e-01
-2.673330903053283691e-02
1.400444030761718750e+00
1.344605207443237305e+00
1.164715647697448730e+00
1.124340415000915527e+00
-9.117136001586914062e-01
-9.055148959159851074e-01
-8.517566323280334473e-01
-9.053187966346740723e-01
6.295919418334960938e-03
-5.412250757217407227e-03
3.614859282970428467e-02
-3.702926635742187500e-02
8.866772651672363281e-01
7.761274576187133789e-01
7.130924463272094727e-01
8.262870311737060547e-01
-9.297104477882385254e-01
-9.213182926177978516e-01
-9.850338697433471680e-01
-9.461616277694702148e-01
7.643535733222961426e-02
1.178743243217468262e-01
8.090466260910034180e-03
4.586091637611389160e-02
8.708119392395019531e-01
9.990423917770385742e-01
8.355227112770080566e-01
8.041056394577026367e-01
-9.321877956390380859e-01
-9.084796905517578125e-01
-9.251027107238769531e-01
-9.346668720245361328e-01
-3.162389993667602539e-02
3.713703155517578125e-02
1.012589931488037109e-01
1.762780547142028809e-02
7.136507630348205566e-01
9.120361208915710449e-01
1.036006450653076172e+00
8.368303775787353516e-01
-1.097770214080810547e+00
-1.271976232528686523e+00
-1.451625823974609375e+00
-1.287416458129882812e+00
-2.517223358154296875e-03
-4.873397946357727051e-02
-3.981588780879974365e-02
-6.025823950767517090e-02
9.267661571502685547e-01
1.129282355308532715e+00
1.341778993606567383e+00
1.036362051963806152e+00
-1.703630447387695312e+00
-1.578690528869628906e+00
-1.585589885711669922e+00
-1.572986483573913574e+00
8.042976260185241699e-02
3.163419365882873535e-01
3.086044788360595703e-01
1.612320542335510254e-01
1.697651624679565430e+00
1.881196498870849609e+00
2.043254137039184570e+00
1.764962553977966309e+00
-1.185442805290222168e+00
-1.367997050285339355e+00
-1.467727899551391602e+00
-1.196572065353393555e+00
4.533852934837341309e-01
3.494811058044433594e-01
1.305690258741378784e-01
2.668621540069580078e-01
1.889128446578979492e+00
1.682571887969970703e+00
1.492873191833496094e+00
1.607946515083312988e+00
-1.443536281585693359e+00
-1.295633554458618164e+00
-1.184728384017944336e+00
-1.215247869491577148e+00
2.947811782360076904e-02
8.292932808399200439e-02
1.165876090526580811e-01
6.356289982795715332e-02
1.397753953933715820e+00
1.217113137245178223e+00
1.160071611404418945e+00
1.325546860694885254e+00
-1.058941602706909180e+00
-1.041192650794982910e+00
-1.065876483917236328e+00
-1.055798888206481934e+00
-3.235995769500732422e-03
-1.328388750553131104e-01
-1.751598715782165527e-02
5.568376183509826660e-02
9.020622968673706055e-01
7.317380905151367188e-01
8.585823774337768555e-01
1.000916481018066406e+00
-1.048745632171630859e+00
-1.031510353088378906e+00
-1.044902086257934570e+00
-1.104155778884887695e+00
7.599323987960815430e-03
3.506425023078918457e-02
-1.724943518638610840e-02
-3.515586256980895996e-02
9.404902458190917969e-01
9.563320875167846680e-01
8.026327490806579590e-01
8.632063269615173340e-01
-9.109734892845153809e-01
-9.439072012901306152e-01
-9.255636334419250488e-01
-9.312497377395629883e-01
6.243224442005157471e-02
1.229104399681091309e-02
3.150558471679687500e-02
8.034715056419372559e-02
9.294618964195251465e-01
8.197520971298217773e-01
7.900747656822204590e-01
8.523811697959899902e-01
-9.501656293869018555e-01
-1.175482749938964844e+00
-1.253830432891845703e+00
-1.015762209892272949e+00
2.226276099681854248e-01
3.636506199836730957e-02
-6.805631518363952637e-02
-5.489170551300048828e-03
1.099014520645141602e+00
1.088619589805603027e+00
1.107977867126464844e+00
1.026950716972351074e+00
-1.446869492530822754e+00
-1.378452777862548828e+00
-1.369192242622375488e+00
-1.336508154869079590e+00
1.672217696905136108e-01
4.257082343101501465e-01
4.848607778549194336e-01
3.249003291130065918e-01
1.456822037696838379e+00
1.798830986022949219e+00
2.027015686035156250e+00
1.795983791351318359e+00
-8.627717494964599609e-01
-9.675233364105224609e-01
-1.151615858078002930e+00
-9.782522320747375488e-01
7.013242244720458984e-01
4.468463659286499023e-01
2.211035639047622681e-01
5.619655847549438477e-01
2.008984804153442383e+00
1.662395358085632324e+00
1.434895038604736328e+00
1.823916196823120117e+00
-1.210469603538513184e+00
-1.152740359306335449e+00
-1.070851087570190430e+00
-1.050398349761962891e+00
-2.993297576904296875e-02
1.351526379585266113e-02
1.508778780698776245e-01
2.027368843555450439e-01
1.206592559814453125e+00
9.858584403991699219e-01
1.188647508621215820e+00
1.374345898628234863e+00
-1.037904024124145508e+00
-9.976884722709655762e-01
-9.180463552474975586e-01
-9.657053947448730469e-01
-4.274155199527740479e-02
-4.124864935874938965e-02
5.905871093273162842e-02
9.738817811012268066e-02
8.451864123344421387e-01
7.774323821067810059e-01
8.766252994537353516e-01
9.354501366615295410e-01
-8.880591988563537598e-01
-9.337088465690612793e-01
-8.728513717651367188e-01
-8.577474355697631836e-01
4.994651675224304199e-02
7.298877835273742676e-02
7.075957953929901123e-02
1.159930229187011719e-01
8.961166143417358398e-01
9.221874475479125977e-01
8.501249551773071289e-01
8.061220645904541016e-01
-8.233515620231628418e-01
-8.279836773872375488e-01
-8.364827632904052734e-01
-8.556345701217651367e-01
1.198379695415496826e-01
1.392679065465927124e-01
1.523167937994003296e-01
1.365814954042434692e-01
9.373403787612915039e-01
8.164612650871276855e-01
8.351432681083679199e-01
8.466813564300537109e-01
-9.172464609146118164e-01
-9.365150928497314453e-01
-1.166201114654541016e+00
-1.007774710655212402e+00
2.813649475574493408e-01
1.299547851085662842e-01
-3.853410482406616211e-02
9.446728229522705078e-02
1.130956888198852539e+00
1.101159572601318359e+00
1.048187971115112305e+00
1.067129611968994141e+00
-1.339865088462829590e+00
-1.176589846611022949e+00
-1.177877664566040039e+00
-1.276208519935607910e+00
9.693458676338195801e-02
5.445528030395507812e-01
6.397872567176818848e-01
3.596163988113403320e-01
1.377936601638793945e+00
1.700269460678100586e+00
1.903022408485412598e+00
1.714761853218078613e+00
-8.162772655487060547e-01
-9.736839532852172852e-01
-1.132672071456909180e+00
-1.006995439529418945e+00
8.525695800781250000e-01
7.363267540931701660e-01
4.889504313468933105e-01
7.585060596466064453e-01
2.483435392379760742e+00
2.260087251663208008e+00
1.942472219467163086e+00
2.147008419036865234e+00
-1.274925112724304199e+00
-1.191502332687377930e+00
-1.175377130508422852e+00
-1.223064184188842773e+00
2.687662839889526367e-01
1.289305388927459717e-01
1.641807705163955688e-01
3.585329055786132812e-01
1.725563287734985352e+00
1.331814289093017578e+00
1.212599635124206543e+00
1.703167796134948730e+00
-9.620349407196044922e-01
-9.192633628845214844e-01
-8.779351711273193359e-01
-9.588575363159179688e-01
7.289774715900421143e-02
9.308816492557525635e-02
3.828203678131103516e-02
-3.041416406631469727e-02
1.012511491775512695e+00
9.368323087692260742e-01
7.590807676315307617e-01
8.210334777832031250e-01
-7.958992719650268555e-01
-7.992980480194091797e-01
-7.632311582565307617e-01
-7.616473436355590820e-01
1.338029503822326660e-01
1.654092669486999512e-01
2.427738755941390991e-01
2.202859818935394287e-01
9.124602079391479492e-01
9.139643907546997070e-01
9.880846142768859863e-01
9.062459468841552734e-01
-8.422586917877197266e-01
-8.226340413093566895e-01
-7.886960506439208984e-01
-8.561744689941406250e-01
1.005373448133468628e-01
2.097027450799942017e-01
2.271228432655334473e-01
1.474237740039825439e-01
8.063034415245056152e-01
9.800980687141418457e-01
1.060426354408264160e+00
9.690567255020141602e-01
-1.021189689636230469e+00
-1.185791969299316406e+00
-1.442149400711059570e+00
-1.336775541305541992e+00
2.123895138502120972e-01
1.589317023754119873e-01
4.602402448654174805e-03
4.608282446861267090e-02
1.159959554672241211e+00
1.323618412017822266e+00
1.409205913543701172e+00
1.211161017417907715e+00
-1.611634612083435059e+00
-1.411623716354370117e+00
-1.435446858406066895e+00
-1.550348520278930664e+00
-4.551593959331512451e-02
2.141839265823364258e-01
2.737259864807128906e-01
2.035912275314331055e-01
1.641376614570617676e+00
1.688555479049682617e+00
1.701030969619750977e+00
1.710857391357421875e+00
-7.486065626144409180e-01
-9.245057106018066406e-01
-1.073847770690917969e+00
-8.671413064002990723e-01
7.916375398635864258e-01
7.195335626602172852e-01
5.629554986953735352e-01
7.238672971725463867e-01
1.846724629402160645e+00
2.156978130340576172e+00
1.979283571243286133e+00
1.730525493621826172e+00
-1.245815157890319824e+00
-1.222059607505798340e+00
-1.125605940818786621e+00
-1.090413570404052734e+00
2.235894501209259033e-01
2.319498658180236816e-01
2.451232969760894775e-01
4.039624333381652832e-01
1.725330352783203125e+00
1.653301358222961426e+00
1.193414092063903809e+00
1.322289824485778809e+00
-9.423627853393554688e-01
-9.446896314620971680e-01
-9.430970549583435059e-01
-9.782338142395019531e-01
1.259783953428268433e-01
-2.846568822860717773e-03
-1.841376721858978271e-01
-4.472044110298156738e-02
1.052057743072509766e+00
8.954762816429138184e-01
4.256670773029327393e-01
7.113102674484252930e-01
-9.556080102920532227e-01
-9.036039113998413086e-01
-9.782147407531738281e-01
-9.820296764373779297e-01
6.432260572910308838e-02
5.129629373550415039e-02
-1.302786469459533691e-01
-7.471612095832824707e-02
6.452119350433349609e-01
6.841993331909179688e-01
4.886801838874816895e-01
6.477888822555541992e-01
-9.628083705902099609e-01
-8.996780514717102051e-01
-8.845809698104858398e-01
-9.541497230529785156e-01
-2.007511556148529053e-01
-8.175352215766906738e-02
-3.566294908523559570e-03
-3.583531081676483154e-02
4.094852209091186523e-01
6.602265834808349609e-01
8.268930315971374512e-01
7.556089162826538086e-01
-1.074389338493347168e+00
-1.188296198844909668e+00
-1.279071688652038574e+00
-1.253609061241149902e+00
-3.045311570167541504e-02
1.986008137464523315e-01
3.005256354808807373e-01
6.985166668891906738e-02
8.586575388908386230e-01
1.320231437683105469e+00
1.550620198249816895e+00
1.125349283218383789e+00
-1.404951810836791992e+00
-1.417454719543457031e+00
-1.257856607437133789e+00
-1.341057777404785156e+00
2.326535582542419434e-01
3.312213122844696045e-01
4.107631146907806396e-01
3.264720737934112549e-01
1.748728156089782715e+00
1.938927292823791504e+00
1.544694423675537109e+00
1.416912794113159180e+00
