-2.342261314392089844e+00
-2.218552112579345703e+00
-2.601231575012207031e+00
-2.584304809570312500e+00
6.095679402351379395e-01
3.916504681110382080e-01
1.356272399425506592e-02
4.924793541431427002e-01
3.043912410736083984e+00
2.217415809631347656e+00
2.253152132034301758e+00
3.224667549133300781e+00
-2.404780149459838867e+00
-2.076838970184326172e+00
-2.191255092620849609e+00
-2.383413553237915039e+00
-5.085169076919555664e-01
-8.243924379348754883e-01
-5.713673830032348633e-01
-7.824829220771789551e-02
1.558043837547302246e+00
5.922079086303710938e-02
4.690790176391601562e-01
2.044555664062500000e+00
-2.202398538589477539e+00
-2.393432617187500000e+00
-2.539465904235839844e+00
-2.375479459762573242e+00
-7.674903273582458496e-01
-8.720049858093261719e-01
-1.169493436813354492e+00
-1.131185889244079590e+00
3.604983985424041748e-01
6.463678181171417236e-02
-1.804648339748382568e-01
-1.221677660942077637e-02
-2.765006780624389648e+00
-2.778124809265136719e+00
-2.427739381790161133e+00
-2.365008115768432617e+00
-9.052419662475585938e-01
-9.505124092102050781e-01
-7.715801596641540527e-01
-6.159707307815551758e-01
6.633001565933227539e-02
1.558559536933898926e-01
3.220816254615783691e-01
5.111436843872070312e-01
-2.039824724197387695e+00
-2.131708860397338867e+00
-1.925672292709350586e+00
-1.965013742446899414e+00
-1.102836847305297852e+00
-1.051296114921569824e+00
-5.026081204414367676e-01
-6.891846656799316406e-01
-4.874462485313415527e-01
-1.944174468517303467e-01
7.595654726028442383e-01
4.142321944236755371e-01
-2.470948219299316406e+00
-2.663208961486816406e+00
-2.826505899429321289e+00
-2.840741872787475586e+00
-5.100176334381103516e-01
-1.833498775959014893e-01
5.715423822402954102e-02
-3.275589942932128906e-01
9.445145726203918457e-01
2.162292957305908203e+00
2.868915557861328125e+00
1.834526538848876953e+00
-2.761904478073120117e+00
-2.243453025817871094e+00
-2.079880952835083008e+00
-2.675564527511596680e+00
2.824240326881408691e-01
1.129553794860839844e+00
1.816270470619201660e+00
1.166842341423034668e+00
3.211019754409790039e+00
3.844368219375610352e+00
5.298673152923583984e+00
4.867696285247802734e+00
-2.322390794754028320e+00
-2.747713565826416016e+00
-3.013688564300537109e+00
-2.542933702468872070e+00
7.192885875701904297e-01
4.488475322723388672e-01
2.479835897684097290e-01
7.096436023712158203e-01
3.670965671539306641e+00
3.282557249069213867e+00
3.248471736907958984e+00
3.534998655319213867e+00
-3.170025110244750977e+00
-3.045196294784545898e+00
-2.871430635452270508e+00
-2.909648418426513672e+00
-3.715409338474273682e-01
-6.811780929565429688e-01
-2.957692146301269531e-01
1.766708493232727051e-02
2.393317699432373047e+00
1.312174081802368164e+00
1.541746020317077637e+00
2.748193979263305664e+00
-2.220503091812133789e+00
-2.343411207199096680e+00
-2.284727096557617188e+00
-2.319233894348144531e+00
-3.353730440139770508e-01
-6.349757313728332520e-01
-9.104362726211547852e-01
-8.600970506668090820e-01
1.320631027221679688e+00
1.116886973381042480e+00
3.213936984539031982e-01
6.389542222023010254e-01
-2.312191963195800781e+00
-2.258435249328613281e+00
-2.197376728057861328e+00
-2.295048475265502930e+00
-3.467840552330017090e-01
-2.585952877998352051e-01
-3.632168173789978027e-01
-4.188417494297027588e-01
1.141703963279724121e+00
1.010999083518981934e+00
7.584133148193359375e-01
1.126904606819152832e+00
-1.892128467559814453e+00
-1.856823205947875977e+00
-1.806752324104309082e+00
-1.813354253768920898e+00
-5.679032802581787109e-01
-6.842299699783325195e-01
-2.567973434925079346e-01
-2.309661805629730225e-01
5.462865829467773438e-01
3.991010189056396484e-01
9.657196402549743652e-01
1.079622268676757812e+00
-2.214243412017822266e+00
-2.556910514831542969e+00
-2.880104303359985352e+00
-2.558647632598876953e+00
-2.054562121629714966e-01
-3.571946173906326294e-02
-3.131725192070007324e-01
-4.032929539680480957e-01
1.189502954483032227e+00
2.235231161117553711e+00
2.380703449249267578e+00
1.301391601562500000e+00
-2.912839412689208984e+00
-2.653918743133544922e+00
-2.420245170593261719e+00
-2.485047101974487305e+00
-2.134275585412979126e-01
8.294774293899536133e-01
1.525246262550354004e+00
9.129204750061035156e-01
2.957078456878662109e+00
4.017300128936767578e+00
5.169982910156250000e+00
4.140466690063476562e+00
-1.768398046493530273e+00
-2.147942543029785156e+00
-2.529172897338867188e+00
-1.902809619903564453e+00
1.178947210311889648e+00
7.750630378723144531e-01
1.600375771522521973e-01
8.830456733703613281e-01
3.871923208236694336e+00
3.280401945114135742e+00
2.804313182830810547e+00
3.515798568725585938e+00
-2.664403915405273438e+00
-2.560809612274169922e+00
-2.124083280563354492e+00
-2.180277347564697266e+00
-2.494698911905288696e-01
-8.213119208812713623e-02
1.894532740116119385e-01
2.983063161373138428e-01
2.064369201660156250e+00
1.903814673423767090e+00
1.818123340606689453e+00
2.240288734436035156e+00
-1.881781578063964844e+00
-2.054378986358642578e+00
-1.785031080245971680e+00
-1.751464962959289551e+00
-4.784323871135711670e-01
-6.022589206695556641e-01
-3.337777853012084961e-01
-2.837879061698913574e-01
7.628892660140991211e-01
8.042228221893310547e-01
8.466761708259582520e-01
9.349473714828491211e-01
-2.319494485855102539e+00
-2.379717350006103516e+00
-2.439789772033691406e+00
-2.344339370727539062e+00
-4.868119657039642334e-01
-4.250511527061462402e-01
-3.668335378170013428e-01
-2.151864022016525269e-01
8.785018324851989746e-01
1.219006061553955078e+00
1.383143901824951172e+00
1.472093582153320312e+00
-2.276375293731689453e+00
-2.187334060668945312e+00
-2.168589830398559570e+00
-2.303286314010620117e+00
-4.460206627845764160e-01
-5.769178271293640137e-01
-4.485935568809509277e-01
-3.893025219440460205e-01
1.168310642242431641e+00
8.535283207893371582e-01
9.818602204322814941e-01
1.260599732398986816e+00
-2.065060853958129883e+00
-2.262350082397460938e+00
-2.499015808105468750e+00
-2.265941381454467773e+00
1.346933394670486450e-01
-2.643124014139175415e-02
-4.828168749809265137e-01
-4.368049800395965576e-01
1.849831938743591309e+00
2.036058902740478516e+00
1.621331334114074707e+00
1.266203045845031738e+00
-2.507612228393554688e+00
-2.114099740982055664e+00
-2.027790784835815430e+00
-2.093550443649291992e+00
1.198805794119834900e-01
1.282392740249633789e+00
1.655175685882568359e+00
9.252494573593139648e-01
2.855049848556518555e+00
3.970166206359863281e+00
5.004887580871582031e+00
4.042992115020751953e+00
-2.056322097778320312e+00
-2.123104095458984375e+00
-2.686710834503173828e+00
-2.424375057220458984e+00
1.375456690788269043e+00
1.276314735412597656e+00
3.115213215351104736e-01
6.469522714614868164e-01
4.233620643615722656e+00
3.795296430587768555e+00
2.924084186553955078e+00
3.466346740722656250e+00
-2.583719491958618164e+00
-2.167590141296386719e+00
-2.025894880294799805e+00
-2.271332740783691406e+00
1.253203153610229492e-01
3.377933800220489502e-01
2.219806611537933350e-01
2.596937119960784912e-02
2.665139198303222656e+00
2.250752687454223633e+00
1.931056857109069824e+00
2.313394069671630859e+00
-1.798902511596679688e+00
-1.772544860839843750e+00
-1.933934330940246582e+00
-1.893719673156738281e+00
-2.705826759338378906e-01
-5.110160708427429199e-01
-5.278896093368530273e-01
-3.512810468673706055e-01
1.111794710159301758e+00
7.513803839683532715e-01
7.793881893157958984e-01
1.085207343101501465e+00
-2.318240642547607422e+00
-2.347156047821044922e+00
-2.378257751464843750e+00
-2.323617935180664062e+00
-4.956093132495880127e-01
-4.645018875598907471e-01
-5.566146969795227051e-01
-4.137128591537475586e-01
1.080790877342224121e+00
1.339016079902648926e+00
1.158000111579895020e+00
1.146604895591735840e+00
-2.084121465682983398e+00
-1.993978142738342285e+00
-1.892168283462524414e+00
-2.038623809814453125e+00
-6.086906194686889648e-01
-3.233352303504943848e-01
-2.277535647153854370e-01
-5.501437187194824219e-01
8.686686158180236816e-01
1.111620068550109863e+00
1.053226709365844727e+00
6.268283128738403320e-01
-2.044552087783813477e+00
-2.312188863754272461e+00
-2.531158924102783203e+00
-2.299099445343017578e+00
1.288741827011108398e-01
7.421901822090148926e-02
-1.765301823616027832e-01
-3.890770673751831055e-01
1.535989999771118164e+00
2.049180746078491211e+00
2.029333353042602539e+00
1.424254179000854492e+00
-2.692230224609375000e+00
-2.280210971832275391e+00
-2.415583133697509766e+00
-2.719069242477416992e+00
4.113931059837341309e-01
1.245866298675537109e+00
1.424594998359680176e+00
8.307950496673583984e-01
2.945884466171264648e+00
4.231837272644042969e+00
5.010730266571044922e+00
4.149392127990722656e+00
-2.347272396087646484e+00
-2.533084869384765625e+00
-2.781796455383300781e+00
-2.491113901138305664e+00
1.022456169128417969e+00
1.013324975967407227e+00
4.035964906215667725e-01
5.980050563812255859e-01
4.056687355041503906e+00
4.100073337554931641e+00
3.201796054840087891e+00
3.269078016281127930e+00
-2.797251462936401367e+00
-2.522186756134033203e+00
-2.232285022735595703e+00
-2.416778802871704102e+00
9.452741593122482300e-02
-2.595379948616027832e-02
2.260239422321319580e-01
3.762292563915252686e-01
2.854106903076171875e+00
2.139360427856445312e+00
2.212851285934448242e+00
2.781866312026977539e+00
-2.056604862213134766e+00
-2.095869779586791992e+00
-2.068967580795288086e+00
-2.101080656051635742e+00
-1.034851223230361938e-01
-4.165466725826263428e-01
-4.426588416099548340e-01
-1.569117307662963867e-01
1.720664978027343750e+00
1.130920052528381348e+00
1.006522178649902344e+00
1.532948732376098633e+00
-2.274627447128295898e+00
-2.287914037704467773e+00
-2.239298820495605469e+00
-2.221147775650024414e+00
-1.438485682010650635e-01
-1.914926618337631226e-01
-4.260886609554290771e-01
-2.108609229326248169e-01
1.563770294189453125e+00
1.357040762901306152e+00
9.915468096733093262e-01
1.223980188369750977e+00
-1.842670798301696777e+00
-1.807702779769897461e+00
-1.709689259529113770e+00
-1.867557644844055176e+00
-4.171885848045349121e-01
-3.892064094543457031e-01
-2.398824095726013184e-01
-3.716172575950622559e-01
8.481622934341430664e-01
7.466430068016052246e-01
8.865756988525390625e-01
8.200489282608032227e-01
-2.159958362579345703e+00
-2.348879814147949219e+00
-2.823008775711059570e+00
-2.417550325393676758e+00
-1.959309428930282593e-01
-2.607400417327880859e-01
-4.508914351463317871e-01
-4.423607289791107178e-01
1.136192917823791504e+00
1.719203472137451172e+00
1.801353216171264648e+00
1.213702917098999023e+00
-3.166590213775634766e+00
-2.789024829864501953e+00
-2.551242589950561523e+00
-2.829822540283203125e+00
-2.536509931087493896e-01
8.622632622718811035e-01
1.080841422080993652e+00
2.979694604873657227e-01
2.557786226272583008e+00
4.013567447662353516e+00
4.410052299499511719e+00
3.330044031143188477e+00
-1.568203687667846680e+00
-1.946451187133789062e+00
-2.093772888183593750e+00
-1.750615000724792480e+00
1.291633129119873047e+00
1.034926652908325195e+00
4.502949118614196777e-01
1.059899926185607910e+00
4.096592426300048828e+00
3.978729248046875000e+00
3.159065246582031250e+00
3.459541559219360352e+00
-2.466870307922363281e+00
-2.356884479522705078e+00
-2.182114601135253906e+00
-2.133313894271850586e+00
1.487390398979187012e-01
-7.886634767055511475e-02
4.765568077564239502e-01
7.863181829452514648e-01
2.791965246200561523e+00
2.141375541687011719e+00
2.188634872436523438e+00
3.146234750747680664e+00
-1.943617582321166992e+00
-1.993137836456298828e+00
-1.778716683387756348e+00
-1.791020393371582031e+00
-5.610797554254531860e-02
-2.514869570732116699e-01
-1.609693467617034912e-01
-1.339353621006011963e-03
1.662231326103210449e+00
1.341577768325805664e+00
8.706978559494018555e-01
1.326585173606872559e+00
-2.107573747634887695e+00
-2.177489995956420898e+00
-2.097081422805786133e+00
-2.043822288513183594e+00
-9.388453513383865356e-02
-3.199847787618637085e-02
-2.772601842880249023e-01
-2.371866703033447266e-01
1.236541271209716797e+00
1.438209652900695801e+00
1.162076711654663086e+00
1.150084018707275391e+00
-2.010488033294677734e+00
-2.006463766098022461e+00
-1.951808929443359375e+00
-2.043743848800659180e+00
-4.737389385700225830e-01
-6.558632850646972656e-01
-4.361144006252288818e-01
-2.480300962924957275e-01
7.537553310394287109e-01
4.291497468948364258e-01
8.970012664794921875e-01
1.287510156631469727e+00
-2.169979095458984375e+00
-2.344255924224853516e+00
-2.678636074066162109e+00
-2.544831514358520508e+00
-2.911223471164703369e-01
-2.257780432701110840e-01
-7.809493541717529297e-01
-8.522766828536987305e-01
1.189583420753479004e+00
1.560011386871337891e+00
1.207831263542175293e+00
8.010646104812622070e-01
-2.904106140136718750e+00
-2.666424036026000977e+00
-2.626744985580444336e+00
-2.762452363967895508e+00
-5.949901342391967773e-01
2.672648727893829346e-01
4.895189404487609863e-01
4.610648751258850098e-02
2.336886644363403320e+00
3.381413936614990234e+00
3.213272094726562500e+00
2.388460397720336914e+00
-1.182119607925415039e+00
-1.439972281455993652e+00
-1.655853033065795898e+00
-1.392147541046142578e+00
1.635393023490905762e+00
1.441924333572387695e+00
1.322268009185791016e+00
1.642368912696838379e+00
3.615892410278320312e+00
4.153018474578857422e+00
3.719643831253051758e+00
3.381567239761352539e+00
-2.166124343872070312e+00
-2.094801187515258789e+00
-2.134480237960815430e+00
-2.018616437911987305e+00
8.611449003219604492e-01
7.725967168807983398e-01
5.481887459754943848e-01
9.151194095611572266e-01
3.572534322738647461e+00
3.211471080780029297e+00
2.220183372497558594e+00
2.669882059097290039e+00
-1.800237178802490234e+00
-1.718993186950683594e+00
-1.856451511383056641e+00
-1.955478191375732422e+00
1.084842532873153687e-01
-3.808423280715942383e-01
-1.052590608596801758e+00
-4.933454692363739014e-01
1.691900372505187988e+00
9.257994890213012695e-01
-2.366084456443786621e-01
7.732244729995727539e-01
-2.289821147918701172e+00
-2.130326986312866211e+00
-2.366894006729125977e+00
-2.333593606948852539e+00
-9.035331010818481445e-01
-5.771951675415039062e-01
-8.401868343353271484e-01
-8.862137794494628906e-01
-2.590849995613098145e-03
4.808901250362396240e-01
2.674179673194885254e-01
3.758971989154815674e-01
-2.527368545532226562e+00
-2.366135597229003906e+00
-2.209830760955810547e+00
-2.389140129089355469e+00
-1.027168273925781250e+00
-6.721069812774658203e-01
-2.443336546421051025e-01
-4.699577689170837402e-01
-7.291459292173385620e-02
6.754286289215087891e-01
1.163667201995849609e+00
7.436550855636596680e-01
-2.212280273437500000e+00
-2.403284788131713867e+00
-2.378010988235473633e+00
-2.430441141128540039e+00
-2.966420352458953857e-01
-1.610307991504669189e-01
-2.027530968189239502e-01
-4.819763600826263428e-01
9.139248728752136230e-01
1.732687354087829590e+00
1.383527994155883789e+00
7.595268487930297852e-01
-2.634276628494262695e+00
-2.633364915847778320e+00
-2.578320980072021484e+00
-2.715418577194213867e+00
2.658724784851074219e-03
5.053014159202575684e-01
3.709084093570709229e-01
-4.179641604423522949e-03
2.289069175720214844e+00
3.281250715255737305e+00
2.501304864883422852e+00
1.711147308349609375e+00
