-6.279317140579223633e-01
-6.350114345550537109e-01
-6.296805143356323242e-01
-6.293019652366638184e-01
-5.837705135345458984e-01
-5.839840769767761230e-01
-5.623970627784729004e-01
-5.849829316139221191e-01
-6.066288948059082031e-01
-5.619062185287475586e-01
-5.404442548751831055e-01
-6.072745323181152344e-01
-6.419619321823120117e-01
-6.459751725196838379e-01
-6.531284451484680176e-01
-6.447730064392089844e-01
-5.710232853889465332e-01
-5.872749686241149902e-01
-5.945443511009216309e-01
-5.715357065200805664e-01
-5.268690586090087891e-01
-5.517197847366333008e-01
-5.506120920181274414e-01
-5.148024559020996094e-01
-6.888090372085571289e-01
-6.988132596015930176e-01
-7.015388607978820801e-01
-6.874020695686340332e-01
-6.088902950286865234e-01
-6.359860897064208984e-01
-6.380636692047119141e-01
-6.070248484611511230e-01
-5.541808009147644043e-01
-5.984470248222351074e-01
-5.844569206237792969e-01
-5.375587940216064453e-01
-7.119681835174560547e-01
-7.145732045173645020e-01
-7.091231346130371094e-01
-7.006341218948364258e-01
-6.405031681060791016e-01
-6.539293527603149414e-01
-6.476109623908996582e-01
-6.320004463195800781e-01
-5.895428061485290527e-01
-6.081699132919311523e-01
-6.045675277709960938e-01
-5.836229920387268066e-01
-7.108368873596191406e-01
-7.024802565574645996e-01
-6.946825385093688965e-01
-7.028106451034545898e-01
-6.577737331390380859e-01
-6.440899372100830078e-01
-6.180411577224731445e-01
-6.325676441192626953e-01
-6.119221448898315430e-01
-6.023976206779479980e-01
-5.659005641937255859e-01
-5.752496719360351562e-01
-6.958595514297485352e-01
-6.935042142868041992e-01
-6.856322884559631348e-01
-6.985190510749816895e-01
-6.318936347961425781e-01
-6.182432770729064941e-01
-5.968239307403564453e-01
-6.066774129867553711e-01
-5.858554840087890625e-01
-5.722073316574096680e-01
-5.296260118484497070e-01
-5.335471630096435547e-01
-6.619741320610046387e-01
-6.564261317253112793e-01
-6.530045270919799805e-01
-6.673626899719238281e-01
-5.726121068000793457e-01
-5.727303028106689453e-01
-5.674937963485717773e-01
-5.718865990638732910e-01
-5.168770551681518555e-01
-5.200023651123046875e-01
-5.199180841445922852e-01
-5.141429305076599121e-01
-6.237446069717407227e-01
-6.227729320526123047e-01
-6.365909576416015625e-01
-6.412090659141540527e-01
-6.000068187713623047e-01
-5.735605359077453613e-01
-5.695752501487731934e-01
-6.172200441360473633e-01
-6.197289228439331055e-01
-5.775877833366394043e-01
-5.432534813880920410e-01
-6.196470856666564941e-01
-6.552232503890991211e-01
-6.599144339561462402e-01
-6.724296808242797852e-01
-6.665697097778320312e-01
-5.807324647903442383e-01
-5.900193452835083008e-01
-6.030600070953369141e-01
-5.969721674919128418e-01
-5.273995399475097656e-01
-5.303105711936950684e-01
-5.305342674255371094e-01
-5.307973623275756836e-01
-6.939822435379028320e-01
-6.910740733146667480e-01
-6.948404312133789062e-01
-6.934342384338378906e-01
-6.006748676300048828e-01
-5.995525121688842773e-01
-6.175687313079833984e-01
-6.218660473823547363e-01
-5.300197601318359375e-01
-5.301731824874877930e-01
-5.530577898025512695e-01
-5.504412055015563965e-01
-7.042505741119384766e-01
-7.063050866127014160e-01
-7.089051604270935059e-01
-7.066401839256286621e-01
-6.144914031028747559e-01
-6.236500144004821777e-01
-6.283042430877685547e-01
-6.134235858917236328e-01
-5.407741069793701172e-01
-5.582292675971984863e-01
-5.634310841560363770e-01
-5.347459912300109863e-01
-7.014434337615966797e-01
-6.952183842658996582e-01
-6.991018056869506836e-01
-7.002513408660888672e-01
-6.354347467422485352e-01
-6.358960866928100586e-01
-6.262224912643432617e-01
-6.226142048835754395e-01
-5.744357705116271973e-01
-5.740183591842651367e-01
-5.534678697586059570e-01
-5.485541820526123047e-01
-6.874558925628662109e-01
-6.870686411857604980e-01
-6.824752092361450195e-01
-6.805313825607299805e-01
-6.226909160614013672e-01
-6.095652580261230469e-01
-5.919873714447021484e-01
-6.055107116699218750e-01
-5.598844289779663086e-01
-5.212604999542236328e-01
-5.049713253974914551e-01
-5.453345775604248047e-01
-6.690056920051574707e-01
-6.695406436920166016e-01
-6.652232408523559570e-01
-6.647442579269409180e-01
-5.970634818077087402e-01
-5.839181542396545410e-01
-5.639005899429321289e-01
-5.840992927551269531e-01
-5.282448530197143555e-01
-5.143014192581176758e-01
-4.996172487735748291e-01
-5.273922681808471680e-01
-6.614573001861572266e-01
-6.654169559478759766e-01
-6.613329648971557617e-01
-6.619210243225097656e-01
-6.097199320793151855e-01
-6.203669309616088867e-01
-5.901194810867309570e-01
-6.088899374008178711e-01
-6.022999286651611328e-01
-6.063003540039062500e-01
-5.599266886711120605e-01
-5.871382951736450195e-01
-6.782139539718627930e-01
-6.815946698188781738e-01
-6.784399747848510742e-01
-6.765263080596923828e-01
-5.782396197319030762e-01
-6.004383563995361328e-01
-6.077765226364135742e-01
-5.899322628974914551e-01
-5.030941963195800781e-01
-5.310298204421997070e-01
-5.475832819938659668e-01
-5.233428478240966797e-01
-6.877380609512329102e-01
-6.951811909675598145e-01
-6.969776153564453125e-01
-6.908218860626220703e-01
-6.094711422920227051e-01
-6.115348339080810547e-01
-6.236846446990966797e-01
-6.280367970466613770e-01
-5.447508096694946289e-01
-5.368267297744750977e-01
-5.514161586761474609e-01
-5.621908903121948242e-01
-7.230950593948364258e-01
-7.257727384567260742e-01
-7.269052267074584961e-01
-7.207480669021606445e-01
-6.267279982566833496e-01
-6.290029287338256836e-01
-6.326643228530883789e-01
-6.292380690574645996e-01
-5.465074181556701660e-01
-5.525004863739013672e-01
-5.503562688827514648e-01
-5.430335998535156250e-01
-7.196750640869140625e-01
-7.118616104125976562e-01
-7.127697467803955078e-01
-7.172037959098815918e-01
-6.350300908088684082e-01
-6.224195957183837891e-01
-6.213705539703369141e-01
-6.291648149490356445e-01
-5.463656187057495117e-01
-5.454710125923156738e-01
-5.511289238929748535e-01
-5.552353858947753906e-01
-6.807666420936584473e-01
-6.719289422035217285e-01
-6.690837144851684570e-01
-6.789449453353881836e-01
-6.037687063217163086e-01
-5.970635414123535156e-01
-5.968049764633178711e-01
-6.040130257606506348e-01
-5.385173559188842773e-01
-5.395714044570922852e-01
-5.472707748413085938e-01
-5.440654158592224121e-01
-6.438975930213928223e-01
-6.485487222671508789e-01
-6.451704502105712891e-01
-6.382622718811035156e-01
-5.795465111732482910e-01
-5.762434005737304688e-01
-5.748540163040161133e-01
-5.727223157882690430e-01
-5.390459299087524414e-01
-5.368207097053527832e-01
-5.252974629402160645e-01
-5.320967435836791992e-01
-6.358789801597595215e-01
-6.497457027435302734e-01
-6.543589830398559570e-01
-6.410914063453674316e-01
-5.770925879478454590e-01
-5.967162251472473145e-01
-5.911452174186706543e-01
-5.792561769485473633e-01
-5.767213106155395508e-01
-5.913270115852355957e-01
-5.383158922195434570e-01
-5.351459980010986328e-01
-6.770633459091186523e-01
-6.786794066429138184e-01
-6.789269447326660156e-01
-6.727643609046936035e-01
-5.875189304351806641e-01
-5.918394923210144043e-01
-5.973131656646728516e-01
-5.858331918716430664e-01
-5.223480463027954102e-01
-5.328615903854370117e-01
-5.388546586036682129e-01
-5.277859568595886230e-01
-6.885976195335388184e-01
-6.951224207878112793e-01
-7.069074511528015137e-01
-7.010756134986877441e-01
-6.136202216148376465e-01
-6.293827295303344727e-01
-6.333520412445068359e-01
-6.251673698425292969e-01
-5.440309047698974609e-01
-5.607796311378479004e-01
-5.630021095275878906e-01
-5.559428930282592773e-01
-7.264134883880615234e-01
-7.300343513488769531e-01
-7.295155525207519531e-01
-7.246541976928710938e-01
-6.307033300399780273e-01
-6.442562341690063477e-01
-6.462120413780212402e-01
-6.306385397911071777e-01
-5.463318824768066406e-01
-5.552202463150024414e-01
-5.539973974227905273e-01
-5.495919585227966309e-01
-7.172543406486511230e-01
-7.092195749282836914e-01
-7.046642303466796875e-01
-7.107624411582946777e-01
-6.468625664710998535e-01
-6.318681240081787109e-01
-6.222554445266723633e-01
-6.340044736862182617e-01
-5.612535476684570312e-01
-5.544968843460083008e-01
-5.609840154647827148e-01
-5.769765377044677734e-01
-6.836508512496948242e-01
-6.761098504066467285e-01
-6.770989298820495605e-01
-6.863628029823303223e-01
-6.101355552673339844e-01
-6.033577919006347656e-01
-6.050838828086853027e-01
-6.213413476943969727e-01
-5.569232702255249023e-01
-5.396682620048522949e-01
-5.447640419006347656e-01
-5.613013505935668945e-01
-6.610274314880371094e-01
-6.489059925079345703e-01
-6.528154015541076660e-01
-6.658633351325988770e-01
-5.917546749114990234e-01
-5.843088626861572266e-01
-5.713217258453369141e-01
-5.797078013420104980e-01
-5.368227362632751465e-01
-5.516560077667236328e-01
-5.412505269050598145e-01
-5.214495658874511719e-01
-6.486150026321411133e-01
-6.514804363250732422e-01
-6.607100367546081543e-01
-6.525682210922241211e-01
-5.817456245422363281e-01
-5.897997021675109863e-01
-5.834319591522216797e-01
-5.791277885437011719e-01
-5.560897588729858398e-01
-5.537247657775878906e-01
-5.308355093002319336e-01
-5.494066476821899414e-01
-6.759063005447387695e-01
-6.755912303924560547e-01
-6.709823608398437500e-01
-6.732521057128906250e-01
-5.912450551986694336e-01
-5.914483070373535156e-01
-6.081248521804809570e-01
-6.018568277359008789e-01
-5.280542969703674316e-01
-5.420155525207519531e-01
-5.608744621276855469e-01
-5.372151136398315430e-01
-6.891413331031799316e-01
-7.006112337112426758e-01
-7.020980715751647949e-01
-6.899828910827636719e-01
-6.220847368240356445e-01
-6.281696557998657227e-01
-6.293416023254394531e-01
-6.201742887496948242e-01
-5.656622052192687988e-01
-5.631427764892578125e-01
-5.574949979782104492e-01
-5.613983273506164551e-01
-7.146021127700805664e-01
-7.161751985549926758e-01
-7.184625267982482910e-01
-7.159378528594970703e-01
-6.219329237937927246e-01
-6.229670047760009766e-01
-6.283807754516601562e-01
-6.180943846702575684e-01
-5.351415872573852539e-01
-5.401328802108764648e-01
-5.480102896690368652e-01
-5.503769516944885254e-01
-7.017000317573547363e-01
-6.977016925811767578e-01
-6.950062513351440430e-01
-6.982691884040832520e-01
-6.293687820434570312e-01
-6.282089948654174805e-01
-6.222603321075439453e-01
-6.280832290649414062e-01
-5.597321391105651855e-01
-5.635901093482971191e-01
-5.626922845840454102e-01
-5.707729458808898926e-01
-6.980208754539489746e-01
-6.986382007598876953e-01
-7.077311873435974121e-01
-6.976522207260131836e-01
-6.342426538467407227e-01
-6.275315880775451660e-01
-6.198686361312866211e-01
-6.313723921775817871e-01
-5.785154104232788086e-01
-5.659168958663940430e-01
-5.413228273391723633e-01
-5.547897219657897949e-01
-7.023890018463134766e-01
-6.896172165870666504e-01
-6.863342523574829102e-01
-6.972335577011108398e-01
-6.200466156005859375e-01
-5.983443260192871094e-01
-5.941390991210937500e-01
-6.177727580070495605e-01
-5.594314336776733398e-01
-5.436624288558959961e-01
-5.271891355514526367e-01
-5.418053269386291504e-01
-6.505430936813354492e-01
-6.612760424613952637e-01
-6.734040975570678711e-01
-6.660788655281066895e-01
-5.737393498420715332e-01
-5.728358030319213867e-01
-5.969089865684509277e-01
-6.027627587318420410e-01
-5.274747610092163086e-01
-5.166247487068176270e-01
-5.365735292434692383e-01
-5.551183223724365234e-01
-6.896564364433288574e-01
-6.868290901184082031e-01
-6.968130469322204590e-01
-6.974186301231384277e-01
-6.057767868041992188e-01
-6.203687191009521484e-01
-6.291401386260986328e-01
-6.155099868774414062e-01
-5.293513536453247070e-01
-5.550842285156250000e-01
-5.774000287055969238e-01
-5.426045060157775879e-01
-7.001360058784484863e-01
-6.997890472412109375e-01
-6.977702975273132324e-01
-6.960196495056152344e-01
-6.250163912773132324e-01
-6.316339373588562012e-01
-6.270431876182556152e-01
-6.198894381523132324e-01
-5.570998191833496094e-01
-5.646506547927856445e-01
-5.585743188858032227e-01
-5.566408038139343262e-01
-7.100629210472106934e-01
-7.075669169425964355e-01
-7.025474905967712402e-01
-7.066512703895568848e-01
-6.207395195960998535e-01
-6.029660701751708984e-01
-6.117877960205078125e-01
-6.239235401153564453e-01
-5.475253462791442871e-01
-5.290758609771728516e-01
-5.343085527420043945e-01
-5.581226348876953125e-01
-6.990864872932434082e-01
-6.981604099273681641e-01
-6.917721033096313477e-01
-6.955428123474121094e-01
-6.177108287811279297e-01
-6.211707592010498047e-01
-6.090570092201232910e-01
-6.082473993301391602e-01
-5.591890215873718262e-01
-5.661885738372802734e-01
-5.529137849807739258e-01
-5.415003299713134766e-01
-6.986432075500488281e-01
-7.046874761581420898e-01
-7.115764617919921875e-01
-7.071182131767272949e-01
-6.219874620437622070e-01
-6.331688165664672852e-01
-6.262295246124267578e-01
-6.161881685256958008e-01
-5.572901368141174316e-01
-5.624383091926574707e-01
-5.478672981262207031e-01
-5.364543795585632324e-01
-6.917825341224670410e-01
-6.877067089080810547e-01
-6.715167760848999023e-01
-6.755721569061279297e-01
-6.199258565902709961e-01
-6.168698668479919434e-01
-5.912750959396362305e-01
-5.969974994659423828e-01
-5.380958318710327148e-01
-5.528628230094909668e-01
-5.487526655197143555e-01
-5.369229316711425781e-01
-6.476515531539916992e-01
-6.550037264823913574e-01
-6.572885513305664062e-01
-6.568355560302734375e-01
-5.706065893173217773e-01
-5.904158949851989746e-01
-6.044817566871643066e-01
-5.924193859100341797e-01
-5.197079777717590332e-01
-5.423163175582885742e-01
-5.552672743797302246e-01
-5.421320199966430664e-01
-6.940025091171264648e-01
-7.051579952239990234e-01
-7.124486565589904785e-01
-7.019527554512023926e-01
-6.204239130020141602e-01
-6.185385584831237793e-01
-6.300475001335144043e-01
-6.180378198623657227e-01
-5.365281105041503906e-01
-5.490909218788146973e-01
-5.576471090316772461e-01
-5.428798794746398926e-01
-7.101496458053588867e-01
-7.071152329444885254e-01
-7.080364227294921875e-01
-7.086551189422607422e-01
-6.214969754219055176e-01
-6.265121698379516602e-01
-6.404498815536499023e-01
-6.340696811676025391e-01
-5.521497130393981934e-01
-5.646764039993286133e-01
-5.871407985687255859e-01
-5.750427842140197754e-01
-7.030303478240966797e-01
-6.999239325523376465e-01
-7.008137106895446777e-01
-6.979517340660095215e-01
-6.292730569839477539e-01
-6.244823932647705078e-01
-6.382938623428344727e-01
-6.444749236106872559e-01
-5.772533416748046875e-01
-5.589467883110046387e-01
-5.824847221374511719e-01
-5.921388864517211914e-01
-6.977666020393371582e-01
-6.943798661231994629e-01
-6.869150400161743164e-01
-6.903762817382812500e-01
-6.357976794242858887e-01
-6.269363164901733398e-01
-6.249369382858276367e-01
-6.282979846000671387e-01
-5.805163383483886719e-01
-5.733077526092529297e-01
-5.823234319686889648e-01
-5.830739736557006836e-01
-6.838920116424560547e-01
-6.876301169395446777e-01
-6.804829239845275879e-01
-6.809099912643432617e-01
-6.127696633338928223e-01
-6.082626581192016602e-01
-6.084836125373840332e-01
-6.086871623992919922e-01
-5.566764473915100098e-01
-5.349588990211486816e-01
-5.597601532936096191e-01
-5.707105994224548340e-01
-6.536692976951599121e-01
-6.507675647735595703e-01
-6.469545960426330566e-01
-6.512799263000488281e-01
-5.991208553314208984e-01
-5.962886214256286621e-01
-5.915127992630004883e-01
-5.845911502838134766e-01
-5.495668649673461914e-01
-5.471812486648559570e-01
-5.552417039871215820e-01
-5.442645549774169922e-01
