-2.131678313016891479e-01
-2.067244350910186768e-01
-5.070522427558898926e-01
-3.632556200027465820e-01
1.550120353698730469e+00
1.492756247520446777e+00
9.642952084541320801e-01
1.262528538703918457e+00
2.991415023803710938e+00
2.842060565948486328e+00
2.402239561080932617e+00
2.702493429183959961e+00
-5.747007727622985840e-01
-3.978483676910400391e-01
-4.938746690750122070e-01
-5.903317928314208984e-01
5.111723542213439941e-01
5.444390773773193359e-01
4.323445558547973633e-01
5.870109200477600098e-01
1.715671062469482422e+00
1.387064933776855469e+00
1.213304638862609863e+00
1.720286965370178223e+00
-5.690467357635498047e-01
-6.828935146331787109e-01
-8.411415219306945801e-01
-7.481148838996887207e-01
2.577850520610809326e-01
1.460263431072235107e-01
-1.540199518203735352e-01
-1.212437003850936890e-01
9.949495196342468262e-01
8.261504769325256348e-01
4.230441153049468994e-01
5.326919555664062500e-01
-1.045853376388549805e+00
-1.034798979759216309e+00
-9.598953723907470703e-01
-9.524614810943603516e-01
-1.632300615310668945e-01
-2.501713931560516357e-01
-2.690908312797546387e-01
-1.243018060922622681e-01
5.922452211380004883e-01
4.295871257781982422e-01
2.544696331024169922e-01
4.940835535526275635e-01
-7.247046828269958496e-01
-7.017597556114196777e-01
-5.986494421958923340e-01
-6.650136709213256836e-01
-3.354490101337432861e-01
-3.169122934341430664e-01
-9.707269817590713501e-02
-2.217023670673370361e-01
7.658194005489349365e-02
-3.073908388614654541e-03
2.283172011375427246e-01
2.500776946544647217e-01
-7.110992074012756348e-01
-8.444623947143554688e-01
-9.360007047653198242e-01
-8.485800027847290039e-01
-2.155476063489913940e-02
-2.198698967695236206e-01
-6.533882021903991699e-02
1.022298187017440796e-01
4.176354706287384033e-01
2.067604511976242065e-01
6.828877925872802734e-01
9.013376832008361816e-01
-9.461640119552612305e-01
-8.656307458877563477e-01
-8.230201005935668945e-01
-9.046741724014282227e-01
-1.114919781684875488e-01
-1.393358558416366577e-01
2.294341474771499634e-01
3.630160689353942871e-01
8.041646480560302734e-01
4.924086630344390869e-01
1.126723408699035645e+00
1.614560961723327637e+00
-5.495947599411010742e-01
-6.724364757537841797e-01
-9.735933542251586914e-01
-7.727355957031250000e-01
1.111609816551208496e+00
9.391323328018188477e-01
4.427346587181091309e-01
7.331833243370056152e-01
2.788504362106323242e+00
2.455505847930908203e+00
1.941146135330200195e+00
2.223462581634521484e+00
-1.026722431182861328e+00
-9.202175736427307129e-01
-8.620589971542358398e-01
-9.412759542465209961e-01
1.118248701095581055e-01
8.837600052356719971e-02
1.085394918918609619e-01
1.917769610881805420e-01
1.452608704566955566e+00
1.027172327041625977e+00
8.929963111877441406e-01
1.417767882347106934e+00
-6.463550329208374023e-01
-7.412838935852050781e-01
-7.272406220436096191e-01
-7.068724632263183594e-01
7.642619311809539795e-02
1.113303750753402710e-02
-4.767981171607971191e-02
-7.702106237411499023e-02
7.615348696708679199e-01
7.227059602737426758e-01
4.774183332920074463e-01
5.310741662979125977e-01
-7.940878272056579590e-01
-8.679885864257812500e-01
-7.597664594650268555e-01
-7.554822564125061035e-01
1.449954211711883545e-01
1.136930584907531738e-01
6.122822314500808716e-02
8.945609629154205322e-02
8.116248250007629395e-01
8.396823406219482422e-01
5.886197686195373535e-01
6.313087344169616699e-01
-5.398996472358703613e-01
-5.788689255714416504e-01
-5.334613919258117676e-01
-5.322872400283813477e-01
2.610293030738830566e-02
-9.748274087905883789e-02
7.174760848283767700e-02
1.121415570378303528e-01
4.909953176975250244e-01
3.917002677917480469e-01
5.945764780044555664e-01
6.999484300613403320e-01
-6.727291345596313477e-01
-8.164510130882263184e-01
-9.349397420883178711e-01
-7.759239673614501953e-01
2.284559011459350586e-01
1.810859143733978271e-01
1.405621618032455444e-01
2.287049591541290283e-01
8.712959885597229004e-01
1.005898237228393555e+00
1.165058135986328125e+00
1.025166034698486328e+00
-9.257358908653259277e-01
-7.990614175796508789e-01
-6.807041168212890625e-01
-7.484781146049499512e-01
1.145879328250885010e-01
4.615074396133422852e-01
7.703481316566467285e-01
6.516540050506591797e-01
1.418465971946716309e+00
1.529455542564392090e+00
1.936972856521606445e+00
1.944198131561279297e+00
-5.049473047256469727e-01
-7.546585202217102051e-01
-8.994727134704589844e-01
-5.815795063972473145e-01
1.090146064758300781e+00
8.379278779029846191e-01
3.404590487480163574e-01
6.528959274291992188e-01
2.615398883819580078e+00
2.288519144058227539e+00
1.622128009796142578e+00
1.945798039436340332e+00
-9.407499432563781738e-01
-9.150749444961547852e-01
-7.798696756362915039e-01
-8.008655309677124023e-01
1.952038109302520752e-01
7.870297878980636597e-02
1.750005334615707397e-01
3.821924626827239990e-01
1.481029152870178223e+00
1.017370939254760742e+00
8.424363136291503906e-01
1.388327956199645996e+00
-5.057952404022216797e-01
-5.543354749679565430e-01
-4.618207216262817383e-01
-4.612402021884918213e-01
1.593546569347381592e-01
1.925036311149597168e-03
2.976144850254058838e-02
1.358821392059326172e-01
7.091256380081176758e-01
5.420899391174316406e-01
4.907042980194091797e-01
6.827373504638671875e-01
-5.238188505172729492e-01
-5.149403810501098633e-01
-5.540496706962585449e-01
-5.188645720481872559e-01
9.430729597806930542e-02
1.889272183179855347e-01
1.784315556287765503e-01
1.739662438631057739e-01
6.394799947738647461e-01
7.671387791633605957e-01
6.687427759170532227e-01
6.292046308517456055e-01
-5.854921340942382812e-01
-5.855961441993713379e-01
-5.924915075302124023e-01
-6.058565378189086914e-01
2.015770226716995239e-02
-2.025503665208816528e-02
1.016993746161460876e-01
1.661522388458251953e-01
5.153480768203735352e-01
4.703158140182495117e-01
7.014044523239135742e-01
8.177425861358642578e-01
-6.829475164413452148e-01
-7.301019430160522461e-01
-8.600629568099975586e-01
-7.424400448799133301e-01
2.546133399009704590e-01
3.053443133831024170e-01
1.940780282020568848e-01
1.850142776966094971e-01
9.370534420013427734e-01
1.185122728347778320e+00
1.213455080986022949e+00
9.516393542289733887e-01
-7.794053554534912109e-01
-5.844415426254272461e-01
-5.120148658752441406e-01
-5.811458826065063477e-01
3.670428395271301270e-01
8.354534506797790527e-01
9.814624786376953125e-01
6.970741152763366699e-01
1.556637644767761230e+00
2.003721475601196289e+00
2.229199409484863281e+00
1.871405243873596191e+00
-1.715056002140045166e-01
-3.828713297843933105e-01
-5.695321559906005859e-01
-2.751662433147430420e-01
1.342938780784606934e+00
1.079770565032958984e+00
5.495926141738891602e-01
8.715735077857971191e-01
2.558815956115722656e+00
2.286920547485351562e+00
1.595887184143066406e+00
1.869776725769042969e+00
-8.213655948638916016e-01
-7.008029818534851074e-01
-6.815226674079895020e-01
-6.614928245544433594e-01
3.472545444965362549e-01
3.848956823348999023e-01
3.712871670722961426e-01
4.593877494335174561e-01
1.446043014526367188e+00
1.231089234352111816e+00
1.159885764122009277e+00
1.518881320953369141e+00
-5.700067877769470215e-01
-5.210797786712646484e-01
-5.335991382598876953e-01
-5.771463513374328613e-01
1.063588857650756836e-01
1.478489339351654053e-01
1.836662590503692627e-01
1.592555344104766846e-01
6.931636333465576172e-01
6.739116311073303223e-01
7.558413147926330566e-01
8.342344164848327637e-01
-5.785788893699645996e-01
-5.883722305297851562e-01
-6.710895895957946777e-01
-6.925266385078430176e-01
1.541292369365692139e-01
2.019811868667602539e-01
7.231278717517852783e-02
3.387980163097381592e-02
6.340838670730590820e-01
7.946212291717529297e-01
6.647744178771972656e-01
5.526475310325622559e-01
-7.073613405227661133e-01
-7.100558876991271973e-01
-7.118808031082153320e-01
-7.422910928726196289e-01
3.709159791469573975e-03
-7.932431995868682861e-03
-3.575498610734939575e-02
-1.591173559427261353e-02
6.528689265251159668e-01
6.216571331024169922e-01
5.902607440948486328e-01
5.842677950859069824e-01
-6.810460686683654785e-01
-7.099713683128356934e-01
-7.931425571441650391e-01
-7.569311261177062988e-01
2.205976843833923340e-01
3.731453418731689453e-01
2.294584363698959351e-01
1.587655395269393921e-02
8.921666145324707031e-01
1.249525547027587891e+00
9.929209947586059570e-01
6.874560713768005371e-01
-6.807601451873779297e-01
-5.491645336151123047e-01
-5.633110404014587402e-01
-6.520509719848632812e-01
5.267460346221923828e-01
8.808252215385437012e-01
8.776345252990722656e-01
5.605326294898986816e-01
1.427822470664978027e+00
2.026066780090332031e+00
2.153532981872558594e+00
1.698691487312316895e+00
-1.328167170286178589e-01
-2.355600744485855103e-01
-5.001365542411804199e-01
-3.195193409919738770e-01
1.260776996612548828e+00
1.100703239440917969e+00
6.892395615577697754e-01
8.956969380378723145e-01
2.286607027053833008e+00
2.229313850402832031e+00
1.712468028068542480e+00
1.829644680023193359e+00
-8.807071447372436523e-01
-7.699021100997924805e-01
-8.035321831703186035e-01
-8.191880583763122559e-01
3.569971323013305664e-01
3.982802033424377441e-01
2.580896914005279541e-01
3.903710842132568359e-01
1.453436374664306641e+00
1.334972143173217773e+00
1.187865734100341797e+00
1.431433916091918945e+00
-7.442086935043334961e-01
-6.935688257217407227e-01
-6.304392814636230469e-01
-7.161965370178222656e-01
1.320041716098785400e-02
1.572123169898986816e-02
4.274205118417739868e-02
3.927286714315414429e-02
7.157764434814453125e-01
6.475902795791625977e-01
6.355119347572326660e-01
7.002893090248107910e-01
-6.284537911415100098e-01
-6.631112694740295410e-01
-6.772499084472656250e-01
-6.662504673004150391e-01
5.817838013172149658e-02
4.507644474506378174e-02
-5.393623560667037964e-02
-3.001848608255386353e-02
6.570483446121215820e-01
6.130474209785461426e-01
4.698276519775390625e-01
4.459890127182006836e-01
-6.952285766601562500e-01
-7.070094347000122070e-01
-6.922491192817687988e-01
-7.019001245498657227e-01
-1.604185253381729126e-02
-8.876396715641021729e-02
-8.182401210069656372e-02
-1.401998847723007202e-02
6.087650656700134277e-01
5.107976198196411133e-01
4.850199520587921143e-01
5.094988346099853516e-01
-6.911950707435607910e-01
-6.870653629302978516e-01
-7.918649911880493164e-01
-7.323824763298034668e-01
2.034268528223037720e-02
1.337125152349472046e-01
3.710474818944931030e-03
-1.100717484951019287e-01
6.246850490570068359e-01
9.109432101249694824e-01
7.482436895370483398e-01
4.888613820075988770e-01
-8.428218364715576172e-01
-6.965020895004272461e-01
-7.467223405838012695e-01
-8.477369546890258789e-01
1.261341571807861328e-01
5.440541505813598633e-01
6.151412725448608398e-01
3.099997639656066895e-01
1.069138884544372559e+00
1.603692531585693359e+00
1.891896724700927734e+00
1.464939236640930176e+00
-3.138632178306579590e-01
-4.572781920433044434e-01
-6.445806026458740234e-01
-4.736568927764892578e-01
8.440991640090942383e-01
8.510900735855102539e-01
4.236963987350463867e-01
5.028828978538513184e-01
1.748267054557800293e+00
1.990621209144592285e+00
1.472438931465148926e+00
1.282310843467712402e+00
-9.426226019859313965e-01
-8.794921636581420898e-01
-8.930601477622985840e-01
-8.870412111282348633e-01
2.408491671085357666e-01
2.507019937038421631e-01
1.206348910927772522e-01
1.988235712051391602e-01
1.361328482627868652e+00
1.321083188056945801e+00
9.175865054130554199e-01
1.139653563499450684e+00
-7.409708499908447266e-01
-6.991234421730041504e-01
-6.097596883773803711e-01
-6.595805287361145020e-01
-1.180698722600936890e-02
-7.442298531532287598e-02
5.130526423454284668e-02
7.622584700584411621e-02
7.032521367073059082e-01
5.841410756111145020e-01
5.014309883117675781e-01
6.414689421653747559e-01
-5.764010548591613770e-01
-6.021327972412109375e-01
-5.787934064865112305e-01
-5.895561575889587402e-01
5.914942920207977295e-02
3.408668935298919678e-02
3.500294685363769531e-02
5.491720139980316162e-02
5.804046392440795898e-01
5.188338756561279297e-01
5.267080664634704590e-01
5.560234785079956055e-01
-6.722850799560546875e-01
-6.831072568893432617e-01
-6.801041364669799805e-01
-6.690300703048706055e-01
2.700621634721755981e-02
8.133687078952789307e-03
3.391982614994049072e-02
5.972199887037277222e-02
5.548885464668273926e-01
5.593394041061401367e-01
5.591762065887451172e-01
5.800071358680725098e-01
-7.062343358993530273e-01
-7.578168511390686035e-01
-8.490253090858459473e-01
-8.192814588546752930e-01
-3.929198160767555237e-02
-5.233609303832054138e-02
-2.024086266756057739e-01
-1.744123697280883789e-01
5.380749702453613281e-01
6.415052413940429688e-01
5.089216828346252441e-01
4.618890285491943359e-01
-1.010861277580261230e+00
-9.642580151557922363e-01
-1.028795123100280762e+00
-1.022829413414001465e+00
-1.465698480606079102e-01
1.762689799070358276e-01
1.983497887849807739e-01
1.632874086499214172e-02
8.861250281333923340e-01
1.353916525840759277e+00
1.358298659324645996e+00
1.004571676254272461e+00
-5.472754836082458496e-01
-5.407342314720153809e-01
-6.621128916740417480e-01
-6.564977765083312988e-01
3.591345548629760742e-01
4.470751285552978516e-01
2.151318490505218506e-01
7.039796561002731323e-02
9.986991286277770996e-01
1.306617617607116699e+00
1.081521034240722656e+00
6.758270263671875000e-01
-8.211011290550231934e-01
-7.839041948318481445e-01
-7.604352831840515137e-01
-7.435934543609619141e-01
1.679748147726058960e-01
2.250014245510101318e-01
1.582824289798736572e-01
1.914770454168319702e-01
1.202184915542602539e+00
1.228322029113769531e+00
8.402358889579772949e-01
7.523189187049865723e-01
-6.458975076675415039e-01
-6.140282154083251953e-01
-5.628212690353393555e-01
-6.160019040107727051e-01
1.190669313073158264e-01
5.256131291389465332e-02
-1.789943128824234009e-02
4.999776929616928101e-02
7.705076336860656738e-01
5.609086751937866211e-01
2.963093519210815430e-01
5.344805717468261719e-01
-5.659053921699523926e-01
-5.977832674980163574e-01
-6.255174279212951660e-01
-5.937384366989135742e-01
6.516116112470626831e-02
1.763895153999328613e-03
-1.119637787342071533e-01
-4.183888435363769531e-03
4.115426540374755859e-01
3.950338065624237061e-01
2.419290840625762939e-01
3.950701355934143066e-01
-6.851058006286621094e-01
-6.581471562385559082e-01
-6.698793172836303711e-01
-7.039772868156433105e-01
-1.088910549879074097e-01
-1.653476431965827942e-02
-4.827563837170600891e-02
-7.210823893547058105e-02
2.494084388017654419e-01
4.240812957286834717e-01
4.181547462940216064e-01
3.663024306297302246e-01
-7.362082600593566895e-01
-8.322198987007141113e-01
-8.698085546493530273e-01
-8.330280184745788574e-01
-1.652249097824096680e-01
-1.615351140499114990e-01
-1.423078179359436035e-01
-1.692354381084442139e-01
2.862206697463989258e-01
5.154216885566711426e-01
4.274401962757110596e-01
2.968952357769012451e-01
-1.015402317047119141e+00
-9.981068968772888184e-01
-1.022287726402282715e+00
-1.049099564552307129e+00
-1.265340745449066162e-01
7.477709650993347168e-02
8.289106190204620361e-03
-1.205101981759071350e-01
7.207106351852416992e-01
1.200001597404479980e+00
8.931673169136047363e-01
5.560216307640075684e-01
