-9.305531978607177734e-01
-9.423390030860900879e-01
-1.071382284164428711e+00
-1.029196023941040039e+00
-3.083609342575073242e-01
-4.026913642883300781e-01
-4.456579685211181641e-01
-3.325288295745849609e-01
1.865044832229614258e-01
1.678802967071533203e-01
2.875542640686035156e-01
2.842993736267089844e-01
-1.099104404449462891e+00
-1.002026081085205078e+00
-9.749026298522949219e-01
-1.002034068107604980e+00
-4.796733260154724121e-01
-4.039470553398132324e-01
-2.946871519088745117e-01
-3.298807144165039062e-01
2.640202045440673828e-01
1.245955228805541992e-01
1.455273628234863281e-01
2.444580793380737305e-01
-8.129562735557556152e-01
-8.219869136810302734e-01
-7.458396553993225098e-01
-7.862892746925354004e-01
-3.792898654937744141e-01
-3.874897956848144531e-01
-4.411203265190124512e-01
-4.395061731338500977e-01
4.254841804504394531e-02
-1.028311252593994141e-02
-2.523204088211059570e-01
-2.017656564712524414e-01
-7.163810729980468750e-01
-8.063993453979492188e-01
-7.063806056976318359e-01
-6.528853774070739746e-01
-3.769103288650512695e-01
-4.141328334808349609e-01
-4.407792091369628906e-01
-4.125688076019287109e-01
-1.796009540557861328e-01
-1.535063982009887695e-01
-3.227719068527221680e-01
-3.335605859756469727e-01
-7.293151617050170898e-01
-7.666782736778259277e-01
-7.209631800651550293e-01
-7.341865897178649902e-01
-4.466152787208557129e-01
-4.419072270393371582e-01
-3.866072893142700195e-01
-4.104133844375610352e-01
-3.182249069213867188e-01
-2.629698514938354492e-01
-1.515829563140869141e-01
-1.778150796890258789e-01
-8.483601808547973633e-01
-8.553440570831298828e-01
-9.491223692893981934e-01
-9.566319584846496582e-01
-3.809934854507446289e-01
-3.658612966537475586e-01
-4.008244872093200684e-01
-4.644924402236938477e-01
-8.802235126495361328e-02
-6.220185756683349609e-02
6.407618522644042969e-02
1.597321033477783203e-02
-1.034635543823242188e+00
-9.523438215255737305e-01
-9.839573502540588379e-01
-1.081526041030883789e+00
-4.426931142807006836e-01
-5.205566883087158203e-01
-4.445778131484985352e-01
-3.539907336235046387e-01
1.709198951721191406e-02
-2.180812358856201172e-01
1.048510074615478516e-01
3.622440099716186523e-01
-1.044279813766479492e+00
-1.154746174812316895e+00
-1.253683686256408691e+00
-1.167269110679626465e+00
-3.532142043113708496e-01
-3.776637315750122070e-01
-5.780963897705078125e-01
-5.263282060623168945e-01
2.933208942413330078e-01
2.456229925155639648e-01
1.531326770782470703e-01
8.593153953552246094e-02
-1.178200602531433105e+00
-1.084772706031799316e+00
-1.062901973724365234e+00
-1.109279155731201172e+00
-4.887585043907165527e-01
-4.564523100852966309e-01
-4.595571756362915039e-01
-4.744571447372436523e-01
1.749300956726074219e-01
3.237211704254150391e-02
-1.521086692810058594e-02
8.586382865905761719e-02
-7.382360696792602539e-01
-6.961380243301391602e-01
-6.252673864364624023e-01
-7.051782608032226562e-01
-4.237761497497558594e-01
-4.419710636138916016e-01
-4.397621154785156250e-01
-4.782678484916687012e-01
-9.182238578796386719e-02
-1.776872873306274414e-01
-3.923380374908447266e-01
-2.633338570594787598e-01
-6.187516450881958008e-01
-6.119924187660217285e-01
-6.382379531860351562e-01
-6.618453264236450195e-01
-4.438562393188476562e-01
-4.032727479934692383e-01
-4.009026288986206055e-01
-4.479416608810424805e-01
-3.477132916450500488e-01
-3.050214052200317383e-01
-2.922151088714599609e-01
-2.966459989547729492e-01
-6.878820657730102539e-01
-7.071091532707214355e-01
-7.200058698654174805e-01
-6.995133161544799805e-01
-4.869223833084106445e-01
-4.800910353660583496e-01
-3.695355653762817383e-01
-4.407832622528076172e-01
-3.776812553405761719e-01
-2.590359449386596680e-01
-1.173185110092163086e-01
-2.385355234146118164e-01
-8.580465316772460938e-01
-9.421809911727905273e-01
-9.959170818328857422e-01
-9.261074066162109375e-01
-4.211320877075195312e-01
-3.889298439025878906e-01
-4.197270870208740234e-01
-4.980794191360473633e-01
-1.118534803390502930e-01
9.684753417968750000e-02
1.935245990753173828e-01
-7.757508754730224609e-02
-1.122207403182983398e+00
-1.159445047378540039e+00
-1.117987513542175293e+00
-1.064925909042358398e+00
-4.359446763992309570e-01
-4.095259308815002441e-01
-2.712643146514892578e-01
-2.349376678466796875e-01
2.623182535171508789e-01
1.710019111633300781e-01
4.941911697387695312e-01
5.080134868621826172e-01
-9.545125961303710938e-01
-1.078503847122192383e+00
-1.162755846977233887e+00
-1.041970014572143555e+00
-4.132740497589111328e-01
-5.226223468780517578e-01
-6.506484746932983398e-01
-5.722425580024719238e-01
1.854897737503051758e-01
7.701015472412109375e-02
3.611099720001220703e-02
2.197027206420898438e-03
-1.123584151268005371e+00
-1.059064388275146484e+00
-9.555104970932006836e-01
-9.967062473297119141e-01
-6.386586427688598633e-01
-4.931315779685974121e-01
-3.195791840553283691e-01
-4.471910595893859863e-01
4.353284835815429688e-03
-1.332890987396240234e-02
9.035956859588623047e-02
5.491089820861816406e-02
-7.541577816009521484e-01
-7.461683154106140137e-01
-6.793306469917297363e-01
-7.202342152595520020e-01
-4.802590608596801758e-01
-4.953086972236633301e-01
-4.207274317741394043e-01
-4.325810074806213379e-01
-2.142751216888427734e-01
-2.779393196105957031e-01
-1.995981931686401367e-01
-1.554076671600341797e-01
-7.195488214492797852e-01
-7.078430652618408203e-01
-7.342074513435363770e-01
-7.587112188339233398e-01
-4.253447055816650391e-01
-4.566711783409118652e-01
-4.947838187217712402e-01
-4.608580470085144043e-01
-2.483679056167602539e-01
-2.363545894622802734e-01
-2.933939099311828613e-01
-2.406545877456665039e-01
-7.555323839187622070e-01
-7.740324139595031738e-01
-7.930096387863159180e-01
-8.008370399475097656e-01
-4.472379088401794434e-01
-4.605498313903808594e-01
-4.697675108909606934e-01
-4.708590507507324219e-01
-1.890759468078613281e-01
-2.203933596611022949e-01
-2.411519885063171387e-01
-2.295740842819213867e-01
-7.868380546569824219e-01
-8.559570312500000000e-01
-9.123086929321289062e-01
-8.552234172821044922e-01
-3.520001173019409180e-01
-4.438053965568542480e-01
-5.182126164436340332e-01
-5.143648982048034668e-01
1.537394523620605469e-02
-2.347850799560546875e-02
-7.690906524658203125e-02
-1.550397872924804688e-01
-9.971130490303039551e-01
-9.329380989074707031e-01
-9.607326984405517578e-01
-9.285591840744018555e-01
-3.383158445358276367e-01
-1.793540716171264648e-01
-1.230921745300292969e-01
-2.392061948776245117e-01
2.380745410919189453e-01
3.903713226318359375e-01
6.527158021926879883e-01
4.835636615753173828e-01
-8.313593864440917969e-01
-9.555522203445434570e-01
-1.021012544631958008e+00
-8.697489500045776367e-01
-1.757061481475830078e-01
-3.407196998596191406e-01
-4.146822094917297363e-01
-2.568320035934448242e-01
3.686054944992065430e-01
1.510225534439086914e-01
1.990938186645507812e-01
3.211526870727539062e-01
-1.080887317657470703e+00
-9.559367895126342773e-01
-8.959109187126159668e-01
-9.413164854049682617e-01
-4.396106600761413574e-01
-3.952232003211975098e-01
-2.819589376449584961e-01
-3.529183268547058105e-01
1.333993673324584961e-01
5.500090122222900391e-02
1.583201885223388672e-01
1.954294443130493164e-01
-7.560083866119384766e-01
-7.432166934013366699e-01
-7.115591168403625488e-01
-7.350639700889587402e-01
-4.186645150184631348e-01
-5.182123184204101562e-01
-4.743564128875732422e-01
-3.731455802917480469e-01
-1.268903017044067383e-01
-2.778130769729614258e-01
-2.031660079956054688e-01
-5.493211746215820312e-02
-7.294775843620300293e-01
-7.327911257743835449e-01
-7.275886535644531250e-01
-7.272824048995971680e-01
-4.729270935058593750e-01
-4.768869280815124512e-01
-4.749829769134521484e-01
-4.367989301681518555e-01
-2.372953891754150391e-01
-2.624999880790710449e-01
-2.801963686943054199e-01
-1.818114519119262695e-01
-7.131480574607849121e-01
-7.537619471549987793e-01
-7.481180429458618164e-01
-7.494689822196960449e-01
-4.480048418045043945e-01
-3.976836204528808594e-01
-4.537522196769714355e-01
-5.200340151786804199e-01
-2.948122024536132812e-01
-1.556870937347412109e-01
-2.109434604644775391e-01
-3.445385694503784180e-01
-8.333444595336914062e-01
-8.958117961883544922e-01
-9.624946117401123047e-01
-8.999574184417724609e-01
-3.689658641815185547e-01
-4.674336314201354980e-01
-4.537714719772338867e-01
-4.641489982604980469e-01
-5.639350414276123047e-02
-1.571643352508544922e-02
5.901300907135009766e-02
-6.065201759338378906e-02
-1.070628285408020020e+00
-1.003716707229614258e+00
-1.017496824264526367e+00
-1.056281089782714844e+00
-3.035269379615783691e-01
-1.306574344635009766e-01
-9.820902347564697266e-02
-2.543176412582397461e-01
2.930712699890136719e-01
5.216306447982788086e-01
7.014394998550415039e-01
4.616432189941406250e-01
-7.952811717987060547e-01
-8.731703162193298340e-01
-1.012717723846435547e+00
-8.941808342933654785e-01
-5.256867408752441406e-02
-1.212904453277587891e-01
-2.661784887313842773e-01
-1.580348014831542969e-01
5.444194078445434570e-01
4.633288383483886719e-01
3.834552764892578125e-01
4.625079631805419922e-01
-9.861148595809936523e-01
-8.824847340583801270e-01
-8.160507678985595703e-01
-8.874217867851257324e-01
-3.479908704757690430e-01
-2.752944231033325195e-01
-2.662708759307861328e-01
-3.244054317474365234e-01
1.869647502899169922e-01
1.999483108520507812e-01
1.419872045516967773e-01
1.527038812637329102e-01
-7.732356190681457520e-01
-7.627280950546264648e-01
-7.448441982269287109e-01
-7.743465900421142578e-01
-4.172240495681762695e-01
-4.362797141075134277e-01
-4.385370612144470215e-01
-3.927248716354370117e-01
-1.207205057144165039e-01
-1.704424619674682617e-01
-1.654148101806640625e-01
-9.724509716033935547e-02
-7.251152396202087402e-01
-7.585266828536987305e-01
-7.277928590774536133e-01
-7.194938659667968750e-01
-4.676668047904968262e-01
-4.702269434928894043e-01
-4.909379482269287109e-01
-4.514968395233154297e-01
-2.561846971511840820e-01
-2.373086214065551758e-01
-2.653523087501525879e-01
-2.741918563842773438e-01
-6.860278844833374023e-01
-6.922183632850646973e-01
-6.759741902351379395e-01
-7.090163826942443848e-01
-5.102903246879577637e-01
-4.509024620056152344e-01
-4.188898801803588867e-01
-5.059632658958435059e-01
-3.373061418533325195e-01
-2.805880308151245117e-01
-2.335350513458251953e-01
-3.177733421325683594e-01
-8.570996522903442383e-01
-8.956683278083801270e-01
-1.021124362945556641e+00
-9.318585395812988281e-01
-3.552891016006469727e-01
-4.337905645370483398e-01
-4.966269135475158691e-01
-4.874730706214904785e-01
-4.900991916656494141e-02
9.382963180541992188e-03
3.796815872192382812e-02
-8.114278316497802734e-02
-1.087712407112121582e+00
-9.966528415679931641e-01
-9.789246916770935059e-01
-1.045583486557006836e+00
-3.901556730270385742e-01
-2.146042585372924805e-01
-2.100285291671752930e-01
-2.977030873298645020e-01
2.817766666412353516e-01
4.393093585968017578e-01
5.412534475326538086e-01
3.893693685531616211e-01
-9.881840348243713379e-01
-9.860866069793701172e-01
-1.090076684951782227e+00
-1.074674606323242188e+00
-1.389050483703613281e-01
-1.839666366577148438e-01
-3.851741552352905273e-01
-2.797173261642456055e-01
7.941248416900634766e-01
5.890974998474121094e-01
3.676601648330688477e-01
5.529184341430664062e-01
-1.017470240592956543e+00
-9.246956110000610352e-01
-9.026062488555908203e-01
-9.915686845779418945e-01
-4.246747493743896484e-01
-3.674004077911376953e-01
-3.373373150825500488e-01
-4.312555789947509766e-01
2.302623987197875977e-01
1.095260381698608398e-01
5.844438076019287109e-02
1.900535821914672852e-01
-8.090149760246276855e-01
-8.165906667709350586e-01
-8.077615499496459961e-01
-8.423068523406982422e-01
-4.670395851135253906e-01
-4.728232026100158691e-01
-4.642404913902282715e-01
-4.999544620513916016e-01
-1.162896156311035156e-01
-1.370335817337036133e-01
-2.233432531356811523e-01
-1.968803405761718750e-01
-7.676141858100891113e-01
-7.501394152641296387e-01
-7.210775613784790039e-01
-7.563346624374389648e-01
-4.253759980201721191e-01
-4.152827262878417969e-01
-4.215543866157531738e-01
-4.554306864738464355e-01
-1.315938234329223633e-01
-2.014933824539184570e-01
-2.398766279220581055e-01
-2.105448246002197266e-01
-6.625863313674926758e-01
-6.965613365173339844e-01
-6.826235651969909668e-01
-6.710632443428039551e-01
-4.515060782432556152e-01
-5.118238925933837891e-01
-4.815766811370849609e-01
-4.246560335159301758e-01
-2.925680875778198242e-01
-3.607244491577148438e-01
-2.817203998565673828e-01
-2.062470912933349609e-01
-7.839823961257934570e-01
-8.687201738357543945e-01
-9.343917369842529297e-01
-8.861533999443054199e-01
-4.114787578582763672e-01
-3.559405803680419922e-01
-4.171800017356872559e-01
-5.131939649581909180e-01
-1.099679470062255859e-01
5.645227432250976562e-02
9.733128547668457031e-02
-1.053165197372436523e-01
-1.113603472709655762e+00
-1.057894825935363770e+00
-1.040828943252563477e+00
-1.069029092788696289e+00
-4.884154796600341797e-01
-2.432461977005004883e-01
-2.288686037063598633e-01
-3.709001541137695312e-01
2.395083904266357422e-01
4.914710521697998047e-01
4.250321388244628906e-01
1.723271608352661133e-01
-8.799965381622314453e-01
-1.025157690048217773e+00
-1.063482046127319336e+00
-8.973381519317626953e-01
-1.593468189239501953e-01
-2.694961428642272949e-01
-2.387160062789916992e-01
-1.041922569274902344e-01
4.813072681427001953e-01
5.793106555938720703e-01
5.531328916549682617e-01
4.815510511398315430e-01
-1.027966022491455078e+00
-1.009757041931152344e+00
-9.021000862121582031e-01
-9.312371611595153809e-01
-4.054690599441528320e-01
-5.111699700355529785e-01
-4.125503301620483398e-01
-2.601263523101806641e-01
3.833390474319458008e-01
6.434881687164306641e-02
-4.564380645751953125e-02
2.775431871414184570e-01
-7.473028898239135742e-01
-8.160543441772460938e-01
-7.595403790473937988e-01
-7.322645783424377441e-01
-3.910684585571289062e-01
-4.601142406463623047e-01
-5.018979907035827637e-01
-4.310106039047241211e-01
-9.348630905151367188e-03
-1.669095754623413086e-01
-3.466770052909851074e-01
-1.853977441787719727e-01
-7.167664170265197754e-01
-6.981523036956787109e-01
-6.676713228225708008e-01
-6.918032765388488770e-01
-4.254381656646728516e-01
-4.045686721801757812e-01
-4.668305516242980957e-01
-4.589083194732666016e-01
-2.544472217559814453e-01
-2.724521160125732422e-01
-3.645620346069335938e-01
-2.783008813858032227e-01
-7.224822044372558594e-01
-7.595027685165405273e-01
-7.586190104484558105e-01
-7.574205398559570312e-01
-4.403558373451232910e-01
-4.676350355148315430e-01
-3.742444515228271484e-01
-3.246033191680908203e-01
-3.056872487068176270e-01
-2.823987007141113281e-01
-1.700549125671386719e-01
-1.449681520462036133e-01
-7.999731302261352539e-01
-8.628586530685424805e-01
-9.137907028198242188e-01
-8.998034000396728516e-01
-3.899074792861938477e-01
-4.394824504852294922e-01
-3.905708193778991699e-01
-3.902240991592407227e-01
-1.521184444427490234e-01
-2.256345748901367188e-02
2.711462974548339844e-02
-3.392517566680908203e-02
-9.643397331237792969e-01
-9.781027436256408691e-01
-9.538596868515014648e-01
-9.844317436218261719e-01
-4.077691435813903809e-01
-3.319534063339233398e-01
-3.358207345008850098e-01
-4.314898252487182617e-01
3.874158859252929688e-02
3.669148683547973633e-01
2.207891941070556641e-01
-1.055042743682861328e-01
