-2.091456174850463867e+00
-2.265139818191528320e+00
-2.674158096313476562e+00
-2.466224908828735352e+00
1.912683248519897461e+00
1.534039258956909180e+00
8.693818449974060059e-01
1.305416107177734375e+00
5.375679492950439453e+00
4.847406387329101562e+00
4.229060649871826172e+00
4.384803771972656250e+00
-2.625664949417114258e+00
-2.368397951126098633e+00
-2.350422859191894531e+00
-2.576635360717773438e+00
7.560878992080688477e-01
5.572438240051269531e-01
-1.004213765263557434e-01
1.345994919538497925e-01
4.325946331024169922e+00
3.231773376464843750e+00
1.595128178596496582e+00
2.616214752197265625e+00
-2.010033130645751953e+00
-2.362226724624633789e+00
-2.420787811279296875e+00
-2.210437774658203125e+00
5.173392221331596375e-02
-7.124801874160766602e-01
-1.188202977180480957e+00
-5.229387879371643066e-01
2.008799552917480469e+00
9.328663945198059082e-01
-2.416273206472396851e-01
7.154582142829895020e-01
-2.721039772033691406e+00
-2.939197778701782227e+00
-2.776850938796997070e+00
-2.539235591888427734e+00
-9.333468675613403320e-01
-1.197608351707458496e+00
-1.323584079742431641e+00
-9.591249823570251465e-01
4.480046629905700684e-01
1.808105707168579102e-01
-1.913802921772003174e-01
2.413231432437896729e-01
-2.650310277938842773e+00
-2.672070503234863281e+00
-2.330529928207397461e+00
-2.400766372680664062e+00
-1.342475771903991699e+00
-1.243054270744323730e+00
-7.265604138374328613e-01
-9.523633718490600586e-01
-2.868658006191253662e-01
-5.982610583305358887e-02
3.558925688266754150e-01
1.512877792119979858e-01
-2.200035095214843750e+00
-2.446205615997314453e+00
-2.452231407165527344e+00
-2.412583827972412109e+00
-7.362864613533020020e-01
-1.239977955818176270e+00
-1.067344307899475098e+00
-7.489930391311645508e-01
5.853136256337165833e-02
-3.692954182624816895e-01
1.308199167251586914e-01
4.224170446395874023e-01
-3.075041294097900391e+00
-3.144385576248168945e+00
-3.373467683792114258e+00
-3.304634094238281250e+00
-1.468933463096618652e+00
-1.593028187751770020e+00
-1.772057652473449707e+00
-1.457046627998352051e+00
-2.613665908575057983e-02
-5.608223080635070801e-01
-2.338756471872329712e-01
4.261156320571899414e-01
-1.933333992958068848e+00
-2.231299638748168945e+00
-2.485684871673583984e+00
-1.912280678749084473e+00
1.182977557182312012e+00
4.202752113342285156e-01
-5.618634447455406189e-02
1.075499534606933594e+00
4.278575897216796875e+00
3.140485286712646484e+00
2.308280944824218750e+00
3.349126815795898438e+00
-2.436373710632324219e+00
-2.274146556854248047e+00
-2.146404266357421875e+00
-2.224712371826171875e+00
-6.844335198402404785e-01
-5.180592536926269531e-01
-3.589911162853240967e-01
-2.041807174682617188e-01
1.647013902664184570e+00
1.328909873962402344e+00
1.196564197540283203e+00
1.984166026115417480e+00
-2.062075614929199219e+00
-2.116230249404907227e+00
-2.186446428298950195e+00
-2.129379749298095703e+00
-6.244246363639831543e-01
-7.069553732872009277e-01
-5.778784751892089844e-01
-4.328674674034118652e-01
5.964049100875854492e-01
5.129339098930358887e-01
5.912550091743469238e-01
9.405663013458251953e-01
-2.256062746047973633e+00
-2.242274284362792969e+00
-2.227990150451660156e+00
-2.254461050033569336e+00
-5.659332275390625000e-01
-6.166137456893920898e-01
-6.319063901901245117e-01
-5.035666823387145996e-01
7.435601353645324707e-01
6.916282176971435547e-01
6.133387088775634766e-01
8.464719057083129883e-01
-2.071097373962402344e+00
-2.008858203887939453e+00
-2.018553972244262695e+00
-2.056423902511596680e+00
-7.854030728340148926e-01
-5.485499501228332520e-01
-1.822495758533477783e-01
-4.864925146102905273e-01
3.245389461517333984e-01
6.159195303916931152e-01
1.092519521713256836e+00
7.659500837326049805e-01
-2.276977062225341797e+00
-2.501201868057250977e+00
-2.776050567626953125e+00
-2.574916124343872070e+00
-3.975773155689239502e-01
-8.958000540733337402e-01
-1.002431392669677734e+00
-6.220909953117370605e-01
6.900887489318847656e-01
2.656549215316772461e-01
6.092936992645263672e-01
8.184137940406799316e-01
-3.374229669570922852e+00
-3.443726539611816406e+00
-3.584176063537597656e+00
-3.387706041336059570e+00
-1.600290060043334961e+00
-1.802156567573547363e+00
-1.677338957786560059e+00
-1.168280005455017090e+00
4.551757872104644775e-01
-2.099407315254211426e-01
4.070707559585571289e-01
1.158583521842956543e+00
-1.950605034828186035e+00
-2.012833595275878906e+00
-2.698534488677978516e+00
-2.266915798187255859e+00
1.293797373771667480e+00
1.142004013061523438e+00
1.613073498010635376e-01
6.594901084899902344e-01
4.160371303558349609e+00
3.361973524093627930e+00
2.832373619079589844e+00
3.690321445465087891e+00
-2.924398183822631836e+00
-2.578756093978881836e+00
-2.527631759643554688e+00
-2.794008731842041016e+00
-7.838440537452697754e-01
-3.994836807250976562e-01
-2.123531401157379150e-01
-3.911418020725250244e-01
1.423333406448364258e+00
1.420795440673828125e+00
1.798755049705505371e+00
2.091770172119140625e+00
-2.389496564865112305e+00
-2.406472682952880859e+00
-2.268783807754516602e+00
-2.362326622009277344e+00
-5.497517585754394531e-01
-2.316581010818481445e-01
-2.330379188060760498e-01
-7.468765974044799805e-01
8.609580993652343750e-01
1.203451395034790039e+00
1.221636533737182617e+00
7.963607311248779297e-01
-2.383342266082763672e+00
-2.374541521072387695e+00
-2.395355224609375000e+00
-2.395363330841064453e+00
-3.106208145618438721e-01
-2.928780019283294678e-01
-3.904832303524017334e-01
-4.188252091407775879e-01
1.375233173370361328e+00
1.480045795440673828e+00
1.122215032577514648e+00
1.110850214958190918e+00
-2.135772705078125000e+00
-2.135406732559204102e+00
-2.144534826278686523e+00
-2.156960964202880859e+00
-2.657017111778259277e-01
-4.945843815803527832e-01
-5.473482012748718262e-01
-4.058627486228942871e-01
1.110285162925720215e+00
8.268538713455200195e-01
6.901342868804931641e-01
1.004185676574707031e+00
-2.238904953002929688e+00
-2.567184686660766602e+00
-2.821494579315185547e+00
-2.415479183197021484e+00
-3.519816994667053223e-01
-7.300622463226318359e-01
-1.086744308471679688e+00
-7.438741326332092285e-01
1.008249521255493164e+00
6.501948833465576172e-01
5.569257736206054688e-01
7.961399555206298828e-01
-3.269250154495239258e+00
-3.279793977737426758e+00
-3.204004049301147461e+00
-2.963738441467285156e+00
-1.182916402816772461e+00
-1.087048768997192383e+00
-7.649328708648681641e-01
-3.740326762199401855e-01
1.002884745597839355e+00
5.921869277954101562e-01
1.658591270446777344e+00
2.287257909774780273e+00
-2.489600419998168945e+00
-2.829649448394775391e+00
-3.289024353027343750e+00
-2.806369066238403320e+00
1.210920572280883789e+00
8.756858706474304199e-01
-8.556769043207168579e-02
4.595851898193359375e-01
4.582076072692871094e+00
3.934740304946899414e+00
2.766207456588745117e+00
3.599553823471069336e+00
-3.396037101745605469e+00
-3.220483064651489258e+00
-2.942044734954833984e+00
-3.034223556518554688e+00
-5.654462575912475586e-01
-6.385124325752258301e-01
-5.590686202049255371e-01
-5.852200388908386230e-01
2.454693555831909180e+00
1.792192935943603516e+00
1.411671161651611328e+00
2.094461917877197266e+00
-2.181937456130981445e+00
-2.194806098937988281e+00
-2.101711988449096680e+00
-2.104031801223754883e+00
-3.006547689437866211e-01
-5.859603285789489746e-01
-5.780454277992248535e-01
-5.354459285736083984e-01
1.395703315734863281e+00
1.077440619468688965e+00
6.214773654937744141e-01
7.453644275665283203e-01
-2.061107635498046875e+00
-2.169761896133422852e+00
-2.214071750640869141e+00
-2.129849195480346680e+00
-3.715336620807647705e-01
-3.989493548870086670e-01
-5.148952007293701172e-01
-4.706885516643524170e-01
1.212031364440917969e+00
1.220850706100463867e+00
8.815460205078125000e-01
9.745409488677978516e-01
-2.149552583694458008e+00
-2.208006381988525391e+00
-2.194536685943603516e+00
-2.174664258956909180e+00
-5.419279336929321289e-01
-7.097988724708557129e-01
-6.359308362007141113e-01
-4.846971333026885986e-01
8.147314786911010742e-01
6.081372499465942383e-01
7.800707817077636719e-01
9.479051232337951660e-01
-2.340261936187744141e+00
-2.512634992599487305e+00
-2.845403194427490234e+00
-2.620598077774047852e+00
-4.582072496414184570e-01
-7.943376898765563965e-01
-8.277024626731872559e-01
-7.510198950767517090e-01
1.048152923583984375e+00
7.294559478759765625e-01
1.158960461616516113e+00
1.362497091293334961e+00
-3.042979717254638672e+00
-2.755644321441650391e+00
-2.695114612579345703e+00
-2.888462781906127930e+00
-2.277368456125259399e-01
5.859917402267456055e-02
5.646528601646423340e-01
4.822651147842407227e-01
2.261921644210815430e+00
2.282003879547119141e+00
3.405504465103149414e+00
3.646878242492675781e+00
-1.936253905296325684e+00
-2.387621164321899414e+00
-2.600712299346923828e+00
-1.931165099143981934e+00
1.287527441978454590e+00
6.541464328765869141e-01
-1.620376557111740112e-01
8.452174067497253418e-01
4.501430034637451172e+00
3.467797279357910156e+00
1.969092369079589844e+00
3.365301847457885742e+00
-2.729623079299926758e+00
-2.591222047805786133e+00
-2.275050878524780273e+00
-2.303603887557983398e+00
-6.563642024993896484e-01
-5.001782178878784180e-01
-2.103567123413085938e-01
-5.506986379623413086e-02
1.685455083847045898e+00
1.487732410430908203e+00
1.443064689636230469e+00
1.882857322692871094e+00
-1.950561046600341797e+00
-1.815981745719909668e+00
-1.736302495002746582e+00
-1.895583510398864746e+00
-4.007996916770935059e-01
-4.259307086467742920e-01
-2.497386932373046875e-01
-1.975771486759185791e-01
8.280898928642272949e-01
6.324350833892822266e-01
8.201693892478942871e-01
9.537036418914794922e-01
-1.893307209014892578e+00
-1.962715268135070801e+00
-2.068310737609863281e+00
-2.069531202316284180e+00
-3.796329498291015625e-01
-3.049151301383972168e-01
-3.434453606605529785e-01
-2.062221914529800415e-01
8.413133621215820312e-01
8.936758637428283691e-01
1.113353013992309570e+00
1.199975848197937012e+00
-2.160043954849243164e+00
-2.178579568862915039e+00
-2.088359594345092773e+00
-2.175621032714843750e+00
-5.156969428062438965e-01
-4.417600333690643311e-01
-2.909801006317138672e-01
-3.705450296401977539e-01
7.544161677360534668e-01
8.161910772323608398e-01
9.956025481224060059e-01
8.661881685256958008e-01
-2.415990114212036133e+00
-2.631771326065063477e+00
-2.818900346755981445e+00
-2.515714645385742188e+00
-1.901402771472930908e-01
-3.413276672363281250e-01
-6.058463454246520996e-01
-5.425527095794677734e-01
1.277135252952575684e+00
1.616002917289733887e+00
1.442688584327697754e+00
1.239341855049133301e+00
-2.824084997177124023e+00
-2.490918397903442383e+00
-2.133599281311035156e+00
-2.425784826278686523e+00
1.658638119697570801e-01
1.153859972953796387e+00
1.470723986625671387e+00
9.085176587104797363e-01
2.731424570083618164e+00
4.052836894989013672e+00
4.689769268035888672e+00
3.871049404144287109e+00
-1.538900971412658691e+00
-1.772794365882873535e+00
-2.187268257141113281e+00
-1.899891853332519531e+00
1.563541769981384277e+00
1.103683829307556152e+00
3.076990842819213867e-01
1.334238648414611816e+00
4.853711605072021484e+00
3.836847066879272461e+00
2.605077266693115234e+00
4.145412445068359375e+00
-2.566618919372558594e+00
-2.275067567825317383e+00
-2.275719404220581055e+00
-2.443391084671020508e+00
-3.581976890563964844e-01
-2.150274813175201416e-01
-7.960384339094161987e-02
-1.165194809436798096e-01
1.822612643241882324e+00
1.766393899917602539e+00
1.439322233200073242e+00
1.998200178146362305e+00
-2.103462934494018555e+00
-2.014392137527465820e+00
-2.033142566680908203e+00
-2.178746938705444336e+00
-5.417535305023193359e-01
-4.615767002105712891e-01
-6.166677474975585938e-01
-7.701205015182495117e-01
6.471993923187255859e-01
7.235308289527893066e-01
5.332817435264587402e-01
5.196021795272827148e-01
-2.309622764587402344e+00
-2.344996929168701172e+00
-2.334459781646728516e+00
-2.268545150756835938e+00
-5.945665836334228516e-01
-5.391273498535156250e-01
-6.237518787384033203e-01
-5.548022985458374023e-01
7.997770309448242188e-01
9.112833142280578613e-01
8.275238871574401855e-01
7.946840524673461914e-01
-2.142340183258056641e+00
-2.043401956558227539e+00
-1.930487394332885742e+00
-2.100091218948364258e+00
-4.841583669185638428e-01
-4.343954324722290039e-01
-6.398982405662536621e-01
-7.280859947204589844e-01
8.017720580101013184e-01
8.457688093185424805e-01
4.446116685867309570e-01
4.964693486690521240e-01
-2.066996812820434570e+00
-2.243557691574096680e+00
-2.689668416976928711e+00
-2.487365722656250000e+00
-3.268530964851379395e-01
-4.536889791488647461e-01
-7.408851385116577148e-01
-5.452432632446289062e-01
1.136669278144836426e+00
1.572224020957946777e+00
1.692924022674560547e+00
1.255095124244689941e+00
-2.836455345153808594e+00
-2.245973348617553711e+00
-2.148450851440429688e+00
-2.488669395446777344e+00
-5.044050812721252441e-01
8.585817217826843262e-01
1.677009224891662598e+00
8.453816175460815430e-01
2.691053867340087891e+00
4.109664440155029297e+00
5.007040023803710938e+00
3.901803016662597656e+00
-1.740223884582519531e+00
-2.046644926071166992e+00
-2.412193775177001953e+00
-2.013949155807495117e+00
1.381693482398986816e+00
1.243621230125427246e+00
5.556988120079040527e-01
1.105528473854064941e+00
3.875035762786865234e+00
4.230885505676269531e+00
3.118843078613281250e+00
3.279697179794311523e+00
-2.829905748367309570e+00
-2.688553810119628906e+00
-2.668842315673828125e+00
-2.781264781951904297e+00
-3.731148540973663330e-01
-3.205742835998535156e-01
-5.929511785507202148e-01
-4.386554956436157227e-01
2.125497817993164062e+00
1.918430924415588379e+00
1.140527486801147461e+00
1.572982072830200195e+00
-2.474967718124389648e+00
-2.495544672012329102e+00
-2.638060092926025391e+00
-2.696089744567871094e+00
-8.038231134414672852e-01
-1.016609549522399902e+00
-1.282964706420898438e+00
-1.214221596717834473e+00
7.275702357292175293e-01
3.358525633811950684e-01
-2.494435608386993408e-01
2.391472011804580688e-01
-2.757113933563232422e+00
-2.539495468139648438e+00
-2.630205392837524414e+00
-2.755227088928222656e+00
-8.797436952590942383e-01
-7.359641790390014648e-01
-1.083249688148498535e+00
-1.192843437194824219e+00
4.080024063587188721e-01
5.945796966552734375e-01
7.428920269012451172e-02
6.134638190269470215e-02
-2.301404237747192383e+00
-2.084659576416015625e+00
-1.998597145080566406e+00
-2.265965223312377930e+00
-1.109557032585144043e+00
-7.782898545265197754e-01
-5.155821442604064941e-01
-8.174190521240234375e-01
-1.337880492210388184e-01
2.470445334911346436e-01
8.154140710830688477e-01
6.995831131935119629e-01
-2.339571475982666016e+00
-2.561168432235717773e+00
-2.665892601013183594e+00
-2.650154352188110352e+00
-4.558003246784210205e-01
-4.053947329521179199e-02
3.911117017269134521e-01
-7.301014661788940430e-02
9.940477013587951660e-01
2.084779977798461914e+00
2.934014797210693359e+00
2.016834497451782227e+00
-2.738785028457641602e+00
-2.536194086074829102e+00
-2.291020870208740234e+00
-2.701862096786499023e+00
4.956291317939758301e-01
1.277375459671020508e+00
1.547239065170288086e+00
8.551700711250305176e-01
3.458702802658081055e+00
4.853741168975830078e+00
4.565580844879150391e+00
3.388259172439575195e+00
