-5.030763149261474609e-01
-5.014975666999816895e-01
-4.918552041053771973e-01
-4.942926764488220215e-01
-5.324579477310180664e-01
-5.290244817733764648e-01
-5.260460972785949707e-01
-5.356805920600891113e-01
-5.569753050804138184e-01
-5.576456785202026367e-01
-5.665740370750427246e-01
-5.660448074340820312e-01
-4.941653609275817871e-01
-4.962171912193298340e-01
-4.977791309356689453e-01
-4.952160120010375977e-01
-5.291714668273925781e-01
-5.268105864524841309e-01
-5.237984061241149902e-01
-5.230384469032287598e-01
-5.545521974563598633e-01
-5.534024238586425781e-01
-5.425505042076110840e-01
-5.481552481651306152e-01
-5.030395388603210449e-01
-5.027580857276916504e-01
-5.033251643180847168e-01
-5.039295554161071777e-01
-5.250188112258911133e-01
-5.218029618263244629e-01
-5.166732072830200195e-01
-5.159333944320678711e-01
-5.539819002151489258e-01
-5.461486577987670898e-01
-5.275808572769165039e-01
-5.311143398284912109e-01
-5.058217644691467285e-01
-5.045162439346313477e-01
-5.089728832244873047e-01
-5.078786611557006836e-01
-5.149594545364379883e-01
-5.078628063201904297e-01
-5.111010074615478516e-01
-5.158354043960571289e-01
-5.290322899818420410e-01
-5.258504748344421387e-01
-5.225465297698974609e-01
-5.245414972305297852e-01
-5.074539184570312500e-01
-5.065763592720031738e-01
-5.072400569915771484e-01
-5.080662369728088379e-01
-5.131689906120300293e-01
-5.155238509178161621e-01
-5.261269807815551758e-01
-5.205686092376708984e-01
-5.298535227775573730e-01
-5.416696667671203613e-01
-5.400522947311401367e-01
-5.260691046714782715e-01
-5.078179836273193359e-01
-5.088750720024108887e-01
-5.039669275283813477e-01
-5.023679733276367188e-01
-5.292226076126098633e-01
-5.252898335456848145e-01
-5.269958972930908203e-01
-5.224566459655761719e-01
-5.425268411636352539e-01
-5.370156764984130859e-01
-5.467795729637145996e-01
-5.496628284454345703e-01
-4.985755681991577148e-01
-5.019840002059936523e-01
-4.994128942489624023e-01
-4.997894167900085449e-01
-5.221813917160034180e-01
-5.181233882904052734e-01
-5.148920416831970215e-01
-5.252822041511535645e-01
-5.502998232841491699e-01
-5.448241233825683594e-01
-5.383057594299316406e-01
-5.497788786888122559e-01
-4.981926083564758301e-01
-4.953870177268981934e-01
-4.936918020248413086e-01
-5.011616349220275879e-01
-5.306359529495239258e-01
-5.208287835121154785e-01
-5.153687596321105957e-01
-5.279734134674072266e-01
-5.696980357170104980e-01
-5.490980744361877441e-01
-5.443506240844726562e-01
-5.630878210067749023e-01
-5.004151463508605957e-01
-5.014984607696533203e-01
-5.028421282768249512e-01
-5.021919012069702148e-01
-5.131786465644836426e-01
-5.199937820434570312e-01
-5.224403142929077148e-01
-5.164495706558227539e-01
-5.351238250732421875e-01
-5.384382009506225586e-01
-5.352665781974792480e-01
-5.359406471252441406e-01
-5.074541568756103516e-01
-5.055196285247802734e-01
-5.076050162315368652e-01
-5.102822780609130859e-01
-5.222265720367431641e-01
-5.163779258728027344e-01
-5.208038091659545898e-01
-5.242447257041931152e-01
-5.319259166717529297e-01
-5.280834436416625977e-01
-5.267477035522460938e-01
-5.322781801223754883e-01
-5.101532340049743652e-01
-5.081056356430053711e-01
-5.115259289741516113e-01
-5.103384256362915039e-01
-5.175290107727050781e-01
-5.175608396530151367e-01
-5.166326165199279785e-01
-5.165486931800842285e-01
-5.233852267265319824e-01
-5.270127654075622559e-01
-5.235455632209777832e-01
-5.263171195983886719e-01
-5.132052898406982422e-01
-5.140271186828613281e-01
-5.118998885154724121e-01
-5.119436383247375488e-01
-5.211950540542602539e-01
-5.219846367835998535e-01
-5.249173641204833984e-01
-5.207918882369995117e-01
-5.236330032348632812e-01
-5.301610827445983887e-01
-5.301363468170166016e-01
-5.267521739006042480e-01
-5.032178759574890137e-01
-5.030686855316162109e-01
-4.987741410732269287e-01
-5.000248551368713379e-01
-5.215589404106140137e-01
-5.210864543914794922e-01
-5.207750201225280762e-01
-5.235918164253234863e-01
-5.381104350090026855e-01
-5.442080497741699219e-01
-5.475818514823913574e-01
-5.404775142669677734e-01
-4.966110587120056152e-01
-4.959198236465454102e-01
-4.952081441879272461e-01
-4.958688020706176758e-01
-5.182653069496154785e-01
-5.210998058319091797e-01
-5.249182581901550293e-01
-5.275418758392333984e-01
-5.463711023330688477e-01
-5.479290485382080078e-01
-5.599472522735595703e-01
-5.615776777267456055e-01
-4.994753003120422363e-01
-4.963423013687133789e-01
-4.956897497177124023e-01
-4.988568127155303955e-01
-5.408228039741516113e-01
-5.342693328857421875e-01
-5.204496979713439941e-01
-5.299650430679321289e-01
-5.733453035354614258e-01
-5.604655742645263672e-01
-5.546867847442626953e-01
-5.723755359649658203e-01
-5.006984472274780273e-01
-5.022463798522949219e-01
-5.019970536231994629e-01
-5.002068281173706055e-01
-5.142073631286621094e-01
-5.235173702239990234e-01
-5.273991823196411133e-01
-5.206116437911987305e-01
-5.328968167304992676e-01
-5.323027372360229492e-01
-5.397248268127441406e-01
-5.411451458930969238e-01
-5.049031972885131836e-01
-5.060147643089294434e-01
-5.059783458709716797e-01
-5.039334297180175781e-01
-5.228856801986694336e-01
-5.219770669937133789e-01
-5.215376615524291992e-01
-5.219053626060485840e-01
-5.301514267921447754e-01
-5.284072756767272949e-01
-5.309898853302001953e-01
-5.346457958221435547e-01
-5.075060725212097168e-01
-5.062313079833984375e-01
-5.087754130363464355e-01
-5.068342089653015137e-01
-5.142078399658203125e-01
-5.176682472229003906e-01
-5.188421607017517090e-01
-5.128268599510192871e-01
-5.269455313682556152e-01
-5.298179388046264648e-01
-5.266566872596740723e-01
-5.273103713989257812e-01
-5.085534453392028809e-01
-5.115987062454223633e-01
-5.110786557197570801e-01
-5.097382068634033203e-01
-5.228078365325927734e-01
-5.200162529945373535e-01
-5.166546702384948730e-01
-5.162557959556579590e-01
-5.325211286544799805e-01
-5.258735418319702148e-01
-5.262665748596191406e-01
-5.264501571655273438e-01
-5.056004524230957031e-01
-5.039297938346862793e-01
-4.987915158271789551e-01
-5.033390522003173828e-01
-5.230206251144409180e-01
-5.251470804214477539e-01
-5.229888558387756348e-01
-5.227459669113159180e-01
-5.403937697410583496e-01
-5.412180423736572266e-01
-5.424951910972595215e-01
-5.395117998123168945e-01
-4.940946102142333984e-01
-4.971719980239868164e-01
-4.991476833820343018e-01
-4.987363815307617188e-01
-5.207399725914001465e-01
-5.248612761497497559e-01
-5.270818471908569336e-01
-5.228512883186340332e-01
-5.521185398101806641e-01
-5.515791773796081543e-01
-5.562732815742492676e-01
-5.597981214523315430e-01
-4.978321492671966553e-01
-4.917207956314086914e-01
-4.888600111007690430e-01
-4.960046410560607910e-01
-5.393043756484985352e-01
-5.331513881683349609e-01
-5.232701301574707031e-01
-5.311067700386047363e-01
-5.831302404403686523e-01
-5.697498321533203125e-01
-5.519417524337768555e-01
-5.755484104156494141e-01
-4.916208982467651367e-01
-4.957946240901947021e-01
-4.973975718021392822e-01
-4.970457851886749268e-01
-5.179794430732727051e-01
-5.166107416152954102e-01
-5.207358598709106445e-01
-5.209215879440307617e-01
-5.456407666206359863e-01
-5.380374193191528320e-01
-5.434757471084594727e-01
-5.508573651313781738e-01
-5.033248662948608398e-01
-5.059172511100769043e-01
-5.069436430931091309e-01
-5.088068246841430664e-01
-5.219146013259887695e-01
-5.215170979499816895e-01
-5.207799673080444336e-01
-5.202159881591796875e-01
-5.368309617042541504e-01
-5.397524833679199219e-01
-5.295625925064086914e-01
-5.300735235214233398e-01
-5.104746222496032715e-01
-5.096504092216491699e-01
-5.141764879226684570e-01
-5.114060640335083008e-01
-5.181055068969726562e-01
-5.142019987106323242e-01
-5.181286931037902832e-01
-5.192694067955017090e-01
-5.284283757209777832e-01
-5.249939560890197754e-01
-5.224690437316894531e-01
-5.275738835334777832e-01
-5.095354318618774414e-01
-5.037925839424133301e-01
-5.038231015205383301e-01
-5.069012641906738281e-01
-5.173165202140808105e-01
-5.128692984580993652e-01
-5.172811150550842285e-01
-5.169326066970825195e-01
-5.261248946189880371e-01
-5.252603292465209961e-01
-5.323730707168579102e-01
-5.286085605621337891e-01
-5.003324151039123535e-01
-5.010749101638793945e-01
-4.984452426433563232e-01
-4.990488588809967041e-01
-5.252517461776733398e-01
-5.235650539398193359e-01
-5.165295004844665527e-01
-5.136089920997619629e-01
-5.422546863555908203e-01
-5.386465787887573242e-01
-5.310656428337097168e-01
-5.307819247245788574e-01
-4.951650500297546387e-01
-4.974469542503356934e-01
-4.970232248306274414e-01
-4.969416856765747070e-01
-5.175383687019348145e-01
-5.317755937576293945e-01
-5.288653969764709473e-01
-5.217530727386474609e-01
-5.431783795356750488e-01
-5.623261928558349609e-01
-5.682756900787353516e-01
-5.523229241371154785e-01
-5.014945268630981445e-01
-4.998191595077514648e-01
-4.958017468452453613e-01
-4.984201490879058838e-01
-5.327017307281494141e-01
-5.313194990158081055e-01
-5.222179889678955078e-01
-5.272149443626403809e-01
-5.646371245384216309e-01
-5.640291571617126465e-01
-5.458186268806457520e-01
-5.504977703094482422e-01
-4.958841800689697266e-01
-4.979207813739776611e-01
-4.992472231388092041e-01
-4.984201490879058838e-01
-5.181106925010681152e-01
-5.216930508613586426e-01
-5.208770036697387695e-01
-5.169982910156250000e-01
-5.412151813507080078e-01
-5.427148938179016113e-01
-5.396499633789062500e-01
-5.427457094192504883e-01
-5.102367401123046875e-01
-5.153644084930419922e-01
-5.129131078720092773e-01
-5.105969905853271484e-01
-5.184252262115478516e-01
-5.202166438102722168e-01
-5.187656879425048828e-01
-5.237728953361511230e-01
-5.311201214790344238e-01
-5.268073678016662598e-01
-5.227512717247009277e-01
-5.288681983947753906e-01
-5.146036744117736816e-01
-5.149205923080444336e-01
-5.141185522079467773e-01
-5.148600339889526367e-01
-5.141561627388000488e-01
-5.162119865417480469e-01
-5.209175348281860352e-01
-5.187858343124389648e-01
-5.170791745185852051e-01
-5.209428668022155762e-01
-5.237568020820617676e-01
-5.247914791107177734e-01
-5.124433636665344238e-01
-5.074074864387512207e-01
-5.089789628982543945e-01
-5.124871134757995605e-01
-5.202769637107849121e-01
-5.197761058807373047e-01
-5.213652253150939941e-01
-5.212073326110839844e-01
-5.236942768096923828e-01
-5.265160202980041504e-01
-5.328580141067504883e-01
-5.283923149108886719e-01
-5.021176338195800781e-01
-5.031316876411437988e-01
-4.971561431884765625e-01
-4.994808733463287354e-01
-5.197043418884277344e-01
-5.192891359329223633e-01
-5.202360749244689941e-01
-5.196444988250732422e-01
-5.286927819252014160e-01
-5.318057537078857422e-01
-5.400417447090148926e-01
-5.381558537483215332e-01
-4.952351152896881104e-01
-4.961903393268585205e-01
-5.006939172744750977e-01
-4.970844388008117676e-01
-5.183145403861999512e-01
-5.284897089004516602e-01
-5.343140363693237305e-01
-5.277075767517089844e-01
-5.403782129287719727e-01
-5.602764487266540527e-01
-5.713986158370971680e-01
-5.558573603630065918e-01
-4.994430243968963623e-01
-4.978164434432983398e-01
-4.949649572372436523e-01
-4.982280135154724121e-01
-5.272269845008850098e-01
-5.245280861854553223e-01
-5.197496414184570312e-01
-5.226489901542663574e-01
-5.582870841026306152e-01
-5.571988821029663086e-01
-5.471298694610595703e-01
-5.439056158065795898e-01
-4.974795579910278320e-01
-5.004551410675048828e-01
-5.023574829101562500e-01
-4.980199337005615234e-01
-5.176597237586975098e-01
-5.240933299064636230e-01
-5.305497646331787109e-01
-5.236285924911499023e-01
-5.425396561622619629e-01
-5.466974973678588867e-01
-5.438203215599060059e-01
-5.414455533027648926e-01
-5.065898895263671875e-01
-5.027900934219360352e-01
-5.038667321205139160e-01
-5.047503709793090820e-01
-5.231918096542358398e-01
-5.216678380966186523e-01
-5.211970806121826172e-01
-5.245655775070190430e-01
-5.329542160034179688e-01
-5.328868031501770020e-01
-5.343260765075683594e-01
-5.331507921218872070e-01
-5.080915689468383789e-01
-5.101133584976196289e-01
-5.133217573165893555e-01
-5.101457834243774414e-01
-5.165496468544006348e-01
-5.168412327766418457e-01
-5.226041078567504883e-01
-5.225405693054199219e-01
-5.315045118331909180e-01
-5.241041779518127441e-01
-5.244878530502319336e-01
-5.311674475669860840e-01
-5.092692971229553223e-01
-5.114362835884094238e-01
-5.099113583564758301e-01
-5.066984295845031738e-01
-5.255699753761291504e-01
-5.202264785766601562e-01
-5.192678570747375488e-01
-5.217781066894531250e-01
-5.277264714241027832e-01
-5.275362133979797363e-01
-5.273188352584838867e-01
-5.259264111518859863e-01
-5.071632266044616699e-01
-5.061161518096923828e-01
-5.029513835906982422e-01
-5.047310590744018555e-01
-5.217203497886657715e-01
-5.220558047294616699e-01
-5.193253159523010254e-01
-5.168652534484863281e-01
-5.343182086944580078e-01
-5.435327291488647461e-01
-5.326527357101440430e-01
-5.277100205421447754e-01
-5.053391456604003906e-01
-5.069385766983032227e-01
-5.060505270957946777e-01
-5.087617039680480957e-01
-5.207810401916503906e-01
-5.287677049636840820e-01
-5.347459912300109863e-01
-5.285447239875793457e-01
-5.443894267082214355e-01
-5.557593107223510742e-01
-5.572480559349060059e-01
-5.459839105606079102e-01
-5.041775703430175781e-01
-5.028289556503295898e-01
-5.002687573432922363e-01
-5.049152374267578125e-01
-5.304887890815734863e-01
-5.267134904861450195e-01
-5.285319089889526367e-01
-5.299926400184631348e-01
-5.544316768646240234e-01
-5.487902164459228516e-01
-5.442762374877929688e-01
-5.518723726272583008e-01
-5.000042319297790527e-01
-5.029695630073547363e-01
-5.055945515632629395e-01
-5.054829120635986328e-01
-5.236242413520812988e-01
-5.213217735290527344e-01
-5.185492634773254395e-01
-5.195906758308410645e-01
-5.434304475784301758e-01
-5.409666299819946289e-01
-5.292830467224121094e-01
-5.370803475379943848e-01
-5.056788921356201172e-01
-5.087498426437377930e-01
-5.068768262863159180e-01
-5.046235918998718262e-01
-5.212140083312988281e-01
-5.181321501731872559e-01
-5.168197154998779297e-01
-5.237704515457153320e-01
-5.304345488548278809e-01
-5.281631946563720703e-01
-5.214409232139587402e-01
-5.263538956642150879e-01
-5.091379284858703613e-01
-5.099129080772399902e-01
-5.121480226516723633e-01
-5.108019709587097168e-01
-5.160678029060363770e-01
-5.163275599479675293e-01
-5.191550254821777344e-01
-5.193234682083129883e-01
-5.209552049636840820e-01
-5.228574275970458984e-01
-5.203313231468200684e-01
-5.274357795715332031e-01
-5.108994841575622559e-01
-5.078547596931457520e-01
-5.053136348724365234e-01
-5.077617764472961426e-01
-5.183961987495422363e-01
-5.218613743782043457e-01
-5.233966112136840820e-01
-5.251175165176391602e-01
-5.205186605453491211e-01
-5.274105072021484375e-01
-5.353853702545166016e-01
-5.276774168014526367e-01
-5.043724775314331055e-01
-5.055259466171264648e-01
-5.050349831581115723e-01
-5.033478736877441406e-01
-5.244237184524536133e-01
-5.236477255821228027e-01
-5.219010114669799805e-01
-5.171312093734741211e-01
-5.356653332710266113e-01
-5.377297401428222656e-01
-5.342882871627807617e-01
-5.349558591842651367e-01
-5.008102059364318848e-01
-5.027350783348083496e-01
-5.012287497520446777e-01
-5.004984140396118164e-01
-5.258015394210815430e-01
-5.281365513801574707e-01
-5.301842093467712402e-01
-5.269511938095092773e-01
-5.427984595298767090e-01
-5.525678396224975586e-01
-5.533723831176757812e-01
-5.453280806541442871e-01
