-2.480417728424072266e+00
-2.591431617736816406e+00
-3.357640743255615234e+00
-3.012305259704589844e+00
1.598024845123291016e+00
9.370052218437194824e-01
-2.062043547630310059e-02
9.274165630340576172e-01
4.504965782165527344e+00
3.799437046051025391e+00
3.453638076782226562e+00
4.039694786071777344e+00
-3.793617248535156250e+00
-3.430690288543701172e+00
-3.611123085021972656e+00
-3.669421434402465820e+00
-4.737776219844818115e-01
-6.419087648391723633e-01
-1.188063263893127441e+00
-6.647210121154785156e-01
3.221953153610229492e+00
1.993757605552673340e+00
9.594923257827758789e-01
2.342624902725219727e+00
-2.994293212890625000e+00
-3.111038208007812500e+00
-2.850855827331542969e+00
-2.765651226043701172e+00
-1.194731235504150391e+00
-1.544227957725524902e+00
-1.734551906585693359e+00
-1.460863232612609863e+00
7.715167403221130371e-01
-2.929896116256713867e-02
-9.761732816696166992e-01
-3.815226256847381592e-01
-3.265673875808715820e+00
-3.769665956497192383e+00
-3.641481399536132812e+00
-3.148208141326904297e+00
-1.866149783134460449e+00
-2.350698947906494141e+00
-2.186471700668334961e+00
-1.630544662475585938e+00
-7.318403720855712891e-01
-1.044686436653137207e+00
-1.022440075874328613e+00
-6.931419968605041504e-01
-3.906927108764648438e+00
-3.911438465118408203e+00
-3.544222116470336914e+00
-3.550514698028564453e+00
-2.304716348648071289e+00
-2.397459268569946289e+00
-1.835704922676086426e+00
-1.815705537796020508e+00
-1.092859864234924316e+00
-1.060987710952758789e+00
-4.923129677772521973e-01
-4.758664071559906006e-01
-3.236881256103515625e+00
-3.312544107437133789e+00
-3.298567771911621094e+00
-3.436306715011596680e+00
-1.704135298728942871e+00
-1.642333507537841797e+00
-1.114992141723632812e+00
-1.275858640670776367e+00
-4.337136149406433105e-01
-2.115764021873474121e-01
7.333343029022216797e-01
6.751434803009033203e-01
-3.136935710906982422e+00
-2.760968685150146484e+00
-2.922543525695800781e+00
-3.344069719314575195e+00
-5.361751914024353027e-01
1.891025304794311523e-01
6.342893838882446289e-01
2.012056708335876465e-01
1.748266935348510742e+00
2.174507617950439453e+00
3.387086391448974609e+00
3.338171720504760742e+00
-3.144334793090820312e+00
-3.562699556350708008e+00
-4.073492527008056641e+00
-3.495892047882080078e+00
7.436987161636352539e-01
1.399025321006774902e-01
-9.018043875694274902e-01
-1.261001825332641602e-01
4.299752235412597656e+00
3.445749521255493164e+00
2.287901639938354492e+00
2.735211133956909180e+00
-4.283332824707031250e+00
-4.033394813537597656e+00
-3.921997547149658203e+00
-4.104392528533935547e+00
-1.449649095535278320e+00
-1.212829589843750000e+00
-1.375330924987792969e+00
-1.411075592041015625e+00
1.945760846138000488e+00
1.363594055175781250e+00
6.054511070251464844e-01
1.428768396377563477e+00
-2.889282226562500000e+00
-2.717702150344848633e+00
-2.598308086395263672e+00
-2.845856666564941406e+00
-1.142481327056884766e+00
-1.246611356735229492e+00
-1.197382926940917969e+00
-1.166984081268310547e+00
4.108891487121582031e-01
-1.068158745765686035e-01
-4.958280324935913086e-01
1.696607172489166260e-01
-2.494764089584350586e+00
-2.703384876251220703e+00
-2.787045955657958984e+00
-2.660741567611694336e+00
-7.503787279129028320e-01
-9.349888563156127930e-01
-1.195646762847900391e+00
-9.791222214698791504e-01
2.741911113262176514e-01
2.320731282234191895e-01
-1.672670245170593262e-01
6.303605437278747559e-02
-2.874473333358764648e+00
-2.859029769897460938e+00
-2.885103702545166016e+00
-2.813105821609497070e+00
-1.355310678482055664e+00
-1.128780841827392578e+00
-9.235159158706665039e-01
-1.078754663467407227e+00
-2.078500688076019287e-01
3.939574360847473145e-01
6.259970664978027344e-01
2.275189161300659180e-01
-3.215981483459472656e+00
-3.571944475173950195e+00
-3.913729429244995117e+00
-3.570936203002929688e+00
-1.160695791244506836e+00
-1.146533966064453125e+00
-9.115047454833984375e-01
-1.002732753753662109e+00
2.289784252643585205e-01
1.125294804573059082e+00
1.980353832244873047e+00
9.588912129402160645e-01
-4.247697830200195312e+00
-4.040740966796875000e+00
-3.968543291091918945e+00
-4.044743061065673828e+00
-1.225596666336059570e+00
-3.778381943702697754e-01
-9.972590208053588867e-02
-5.413227081298828125e-01
1.953134775161743164e+00
2.869199514389038086e+00
3.417696952819824219e+00
2.504348754882812500e+00
-2.743858575820922852e+00
-3.260153532028198242e+00
-3.701818466186523438e+00
-2.989040374755859375e+00
8.311958312988281250e-01
1.518222689628601074e-02
-9.741533398628234863e-01
-8.715718984603881836e-02
4.166682243347167969e+00
2.989380836486816406e+00
1.876482963562011719e+00
2.822933912277221680e+00
-3.989864349365234375e+00
-3.904523372650146484e+00
-3.672107934951782227e+00
-3.708404541015625000e+00
-1.579257369041442871e+00
-1.470638275146484375e+00
-1.193369388580322266e+00
-1.110820531845092773e+00
1.395452260971069336e+00
1.149562120437622070e+00
1.045790195465087891e+00
1.402679085731506348e+00
-3.221372127532958984e+00
-3.145146369934082031e+00
-2.868072032928466797e+00
-3.023973464965820312e+00
-1.533221244812011719e+00
-1.359228849411010742e+00
-1.021132111549377441e+00
-1.236657381057739258e+00
1.366912424564361572e-01
1.969739794731140137e-02
2.934682369232177734e-01
4.614706039428710938e-01
-2.926260948181152344e+00
-2.844613552093505859e+00
-3.073638916015625000e+00
-3.073079586029052734e+00
-9.828362464904785156e-01
-8.492287993431091309e-01
-1.211370468139648438e+00
-1.249089241027832031e+00
4.441419839859008789e-01
5.947390794754028320e-01
2.128449976444244385e-01
2.491186857223510742e-01
-3.067484140396118164e+00
-2.975460052490234375e+00
-3.026978492736816406e+00
-3.098193645477294922e+00
-1.119419217109680176e+00
-1.166614294052124023e+00
-1.345897197723388672e+00
-1.289845705032348633e+00
4.338648617267608643e-01
3.110565543174743652e-01
1.164676547050476074e-01
3.066217601299285889e-01
-3.281358718872070312e+00
-3.482883453369140625e+00
-3.836779117584228516e+00
-3.552390575408935547e+00
-1.115197420120239258e+00
-1.181268095970153809e+00
-1.618373751640319824e+00
-1.583874344825744629e+00
5.829990506172180176e-01
7.264912128448486328e-01
5.684394836425781250e-01
2.685249447822570801e-01
-4.044559001922607422e+00
-3.834825038909912109e+00
-3.802471637725830078e+00
-3.711457729339599609e+00
-1.254216670989990234e+00
-6.761386394500732422e-01
-7.462016344070434570e-01
-9.643323421478271484e-01
1.228228688240051270e+00
1.903633475303649902e+00
2.207697629928588867e+00
1.545761466026306152e+00
-2.300355434417724609e+00
-2.741090774536132812e+00
-3.218510389328002930e+00
-2.599078416824340820e+00
1.581008672714233398e+00
8.776170015335083008e-01
-2.738568186759948730e-02
8.644360303878784180e-01
4.623234748840332031e+00
3.500694513320922852e+00
2.568524837493896484e+00
3.692205905914306641e+00
-3.846203565597534180e+00
-3.660275936126708984e+00
-3.588797092437744141e+00
-3.510473966598510742e+00
-7.503108382225036621e-01
-8.706883192062377930e-01
-9.037959575653076172e-01
-6.652373671531677246e-01
2.048412799835205078e+00
1.543816804885864258e+00
1.390087842941284180e+00
2.145326614379882812e+00
-3.293000698089599609e+00
-3.143407821655273438e+00
-3.041363000869750977e+00
-3.102924108505249023e+00
-1.295536160469055176e+00
-1.410175442695617676e+00
-1.172693848609924316e+00
-1.098244428634643555e+00
3.927022814750671387e-01
7.600709795951843262e-02
3.700552582740783691e-01
7.332713603973388672e-01
-3.112141609191894531e+00
-3.163508415222167969e+00
-3.271696805953979492e+00
-3.233034372329711914e+00
-1.310946941375732422e+00
-1.237281322479248047e+00
-1.323982357978820801e+00
-1.406057715415954590e+00
1.426177024841308594e-01
4.879195094108581543e-01
3.477838039398193359e-01
2.004460990428924561e-01
-3.288161516189575195e+00
-3.295852422714233398e+00
-3.316383838653564453e+00
-3.371764898300170898e+00
-1.298520922660827637e+00
-1.497208356857299805e+00
-1.442515730857849121e+00
-1.332836866378784180e+00
4.428260028362274170e-01
1.195688843727111816e-01
1.517979502677917480e-01
2.243711352348327637e-01
-3.420331954956054688e+00
-3.657348155975341797e+00
-3.935027599334716797e+00
-3.733803510665893555e+00
-1.046840906143188477e+00
-1.355475187301635742e+00
-1.821527004241943359e+00
-1.852507829666137695e+00
7.590041160583496094e-01
6.980083584785461426e-01
2.125194668769836426e-01
3.488737344741821289e-02
-4.060563087463378906e+00
-3.735056877136230469e+00
-3.862733840942382812e+00
-4.073351860046386719e+00
-1.221525073051452637e+00
-7.157750129699707031e-01
-7.780903577804565430e-01
-1.106276512145996094e+00
1.260767102241516113e+00
1.397616863250732422e+00
1.675286412239074707e+00
1.617360711097717285e+00
-2.167654752731323242e+00
-2.424561500549316406e+00
-2.984822988510131836e+00
-2.488009452819824219e+00
1.476438760757446289e+00
9.945582151412963867e-01
-1.453337371349334717e-01
7.146964073181152344e-01
4.414563179016113281e+00
3.811345577239990234e+00
2.328994750976562500e+00
3.357298612594604492e+00
-3.492706298828125000e+00
-3.425555467605590820e+00
-3.389390945434570312e+00
-3.304752349853515625e+00
-8.621236681938171387e-01
-7.611078619956970215e-01
-9.236855506896972656e-01
-7.249456644058227539e-01
1.645366787910461426e+00
1.626943826675415039e+00
1.291427016258239746e+00
1.686661839485168457e+00
-3.215986728668212891e+00
-3.036466836929321289e+00
-2.940980911254882812e+00
-3.027225255966186523e+00
-1.359045147895812988e+00
-1.341787099838256836e+00
-1.235525131225585938e+00
-1.066652059555053711e+00
4.230711460113525391e-01
2.637663483619689941e-01
1.567704975605010986e-01
4.431256055831909180e-01
-2.797570228576660156e+00
-2.898846149444580078e+00
-2.864279747009277344e+00
-2.731369972229003906e+00
-1.236819386482238770e+00
-1.210409164428710938e+00
-1.204333782196044922e+00
-1.041036128997802734e+00
1.328918039798736572e-01
3.054636418819427490e-01
1.866357028484344482e-01
1.656164526939392090e-01
-2.963401317596435547e+00
-3.028176307678222656e+00
-2.882054328918457031e+00
-2.832119941711425781e+00
-1.176683664321899414e+00
-1.215308427810668945e+00
-1.123511552810668945e+00
-9.658519029617309570e-01
2.503610849380493164e-01
1.492249965667724609e-01
2.857843637466430664e-01
2.364714145660400391e-01
-3.363650560379028320e+00
-3.620544433593750000e+00
-3.971839189529418945e+00
-3.534149169921875000e+00
-1.231879830360412598e+00
-1.522957086563110352e+00
-1.873144865036010742e+00
-1.659803390502929688e+00
4.116255640983581543e-01
5.185723900794982910e-01
1.771796643733978271e-01
2.823960781097412109e-02
-4.471865653991699219e+00
-4.239459991455078125e+00
-4.324048042297363281e+00
-4.454874515533447266e+00
-1.851390600204467773e+00
-1.281810283660888672e+00
-1.372520089149475098e+00
-1.596727609634399414e+00
7.647456526756286621e-01
1.236630916595458984e+00
1.359585762023925781e+00
1.148776650428771973e+00
-2.889916896820068359e+00
-2.926608562469482422e+00
-3.491952896118164062e+00
-3.406337261199951172e+00
2.520975470542907715e-01
3.626874089241027832e-01
-8.644516468048095703e-01
-5.465105772018432617e-01
3.357407093048095703e+00
3.371008157730102539e+00
1.925436139106750488e+00
2.298116922378540039e+00
-3.855828762054443359e+00
-3.548415184020996094e+00
-3.660008192062377930e+00
-3.797232866287231445e+00
-1.218256711959838867e+00
-1.008362650871276855e+00
-1.074228525161743164e+00
-1.170075297355651855e+00
1.555000424385070801e+00
1.514250993728637695e+00
8.856784701347351074e-01
1.161250710487365723e+00
-3.237489938735961914e+00
-2.987552165985107422e+00
-2.834303855895996094e+00
-3.085731029510498047e+00
-1.340595245361328125e+00
-1.168404579162597656e+00
-1.096139788627624512e+00
-1.367204666137695312e+00
3.995439708232879639e-01
4.296060502529144287e-01
-1.874852627515792847e-01
-2.348306775093078613e-01
-2.683942317962646484e+00
-2.635398864746093750e+00
-2.686363697052001953e+00
-2.755672454833984375e+00
-1.029459238052368164e+00
-9.477417469024658203e-01
-1.132065653800964355e+00
-1.168587684631347656e+00
1.300726532936096191e-01
1.556671857833862305e-01
7.227531075477600098e-02
7.108563184738159180e-02
-2.698313236236572266e+00
-2.659379482269287109e+00
-2.669829607009887695e+00
-2.676627159118652344e+00
-9.789527654647827148e-01
-9.566262960433959961e-01
-9.139795303344726562e-01
-8.077579736709594727e-01
1.305349767208099365e-01
1.206166446208953857e-01
5.055836439132690430e-01
6.642602682113647461e-01
-3.082939147949218750e+00
-3.395451784133911133e+00
-3.768326282501220703e+00
-3.578318595886230469e+00
-1.237954378128051758e+00
-1.459467411041259766e+00
-1.603668570518493652e+00
-1.431708097457885742e+00
2.443852722644805908e-01
3.206564784049987793e-01
6.034927368164062500e-01
3.766209483146667480e-01
-4.588833808898925781e+00
-4.481731414794921875e+00
-4.541218757629394531e+00
-4.506393909454345703e+00
-2.012539863586425781e+00
-1.522015094757080078e+00
-1.428565025329589844e+00
-1.532324075698852539e+00
9.612082242965698242e-01
1.330288887023925781e+00
1.452411174774169922e+00
1.133713603019714355e+00
-3.693472862243652344e+00
-3.831615686416625977e+00
-4.047448635101318359e+00
-3.920022010803222656e+00
-9.583669900894165039e-01
-7.882831096649169922e-01
-1.013304591178894043e+00
-1.208834290504455566e+00
1.527246117591857910e+00
2.352019071578979492e+00
2.009042978286743164e+00
1.198644876480102539e+00
-4.104603767395019531e+00
-4.021172046661376953e+00
-3.860685110092163086e+00
-3.928004980087280273e+00
-1.119729042053222656e+00
-1.089897632598876953e+00
-1.093790888786315918e+00
-1.173006057739257812e+00
1.950887799263000488e+00
1.685469865798950195e+00
9.833233356475830078e-01
8.329328298568725586e-01
-3.234433412551879883e+00
-3.102588415145874023e+00
-3.122615098953247070e+00
-3.309302330017089844e+00
-9.638749957084655762e-01
-1.344221115112304688e+00
-1.982074975967407227e+00
-1.778351664543151855e+00
1.092306137084960938e+00
1.514762341976165771e-01
-1.040952920913696289e+00
-2.732221782207489014e-01
-3.149348497390747070e+00
-3.035558223724365234e+00
-3.322477579116821289e+00
-3.278400421142578125e+00
-1.646418571472167969e+00
-1.565533638000488281e+00
-1.874735951423645020e+00
-1.809076070785522461e+00
-5.178560018539428711e-01
-4.155872464179992676e-01
-5.541423559188842773e-01
-3.191278576850891113e-01
-3.371029138565063477e+00
-3.058050394058227539e+00
-3.037703275680541992e+00
-3.258903503417968750e+00
-1.785493850708007812e+00
-1.309939146041870117e+00
-9.518836736679077148e-01
-1.239177465438842773e+00
-4.916000068187713623e-01
-3.828638792037963867e-02
5.176527500152587891e-01
3.810350596904754639e-01
-3.049561500549316406e+00
-3.314056158065795898e+00
-3.326524734497070312e+00
-3.233783245086669922e+00
-8.894944190979003906e-01
-9.197288751602172852e-01
-8.482692241668701172e-01
-1.036867380142211914e+00
5.318823456764221191e-01
1.001379370689392090e+00
9.594172835350036621e-01
4.441454112529754639e-01
-3.755571603775024414e+00
-3.984439134597778320e+00
-3.915368795394897461e+00
-3.785580396652221680e+00
-1.002295374870300293e+00
-1.065213441848754883e+00
-7.725170254707336426e-01
-6.649663448333740234e-01
1.479691505432128906e+00
1.804426670074462891e+00
1.665339231491088867e+00
1.526023626327514648e+00
