-3.862698674201965332e-01
-3.979157805442810059e-01
-4.295580983161926270e-01
-3.900139033794403076e-01
-5.900271236896514893e-03
5.576793849468231201e-02
7.796213030815124512e-02
3.390062600374221802e-02
2.386131733655929565e-01
4.135640859603881836e-01
4.751877188682556152e-01
3.010512292385101318e-01
-4.523086249828338623e-01
-4.032488465309143066e-01
-4.151487350463867188e-01
-4.464237391948699951e-01
-7.407173514366149902e-02
-1.186968162655830383e-01
-8.449742197990417480e-02
-3.887981176376342773e-03
2.384436428546905518e-01
7.403483986854553223e-02
2.006183713674545288e-01
3.710665702819824219e-01
-3.589566051959991455e-01
-3.849890828132629395e-01
-3.834650516510009766e-01
-3.574630618095397949e-01
-1.080372482538223267e-01
-1.386534273624420166e-01
-2.027136832475662231e-01
-1.809398829936981201e-01
1.238789558410644531e-01
5.348014086484909058e-02
-7.486301660537719727e-02
2.934582531452178955e-03
-4.020230472087860107e-01
-4.358257055282592773e-01
-3.854515254497528076e-01
-3.871101140975952148e-01
-1.611519157886505127e-01
-1.264981925487518311e-01
-1.806788146495819092e-01
-2.139267772436141968e-01
1.584574580192565918e-02
4.568196088075637817e-02
-8.971054852008819580e-02
-1.081133112311363220e-01
-3.675605654716491699e-01
-3.900967240333557129e-01
-3.795342445373535156e-01
-3.919548690319061279e-01
-1.361208856105804443e-01
-1.950064003467559814e-01
-1.880096197128295898e-01
-1.519121825695037842e-01
-1.728048175573348999e-02
-7.145829498767852783e-02
-7.899576425552368164e-02
-5.394854024052619934e-02
-3.597324192523956299e-01
-3.883240520954132080e-01
-4.037632346153259277e-01
-4.111307263374328613e-01
-2.059768140316009521e-01
-2.523661255836486816e-01
-2.261998355388641357e-01
-2.001240104436874390e-01
-7.452549785375595093e-02
-1.536605656147003174e-01
-3.497433289885520935e-02
4.841036349534988403e-02
-5.456004142761230469e-01
-5.321867465972900391e-01
-5.857447385787963867e-01
-6.003645658493041992e-01
-2.170498520135879517e-01
-1.943936944007873535e-01
-4.790766537189483643e-02
-4.022540897130966187e-02
5.829806625843048096e-02
4.374631494283676147e-02
3.988810181617736816e-01
4.524936378002166748e-01
-3.403462767601013184e-01
-3.654284477233886719e-01
-4.310078322887420654e-01
-4.016928970813751221e-01
5.627831816673278809e-02
6.212706863880157471e-02
-8.457133919000625610e-02
-8.030672371387481689e-02
4.108050465583801270e-01
3.593065142631530762e-01
2.880283892154693604e-01
2.801861166954040527e-01
-4.928883910179138184e-01
-4.631273150444030762e-01
-4.516306221485137939e-01
-4.581837058067321777e-01
-1.311601698398590088e-01
-1.303293257951736450e-01
-7.590442895889282227e-02
-5.020922049880027771e-02
2.548746466636657715e-01
1.832791268825531006e-01
1.883134394884109497e-01
2.475277185440063477e-01
-3.726070523262023926e-01
-3.514135777950286865e-01
-3.396253883838653564e-01
-3.680816888809204102e-01
-1.448997855186462402e-01
-2.111207544803619385e-01
-1.868407577276229858e-01
-1.378035247325897217e-01
6.119287759065628052e-02
-2.887009456753730774e-02
-7.354326546192169189e-02
6.054699420928955078e-02
-3.138604164123535156e-01
-3.153538703918457031e-01
-2.943705320358276367e-01
-3.059927225112915039e-01
-1.865679472684860229e-01
-1.986912637948989868e-01
-1.643669903278350830e-01
-1.771520674228668213e-01
-9.134487807750701904e-02
-6.616780161857604980e-02
-3.869432210922241211e-02
-6.382597237825393677e-02
-3.472853004932403564e-01
-3.679009079933166504e-01
-3.781646490097045898e-01
-3.645380437374114990e-01
-1.973051875829696655e-01
-1.194508224725723267e-01
-7.414607703685760498e-02
-1.794420480728149414e-01
-7.438975572586059570e-02
5.838354676961898804e-02
1.305614262819290161e-01
-5.220241844654083252e-03
-4.423884451389312744e-01
-4.957625567913055420e-01
-5.417780280113220215e-01
-4.807592630386352539e-01
-1.057114601135253906e-01
-2.255612462759017944e-01
-1.143691837787628174e-01
-1.972845941781997681e-02
1.374924033880233765e-01
1.113435700535774231e-01
3.170430064201354980e-01
2.981003224849700928e-01
-6.324896216392517090e-01
-6.162092089653015137e-01
-6.056730747222900391e-01
-6.034668684005737305e-01
-1.246811300516128540e-01
-6.759479641914367676e-03
8.734427392482757568e-03
-4.656375199556350708e-02
4.192880094051361084e-01
4.946854114532470703e-01
5.529367923736572266e-01
4.679989218711853027e-01
-4.501284360885620117e-01
-4.579597115516662598e-01
-5.327447652816772461e-01
-5.158895850181579590e-01
-8.253104984760284424e-02
-1.127701699733734131e-01
-1.482464522123336792e-01
-9.009412676095962524e-02
3.210823237895965576e-01
2.063745111227035522e-01
2.417342215776443481e-01
3.775777220726013184e-01
-5.249004960060119629e-01
-4.836096763610839844e-01
-4.666960239410400391e-01
-4.879942834377288818e-01
-1.182220056653022766e-01
-2.631853520870208740e-02
-2.838057279586791992e-02
-1.191878095269203186e-01
2.290868759155273438e-01
2.748744487762451172e-01
2.822588980197906494e-01
2.039481103420257568e-01
-3.840564489364624023e-01
-3.722870349884033203e-01
-3.531370759010314941e-01
-3.882834017276763916e-01
-1.136229187250137329e-01
-6.267814338207244873e-02
-1.001680716872215271e-01
-1.724983453750610352e-01
1.452145874500274658e-01
1.060940846800804138e-01
2.107580006122589111e-02
6.298391520977020264e-02
-3.067206740379333496e-01
-3.118681013584136963e-01
-3.173606991767883301e-01
-3.151071071624755859e-01
-8.193287253379821777e-02
-1.332196593284606934e-01
-1.548662930727005005e-01
-1.124264970421791077e-01
2.647961676120758057e-02
-2.829701453447341919e-02
-9.215577691793441772e-02
-1.928254961967468262e-03
-2.988860607147216797e-01
-3.329110443592071533e-01
-3.456032872200012207e-01
-3.174985945224761963e-01
-1.311471611261367798e-01
-1.492879241704940796e-01
-1.545186787843704224e-01
-1.647779643535614014e-01
-2.128733694553375244e-02
2.882152795791625977e-03
2.324231714010238647e-02
1.392504572868347168e-02
-4.469297826290130615e-01
-4.936642646789550781e-01
-5.447423458099365234e-01
-4.749178290367126465e-01
-5.233000218868255615e-02
-1.106221973896026611e-01
-1.787351369857788086e-01
-1.319351941347122192e-01
2.170542329549789429e-01
1.696848571300506592e-01
1.674528867006301880e-01
1.444993615150451660e-01
-5.164579749107360840e-01
-4.650570750236511230e-01
-4.327349066734313965e-01
-4.433944225311279297e-01
-1.003780737519264221e-01
3.740639239549636841e-02
-1.849949359893798828e-03
-7.276601344347000122e-02
3.549370169639587402e-01
4.932645261287689209e-01
4.414737224578857422e-01
3.154763579368591309e-01
-5.714349746704101562e-01
-6.291601061820983887e-01
-6.291590929031372070e-01
-5.615111589431762695e-01
-7.199142128229141235e-02
-1.355149149894714355e-01
-1.907347887754440308e-01
-1.141953170299530029e-01
3.706033825874328613e-01
2.800585925579071045e-01
2.302000224590301514e-01
3.204478919506072998e-01
-5.522356033325195312e-01
-4.957588911056518555e-01
-4.601516127586364746e-01
-5.031220912933349609e-01
-1.186097338795661926e-01
-8.898387849330902100e-02
-8.573880791664123535e-02
-1.080164536833763123e-01
2.714137434959411621e-01
2.358612716197967529e-01
1.945054084062576294e-01
2.379719913005828857e-01
-3.423216342926025391e-01
-3.413836359977722168e-01
-3.317682743072509766e-01
-3.447808027267456055e-01
-1.377681195735931396e-01
-1.304316967725753784e-01
-1.200366243720054626e-01
-1.536507457494735718e-01
1.028625071048736572e-01
1.260189265012741089e-01
4.118952900171279907e-02
2.670980244874954224e-02
-3.312333226203918457e-01
-3.474550545215606689e-01
-3.488750457763671875e-01
-3.594886064529418945e-01
-1.218267232179641724e-01
-1.437385082244873047e-01
-1.334057450294494629e-01
-1.202641278505325317e-01
3.500103950500488281e-02
-1.967594027519226074e-03
1.574987173080444336e-02
6.762567162513732910e-02
-3.490614593029022217e-01
-3.667542934417724609e-01
-3.776133358478546143e-01
-3.866076469421386719e-01
-1.219958290457725525e-01
-1.875480413436889648e-01
-1.759971976280212402e-01
-1.353064626455307007e-01
5.918284505605697632e-02
-7.286317646503448486e-03
1.677811145782470703e-03
2.559334784746170044e-02
-4.341441392898559570e-01
-4.676756560802459717e-01
-5.313554406166076660e-01
-4.990931153297424316e-01
-6.927844136953353882e-02
-6.048053503036499023e-02
-1.703181862831115723e-01
-2.658821642398834229e-01
1.806468963623046875e-01
2.617719173431396484e-01
1.738189309835433960e-01
3.905625268816947937e-02
-5.358501076698303223e-01
-4.823112487792968750e-01
-4.919649958610534668e-01
-5.427747964859008789e-01
-1.158089563250541687e-01
-3.198553621768951416e-02
2.217566967010498047e-02
-6.380964815616607666e-02
2.906868159770965576e-01
3.432907164096832275e-01
5.124260783195495605e-01
4.252659380435943604e-01
-4.674194157123565674e-01
-5.125021338462829590e-01
-6.078934073448181152e-01
-5.225648283958435059e-01
-9.211966395378112793e-02
-1.311913132667541504e-01
-1.966512799263000488e-01
-1.229670047760009766e-01
2.922151684761047363e-01
2.512472867965698242e-01
2.316639423370361328e-01
2.594942450523376465e-01
-5.501730442047119141e-01
-4.634878635406494141e-01
-4.136179387569427490e-01
-4.812160730361938477e-01
-2.408195883035659790e-01
-1.454371064901351929e-01
-7.658782601356506348e-02
-1.625134646892547607e-01
1.249916031956672668e-01
1.360083222389221191e-01
1.548815369606018066e-01
1.501631140708923340e-01
-3.170284330844879150e-01
-3.011007308959960938e-01
-2.729873061180114746e-01
-3.072868585586547852e-01
-1.483745276927947998e-01
-1.178687736392021179e-01
-9.083236753940582275e-02
-1.300724744796752930e-01
1.006394624710083008e-02
1.054226607084274292e-02
5.024819821119308472e-02
4.671268165111541748e-03
-3.023012578487396240e-01
-3.379748463630676270e-01
-3.060533702373504639e-01
-2.899240553379058838e-01
-1.305205076932907104e-01
-1.110069006681442261e-01
-9.137713164091110229e-02
-8.788187801837921143e-02
6.570048630237579346e-03
4.990711808204650879e-02
4.986747354269027710e-02
6.558947265148162842e-03
-3.444225192070007324e-01
-3.618494272232055664e-01
-3.541396260261535645e-01
-3.534349203109741211e-01
-1.191365569829940796e-01
-1.531441807746887207e-01
-1.648983657360076904e-01
-1.117307171225547791e-01
1.080713421106338501e-02
3.642134368419647217e-03
2.013152092695236206e-02
1.641228049993515015e-02
-4.303472936153411865e-01
-4.700502455234527588e-01
-5.338162779808044434e-01
-4.593582451343536377e-01
-1.184490025043487549e-01
-1.576673835515975952e-01
-1.869081854820251465e-01
-1.837179362773895264e-01
1.093355864286422729e-01
1.610389947891235352e-01
1.624177247285842896e-01
6.751447916030883789e-02
-6.442473530769348145e-01
-5.958056449890136719e-01
-5.830842256546020508e-01
-6.139991283416748047e-01
-1.829126030206680298e-01
-5.321909114718437195e-02
-5.935043096542358398e-03
-7.079391181468963623e-02
2.788904905319213867e-01
3.915258049964904785e-01
4.965599179267883301e-01
4.116396307945251465e-01
-5.203970074653625488e-01
-5.532842278480529785e-01
-6.236467957496643066e-01
-5.933181047439575195e-01
5.357663333415985107e-02
-3.601129353046417236e-02
-1.348449885845184326e-01
-1.399350166320800781e-02
5.941733121871948242e-01
4.469128549098968506e-01
3.316816091537475586e-01
4.309699535369873047e-01
-5.488222241401672363e-01
-4.666082859039306641e-01
-4.300054907798767090e-01
-5.127634406089782715e-01
-1.292110085487365723e-01
-1.343855112791061401e-01
-1.301393061876296997e-01
-1.499346345663070679e-01
3.128474056720733643e-01
1.633880436420440674e-01
5.557651072740554810e-02
2.130223810672760010e-01
-3.314159512519836426e-01
-3.278291523456573486e-01
-3.247533738613128662e-01
-3.470268547534942627e-01
-1.219720020890235901e-01
-1.713713109493255615e-01
-1.819234192371368408e-01
-1.515868157148361206e-01
7.746007293462753296e-02
-4.611286893486976624e-02
-7.426916062831878662e-02
2.748897671699523926e-02
-2.687708437442779541e-01
-2.609307765960693359e-01
-2.579029798507690430e-01
-2.611598670482635498e-01
-1.157605797052383423e-01
-1.326276957988739014e-01
-1.203914657235145569e-01
-1.269955039024353027e-01
-1.135791838169097900e-02
-3.835362195968627930e-02
-2.232810109853744507e-02
-3.078348934650421143e-03
-2.968006730079650879e-01
-3.207596838474273682e-01
-2.925626039505004883e-01
-2.892116904258728027e-01
-1.611112952232360840e-01
-1.286949515342712402e-01
-1.225693002343177795e-01
-1.492804586887359619e-01
-6.296062469482421875e-02
3.531523048877716064e-03
1.673071831464767456e-02
-5.189581960439682007e-02
-4.147553145885467529e-01
-4.623627066612243652e-01
-5.303342938423156738e-01
-4.801744818687438965e-01
-1.272944211959838867e-01
-1.774559915065765381e-01
-2.440592944622039795e-01
-1.866390407085418701e-01
7.751726359128952026e-02
9.605430066585540771e-02
8.086187392473220825e-02
6.654380261898040771e-02
-6.203268170356750488e-01
-5.910351276397705078e-01
-5.842860937118530273e-01
-5.913367867469787598e-01
-2.345158010721206665e-01
-8.801130950450897217e-02
-7.448765635490417480e-02
-1.593933999538421631e-01
2.031698822975158691e-01
3.885831832885742188e-01
4.091418683528900146e-01
2.349101901054382324e-01
-3.146800696849822998e-01
-4.306285977363586426e-01
-4.530221819877624512e-01
-3.204068541526794434e-01
6.735049933195114136e-02
6.155649572610855103e-02
-2.679264545440673828e-02
4.882346093654632568e-02
3.145857155323028564e-01
5.038653612136840820e-01
3.255365490913391113e-01
1.778222918510437012e-01
-4.786446690559387207e-01
-4.597404599189758301e-01
-4.264335036277770996e-01
-4.210357069969177246e-01
-1.859274804592132568e-01
-1.564758867025375366e-01
-1.338999718427658081e-01
-1.000811979174613953e-01
1.354993283748626709e-01
1.777147650718688965e-01
6.774502247571945190e-02
1.213251501321792603e-01
-4.074515700340270996e-01
-3.937968015670776367e-01
-4.108087420463562012e-01
-4.135783314704895020e-01
-1.650039553642272949e-01
-1.848896443843841553e-01
-1.667476594448089600e-01
-1.550121307373046875e-01
2.244781702756881714e-02
-3.434433788061141968e-02
-5.076103284955024719e-02
3.489483892917633057e-02
-3.849735856056213379e-01
-3.381635844707489014e-01
-3.393667340278625488e-01
-3.841293454170227051e-01
-1.776796281337738037e-01
-1.492517739534378052e-01
-1.597573459148406982e-01
-1.604067385196685791e-01
-4.208583384752273560e-02
-7.439930737018585205e-02
-5.600002035498619080e-02
3.240993618965148926e-02
-3.004485368728637695e-01
-3.155200481414794922e-01
-3.212528824806213379e-01
-3.242830336093902588e-01
-1.297197043895721436e-01
-1.523136794567108154e-01
-1.444743573665618896e-01
-1.464689821004867554e-01
-7.548899948596954346e-02
-5.744428932666778564e-02
1.466841995716094971e-02
-2.745136618614196777e-03
-4.262120723724365234e-01
-4.625510573387145996e-01
-4.973258972167968750e-01
-4.733437001705169678e-01
-1.139429062604904175e-01
-1.669579744338989258e-01
-1.922603100538253784e-01
-1.785644590854644775e-01
7.467430084943771362e-02
9.885897487401962280e-02
1.139801442623138428e-01
7.735037058591842651e-02
-5.522071123123168945e-01
-5.250366926193237305e-01
-5.177308320999145508e-01
-5.481736660003662109e-01
-1.952612102031707764e-01
-1.137154772877693176e-01
-8.366359770298004150e-02
-1.536433249711990356e-01
2.413481026887893677e-01
3.290043175220489502e-01
2.384828180074691772e-01
1.550752371549606323e-01
