-5.655865073204040527e-01
-5.500535368919372559e-01
-6.881468296051025391e-01
-6.638453006744384766e-01
9.918799996376037598e-02
7.928802073001861572e-02
-1.183139160275459290e-01
-1.212931424379348755e-02
6.842842102050781250e-01
5.773198604583740234e-01
4.743494987487792969e-01
6.487972736358642578e-01
-6.479008793830871582e-01
-5.542575716972351074e-01
-5.647195577621459961e-01
-6.456136703491210938e-01
-1.799935102462768555e-01
-1.410429626703262329e-01
-2.044012248516082764e-01
-2.457070648670196533e-01
3.737785816192626953e-01
2.253720015287399292e-01
6.987546384334564209e-02
1.883136481046676636e-01
-4.018040895462036133e-01
-3.935772776603698730e-01
-3.883885741233825684e-01
-4.106593430042266846e-01
-1.233892440795898438e-01
-1.696224510669708252e-01
-2.547668814659118652e-01
-2.280596494674682617e-01
9.974032640457153320e-02
-2.841868996620178223e-02
-1.946187615394592285e-01
-1.043268591165542603e-01
-3.879308998584747314e-01
-4.084488749504089355e-01
-3.878405690193176270e-01
-3.723333179950714111e-01
-2.293045818805694580e-01
-2.382745742797851562e-01
-2.606769800186157227e-01
-2.218777835369110107e-01
-1.146320402622222900e-01
-1.148494631052017212e-01
-1.716453880071640015e-01
-1.337971985340118408e-01
-3.739795982837677002e-01
-3.863289058208465576e-01
-3.728121817111968994e-01
-3.761837780475616455e-01
-2.737487554550170898e-01
-2.481676191091537476e-01
-2.391792833805084229e-01
-2.600055634975433350e-01
-1.936863660812377930e-01
-1.216420456767082214e-01
-9.575966000556945801e-02
-1.698314249515533447e-01
-4.411289393901824951e-01
-4.533807933330535889e-01
-5.044576525688171387e-01
-5.108603835105895996e-01
-1.721353530883789062e-01
-1.687975078821182251e-01
-1.960784196853637695e-01
-2.059487551450729370e-01
2.538615465164184570e-02
1.265781223773956299e-01
1.631249189376831055e-01
7.633235305547714233e-02
-5.349171161651611328e-01
-4.203557074069976807e-01
-4.575783908367156982e-01
-5.638425350189208984e-01
-1.665970236063003540e-01
1.016453355550765991e-01
1.744014024734497070e-01
1.926557347178459167e-02
2.912612259387969971e-01
5.375437140464782715e-01
8.134763836860656738e-01
6.627959012985229492e-01
-6.577741503715515137e-01
-7.129232883453369141e-01
-7.330846786499023438e-01
-6.622405648231506348e-01
-7.977344840764999390e-02
-1.410110741853713989e-01
-3.010778427124023438e-01
-2.031495869159698486e-01
6.181451082229614258e-01
4.979457259178161621e-01
2.241836488246917725e-01
3.376074731349945068e-01
-6.667865514755249023e-01
-6.682246923446655273e-01
-5.925979614257812500e-01
-6.067843437194824219e-01
-3.161401152610778809e-01
-2.917878031730651855e-01
-1.969335824251174927e-01
-2.292342185974121094e-01
1.762295663356781006e-01
1.225838512182235718e-01
1.022100076079368591e-01
1.226587146520614624e-01
-4.373855888843536377e-01
-4.254944622516632080e-01
-3.916252255439758301e-01
-4.264811277389526367e-01
-1.859544664621353149e-01
-2.224068939685821533e-01
-2.203300893306732178e-01
-2.072530388832092285e-01
3.796566277742385864e-02
-3.814933076500892639e-02
-1.158451884984970093e-01
-4.291287064552307129e-02
-3.590703010559082031e-01
-3.421415984630584717e-01
-3.301504552364349365e-01
-3.568606972694396973e-01
-1.911491155624389648e-01
-1.661825329065322876e-01
-1.690692156553268433e-01
-1.922624111175537109e-01
-6.174788624048233032e-02
-3.419379889965057373e-02
-1.173927485942840576e-01
-9.855429083108901978e-02
-3.278482258319854736e-01
-3.487445414066314697e-01
-3.565850257873535156e-01
-3.386889398097991943e-01
-2.068329453468322754e-01
-1.788123995065689087e-01
-1.053594350814819336e-01
-1.635211110115051270e-01
-1.590350121259689331e-01
-3.352748230099678040e-02
6.211593002080917358e-02
-5.311840772628784180e-02
-5.327667593955993652e-01
-6.186974644660949707e-01
-7.199174165725708008e-01
-6.482354998588562012e-01
-1.483893543481826782e-01
-1.850270628929138184e-01
-2.043030858039855957e-01
-2.074217796325683594e-01
4.435186833143234253e-02
1.975586265325546265e-01
3.129814267158508301e-01
1.082010120153427124e-01
-8.236805796623229980e-01
-7.371528744697570801e-01
-7.311739921569824219e-01
-7.955334186553955078e-01
-2.961281239986419678e-01
-6.086701527237892151e-02
-9.226195514202117920e-03
-1.623150259256362915e-01
3.594306707382202148e-01
5.979790091514587402e-01
7.063071131706237793e-01
4.862898588180541992e-01
-4.935418069362640381e-01
-5.469788312911987305e-01
-5.975974202156066895e-01
-5.086659789085388184e-01
-2.623554319143295288e-03
-1.186730265617370605e-01
-2.288306206464767456e-01
-9.243950247764587402e-02
5.954265594482421875e-01
3.252744078636169434e-01
1.737871915102005005e-01
4.485576748847961426e-01
-5.882806181907653809e-01
-5.420008301734924316e-01
-5.164550542831420898e-01
-5.530496835708618164e-01
-2.731262445449829102e-01
-2.202696502208709717e-01
-1.089078038930892944e-01
-1.209289580583572388e-01
9.472204744815826416e-02
3.512549400329589844e-02
1.749183237552642822e-01
2.355222404003143311e-01
-4.347089231014251709e-01
-4.212287962436676025e-01
-3.926833868026733398e-01
-4.291585981845855713e-01
-2.121155411005020142e-01
-1.831987053155899048e-01
-1.800424605607986450e-01
-2.254370450973510742e-01
-6.574702262878417969e-02
-2.169874310493469238e-02
-2.107316255569458008e-02
-3.720003366470336914e-02
-4.049042761325836182e-01
-3.856598436832427979e-01
-4.039373695850372314e-01
-4.116426408290863037e-01
-2.208703756332397461e-01
-1.863502562046051025e-01
-2.073915451765060425e-01
-2.114213407039642334e-01
-9.792480617761611938e-02
-4.763627797365188599e-02
-7.827489823102951050e-02
-4.591513425111770630e-02
-3.937788307666778564e-01
-4.072390794754028320e-01
-4.152943193912506104e-01
-4.057980179786682129e-01
-2.039911746978759766e-01
-2.455898970365524292e-01
-2.516309022903442383e-01
-2.131967246532440186e-01
-7.221905887126922607e-02
-1.182389184832572937e-01
-9.518993645906448364e-02
-3.024785965681076050e-02
-5.034454464912414551e-01
-6.020564436912536621e-01
-6.826730370521545410e-01
-5.648178458213806152e-01
-1.518141925334930420e-01
-2.560866773128509521e-01
-3.893834948539733887e-01
-3.115093708038330078e-01
9.212588518857955933e-02
7.321363687515258789e-02
-4.822865128517150879e-03
-7.262961566448211670e-02
-7.329826951026916504e-01
-6.874437928199768066e-01
-6.325255036354064941e-01
-6.324717402458190918e-01
-3.865461051464080811e-01
-1.813380122184753418e-01
-1.609425544738769531e-01
-2.499779909849166870e-01
1.483844667673110962e-01
3.716899752616882324e-01
4.267660081386566162e-01
2.068299651145935059e-01
-4.619207084178924561e-01
-5.198901891708374023e-01
-6.152436733245849609e-01
-5.159530043601989746e-01
1.190197169780731201e-01
8.936479687690734863e-03
-1.089362502098083496e-01
6.620044261217117310e-02
7.003955841064453125e-01
4.562612771987915039e-01
3.961474895477294922e-01
6.646790504455566406e-01
-6.736754179000854492e-01
-5.884230732917785645e-01
-5.807016491889953613e-01
-6.312584280967712402e-01
-2.358152866363525391e-01
-1.570441722869873047e-01
-1.626216620206832886e-01
-2.029503136873245239e-01
2.142412215471267700e-01
1.543871164321899414e-01
1.941349506378173828e-01
2.715853154659271240e-01
-4.310479164123535156e-01
-4.072587788105010986e-01
-3.930790126323699951e-01
-4.208514988422393799e-01
-2.045370936393737793e-01
-1.920101046562194824e-01
-1.944923251867294312e-01
-2.251363396644592285e-01
1.494623720645904541e-02
1.295796036720275879e-02
-4.646016657352447510e-02
-5.063555389642715454e-02
-4.034056365489959717e-01
-4.074599742889404297e-01
-4.165324568748474121e-01
-4.029510915279388428e-01
-1.956897377967834473e-01
-1.935765147209167480e-01
-1.881251633167266846e-01
-1.701963543891906738e-01
-5.777774006128311157e-02
-4.886224865913391113e-03
-2.010119706392288208e-02
-1.433207094669342041e-02
-4.075140655040740967e-01
-4.257481694221496582e-01
-4.268727600574493408e-01
-4.220284223556518555e-01
-1.954604089260101318e-01
-2.423272579908370972e-01
-2.283309400081634521e-01
-2.107449471950531006e-01
-4.830580949783325195e-02
-1.125165522098541260e-01
-1.028118133544921875e-01
-7.227958738803863525e-02
-4.915187358856201172e-01
-5.450772643089294434e-01
-6.235281229019165039e-01
-5.647594332695007324e-01
-1.182974129915237427e-01
-2.283852398395538330e-01
-3.038037121295928955e-01
-2.827735543251037598e-01
1.085775345563888550e-01
3.934498503804206848e-02
-8.582904934883117676e-03
-1.601092517375946045e-03
-6.864606142044067383e-01
-5.902902483940124512e-01
-5.894446969032287598e-01
-6.765879988670349121e-01
-2.442584335803985596e-01
-1.268834769725799561e-01
-7.393449544906616211e-02
-1.176671832799911499e-01
1.701095253229141235e-01
2.545368075370788574e-01
4.510776996612548828e-01
4.230415821075439453e-01
-5.289087295532226562e-01
-5.656510591506958008e-01
-6.887876987457275391e-01
-5.952700376510620117e-01
1.574901938438415527e-01
5.879135429859161377e-02
-1.056224852800369263e-01
7.015077769756317139e-02
7.829008102416992188e-01
6.325209140777587891e-01
4.315592348575592041e-01
6.568066477775573730e-01
-6.958785057067871094e-01
-6.443953514099121094e-01
-5.761099457740783691e-01
-6.316955685615539551e-01
-2.715739011764526367e-01
-2.260906398296356201e-01
-2.035416215658187866e-01
-2.429064363241195679e-01
2.499907165765762329e-01
2.123968899250030518e-01
9.727468341588973999e-02
1.594544053077697754e-01
-4.124317169189453125e-01
-3.908790349960327148e-01
-3.599014878273010254e-01
-4.026232361793518066e-01
-1.930378228425979614e-01
-2.150383889675140381e-01
-2.089934945106506348e-01
-1.901970356702804565e-01
1.512926071882247925e-02
-7.096385955810546875e-02
-1.099692285060882568e-01
-3.618543967604637146e-02
-3.463916778564453125e-01
-3.538624346256256104e-01
-3.464828431606292725e-01
-3.433579802513122559e-01
-1.731950193643569946e-01
-1.371470391750335693e-01
-1.593079268932342529e-01
-1.413834691047668457e-01
-6.548023968935012817e-02
-1.327743381261825562e-02
-1.781105622649192810e-02
-1.053936034440994263e-02
-3.429737687110900879e-01
-3.790675997734069824e-01
-3.517821133136749268e-01
-3.435749411582946777e-01
-1.990424245595932007e-01
-1.778010278940200806e-01
-1.843756139278411865e-01
-1.934705972671508789e-01
-9.797765314579010010e-02
-3.466522693634033203e-02
-6.327313184738159180e-02
-1.211336776614189148e-01
-5.016690492630004883e-01
-5.667681097984313965e-01
-6.843003630638122559e-01
-5.804436206817626953e-01
-1.720764040946960449e-01
-2.100610733032226562e-01
-3.103057444095611572e-01
-2.946923375129699707e-01
4.235729575157165527e-02
1.029304116964340210e-01
8.330810070037841797e-02
1.062757894396781921e-02
-7.893476486206054688e-01
-7.028166651725769043e-01
-6.626003384590148926e-01
-7.240641713142395020e-01
-3.000771999359130859e-01
-9.445474296808242798e-02
-2.572513371706008911e-02
-1.456544697284698486e-01
2.235791981220245361e-01
3.756487667560577393e-01
5.592419505119323730e-01
4.723187386989593506e-01
-5.297923088073730469e-01
-5.687288045883178711e-01
-6.294121742248535156e-01
-5.569074153900146484e-01
3.939460963010787964e-02
8.007144182920455933e-02
-1.689393520355224609e-01
-9.814145416021347046e-02
6.023224592208862305e-01
7.003480195999145508e-01
2.628789544105529785e-01
2.431784123182296753e-01
-6.010245680809020996e-01
-5.622276663780212402e-01
-5.433513522148132324e-01
-5.831078290939331055e-01
-2.785919904708862305e-01
-2.163759917020797729e-01
-2.105546146631240845e-01
-2.744907438755035400e-01
9.019702672958374023e-02
1.506543010473251343e-01
2.405156195163726807e-02
2.905861288309097290e-02
-4.500927329063415527e-01
-4.230001866817474365e-01
-4.221248030662536621e-01
-4.437236487865447998e-01
-2.320181131362915039e-01
-2.575765848159790039e-01
-2.521212100982666016e-01
-2.343477606773376465e-01
-8.995462954044342041e-02
-1.171501427888870239e-01
-1.139965876936912537e-01
-6.872309744358062744e-02
-3.922610878944396973e-01
-3.524062037467956543e-01
-3.343776762485504150e-01
-3.663092255592346191e-01
-2.306029051542282104e-01
-1.584146320819854736e-01
-1.521279960870742798e-01
-2.039170414209365845e-01
-8.005523681640625000e-02
-4.766719415783882141e-02
-5.282439664006233215e-02
-4.768481850624084473e-02
-3.119619488716125488e-01
-3.188837170600891113e-01
-2.860965132713317871e-01
-3.163281977176666260e-01
-1.707191467285156250e-01
-1.684108823537826538e-01
-1.550199687480926514e-01
-1.690469533205032349e-01
-9.900625050067901611e-02
-8.641625195741653442e-02
-7.315123081207275391e-02
-8.670973777770996094e-02
-4.764589071273803711e-01
-5.679156184196472168e-01
-6.902060508728027344e-01
-6.157819628715515137e-01
-1.643159389495849609e-01
-2.700050771236419678e-01
-3.332666456699371338e-01
-2.356431782245635986e-01
4.480242729187011719e-02
5.368590727448463440e-02
1.060614734888076782e-01
8.515440672636032104e-02
-8.295310139656066895e-01
-7.383207678794860840e-01
-7.173607349395751953e-01
-7.713465094566345215e-01
-3.697961270809173584e-01
-1.902081817388534546e-01
-7.126092910766601562e-02
-1.295970231294631958e-01
2.615508437156677246e-01
3.751803040504455566e-01
5.119768977165222168e-01
4.510479569435119629e-01
-5.568323135375976562e-01
-5.453581809997558594e-01
-6.092534065246582031e-01
-5.970063805580139160e-01
-1.795047670602798462e-01
-1.056273430585861206e-01
-2.776786983013153076e-01
-3.168677985668182373e-01
2.017532289028167725e-01
3.038978874683380127e-01
8.469458669424057007e-02
-5.178683251142501831e-02
-5.989630222320556641e-01
-5.674669742584228516e-01
-5.475671887397766113e-01
-5.762642621994018555e-01
-3.596222698688507080e-01
-2.813103795051574707e-01
-2.054990231990814209e-01
-2.908904552459716797e-01
-2.799323201179504395e-02
5.150663107633590698e-02
4.809222370386123657e-02
-5.835676938295364380e-02
-4.996716380119323730e-01
-4.861466586589813232e-01
-4.923407733440399170e-01
-5.134706497192382812e-01
-2.048875391483306885e-01
-2.394002676010131836e-01
-2.739156782627105713e-01
-2.436164170503616333e-01
3.020770847797393799e-02
-5.329146236181259155e-02
-8.896580338478088379e-02
-4.359633475542068481e-02
-4.534395933151245117e-01
-4.128293991088867188e-01
-4.018180072307586670e-01
-4.356709122657775879e-01
-2.220795750617980957e-01
-2.158692926168441772e-01
-2.410411834716796875e-01
-2.186756432056427002e-01
-5.966729670763015747e-02
-7.511059939861297607e-02
-8.655180037021636963e-02
4.882354289293289185e-03
-3.457275927066802979e-01
-3.343009352684020996e-01
-3.417700529098510742e-01
-3.643317222595214844e-01
-2.111858874559402466e-01
-2.061653435230255127e-01
-1.490380465984344482e-01
-1.493892371654510498e-01
-1.278164237737655640e-01
-1.279282569885253906e-01
3.976389393210411072e-02
4.985117167234420776e-02
-5.111435651779174805e-01
-5.994876623153686523e-01
-6.688010096549987793e-01
-6.112535595893859863e-01
-1.312734782695770264e-01
-1.898942142724990845e-01
-1.879670917987823486e-01
-1.652480661869049072e-01
1.457215547561645508e-01
1.903235018253326416e-01
2.582321763038635254e-01
1.941732317209243774e-01
-7.342976331710815430e-01
-6.934906244277954102e-01
-6.273839473724365234e-01
-6.856603026390075684e-01
-2.301719784736633301e-01
-7.759908586740493774e-02
-3.878863155841827393e-02
-1.425050199031829834e-01
3.676344454288482666e-01
5.586321353912353516e-01
4.523375034332275391e-01
3.234238326549530029e-01
