-6.177299022674560547e-01
-6.182843446731567383e-01
-6.133478879928588867e-01
-6.147805452346801758e-01
-5.232633948326110840e-01
-5.159723758697509766e-01
-5.021247863769531250e-01
-5.088803768157958984e-01
-4.509789943695068359e-01
-4.467978477478027344e-01
-4.221485853195190430e-01
-4.288460016250610352e-01
-6.161583662033081055e-01
-6.107047796249389648e-01
-6.130689978599548340e-01
-6.151981353759765625e-01
-5.020367503166198730e-01
-5.096104145050048828e-01
-5.180078744888305664e-01
-5.116348266601562500e-01
-4.227702021598815918e-01
-4.351719021797180176e-01
-4.360947608947753906e-01
-4.251755475997924805e-01
-6.182746887207031250e-01
-6.190118789672851562e-01
-6.229017972946166992e-01
-6.139652729034423828e-01
-5.117531418800354004e-01
-5.202881097793579102e-01
-5.339041948318481445e-01
-5.233892202377319336e-01
-4.341911077499389648e-01
-4.478801488876342773e-01
-4.646582007408142090e-01
-4.456838369369506836e-01
-6.199761629104614258e-01
-6.236567497253417969e-01
-6.183356046676635742e-01
-6.200852394104003906e-01
-5.349306464195251465e-01
-5.290730595588684082e-01
-5.354417562484741211e-01
-5.373125076293945312e-01
-4.741792678833007812e-01
-4.481729269027709961e-01
-4.587301015853881836e-01
-4.651188254356384277e-01
-6.195740103721618652e-01
-6.109719276428222656e-01
-6.048712134361267090e-01
-6.123932600021362305e-01
-5.195946693420410156e-01
-5.151253342628479004e-01
-5.059108734130859375e-01
-5.150387287139892578e-01
-4.470034837722778320e-01
-4.332083463668823242e-01
-4.212848544120788574e-01
-4.387687444686889648e-01
-6.009539961814880371e-01
-5.997594594955444336e-01
-5.953623056411743164e-01
-6.082020401954650879e-01
-4.916533827781677246e-01
-4.860661625862121582e-01
-4.798040986061096191e-01
-4.883086085319519043e-01
-4.059644937515258789e-01
-3.975133895874023438e-01
-3.779438138008117676e-01
-3.872265815734863281e-01
-5.944867134094238281e-01
-5.999820232391357422e-01
-5.958580970764160156e-01
-5.975937843322753906e-01
-4.780963659286499023e-01
-4.834859371185302734e-01
-4.717812538146972656e-01
-4.656925201416015625e-01
-3.725354075431823730e-01
-3.859257698059082031e-01
-3.830228447914123535e-01
-3.755662441253662109e-01
-6.046987771987915039e-01
-6.099411249160766602e-01
-6.174684762954711914e-01
-6.115728020668029785e-01
-5.071235895156860352e-01
-5.115919709205627441e-01
-5.038578510284423828e-01
-4.984362125396728516e-01
-4.179855585098266602e-01
-4.286814928054809570e-01
-4.161819219589233398e-01
-4.152810573577880859e-01
-6.160752177238464355e-01
-6.121093034744262695e-01
-6.203958392143249512e-01
-6.176656484603881836e-01
-5.130935907363891602e-01
-5.177174806594848633e-01
-5.253301858901977539e-01
-5.261229276657104492e-01
-4.294590950012207031e-01
-4.336935877799987793e-01
-4.457538723945617676e-01
-4.418118596076965332e-01
-6.295122504234313965e-01
-6.262209415435791016e-01
-6.255330443382263184e-01
-6.287000775337219238e-01
-5.312972664833068848e-01
-5.341539382934570312e-01
-5.509562492370605469e-01
-5.454939603805541992e-01
-4.555470347404479980e-01
-4.514958262443542480e-01
-4.800840616226196289e-01
-4.751921892166137695e-01
-6.256715059280395508e-01
-6.261621713638305664e-01
-6.255009174346923828e-01
-6.299262046813964844e-01
-5.458366870880126953e-01
-5.399806499481201172e-01
-5.376534461975097656e-01
-5.495810508728027344e-01
-4.823117256164550781e-01
-4.594035148620605469e-01
-4.751877784729003906e-01
-4.826462864875793457e-01
-6.226007938385009766e-01
-6.171182990074157715e-01
-6.222119331359863281e-01
-6.251254081726074219e-01
-5.347622036933898926e-01
-5.223243236541748047e-01
-5.171022415161132812e-01
-5.367357730865478516e-01
-4.751737117767333984e-01
-4.386594295501708984e-01
-4.229053258895874023e-01
-4.563747644424438477e-01
-6.142718791961669922e-01
-6.080000996589660645e-01
-6.187000870704650879e-01
-6.213951706886291504e-01
-4.993424415588378906e-01
-4.892282485961914062e-01
-4.919995069503784180e-01
-5.068056583404541016e-01
-4.171722531318664551e-01
-3.881786465644836426e-01
-3.868976235389709473e-01
-4.172205328941345215e-01
-6.022245883941650391e-01
-5.932425856590270996e-01
-5.954988002777099609e-01
-6.003159880638122559e-01
-4.880749583244323730e-01
-4.738144278526306152e-01
-4.671809673309326172e-01
-4.762617945671081543e-01
-3.777074217796325684e-01
-3.860569000244140625e-01
-3.830843567848205566e-01
-3.862687945365905762e-01
-6.120047569274902344e-01
-6.135257482528686523e-01
-6.150693297386169434e-01
-6.112957596778869629e-01
-5.026109218597412109e-01
-4.947955608367919922e-01
-5.096459388732910156e-01
-5.075497627258300781e-01
-4.093730449676513672e-01
-4.163172245025634766e-01
-4.196051955223083496e-01
-4.239572882652282715e-01
-6.222338676452636719e-01
-6.208677291870117188e-01
-6.200537681579589844e-01
-6.222395896911621094e-01
-5.205828547477722168e-01
-5.211436748504638672e-01
-5.301715135574340820e-01
-5.341258645057678223e-01
-4.337642192840576172e-01
-4.396792650222778320e-01
-4.516179561614990234e-01
-4.538366198539733887e-01
-6.332189440727233887e-01
-6.363214254379272461e-01
-6.359026432037353516e-01
-6.333177089691162109e-01
-5.513893961906433105e-01
-5.515932440757751465e-01
-5.613084435462951660e-01
-5.618777275085449219e-01
-4.746857881546020508e-01
-4.756944179534912109e-01
-4.959303140640258789e-01
-4.932461977005004883e-01
-6.462800502777099609e-01
-6.419037580490112305e-01
-6.471527814865112305e-01
-6.477105021476745605e-01
-5.722428560256958008e-01
-5.699951648712158203e-01
-5.685924291610717773e-01
-5.682953596115112305e-01
-4.986771345138549805e-01
-4.964217543601989746e-01
-4.972661733627319336e-01
-4.923675060272216797e-01
-6.377868652343750000e-01
-6.285151243209838867e-01
-6.297340393066406250e-01
-6.351995468139648438e-01
-5.608783364295959473e-01
-5.469985008239746094e-01
-5.390160679817199707e-01
-5.517875552177429199e-01
-4.852376580238342285e-01
-4.621810913085937500e-01
-4.450274109840393066e-01
-4.714554548263549805e-01
-6.204170584678649902e-01
-6.228430271148681641e-01
-6.242305636405944824e-01
-6.239939332008361816e-01
-5.202660560607910156e-01
-5.036911368370056152e-01
-4.968042969703674316e-01
-5.194611549377441406e-01
-4.382444620132446289e-01
-4.010336995124816895e-01
-3.845188021659851074e-01
-4.370157718658447266e-01
-6.213265657424926758e-01
-6.145887970924377441e-01
-6.067630052566528320e-01
-6.113684177398681641e-01
-4.906008839607238770e-01
-4.778796434402465820e-01
-4.843271374702453613e-01
-4.972525238990783691e-01
-3.786798715591430664e-01
-3.844431638717651367e-01
-3.896749615669250488e-01
-3.983481526374816895e-01
-6.172808408737182617e-01
-6.152489781379699707e-01
-6.188098788261413574e-01
-6.130729913711547852e-01
-4.853566884994506836e-01
-4.895719885826110840e-01
-5.008682012557983398e-01
-4.989678263664245605e-01
-3.918702602386474609e-01
-4.058589339256286621e-01
-3.988610506057739258e-01
-3.929278850555419922e-01
-6.235035657882690430e-01
-6.202173233032226562e-01
-6.200903654098510742e-01
-6.190485358238220215e-01
-5.098593831062316895e-01
-5.210680365562438965e-01
-5.163224339485168457e-01
-5.087323784828186035e-01
-4.067181944847106934e-01
-4.424651265144348145e-01
-4.368388652801513672e-01
-4.109433889389038086e-01
-6.313194036483764648e-01
-6.384765505790710449e-01
-6.415772438049316406e-01
-6.364159584045410156e-01
-5.318068861961364746e-01
-5.581420063972473145e-01
-5.598203539848327637e-01
-5.421711206436157227e-01
-4.430615901947021484e-01
-4.728673696517944336e-01
-4.855062365531921387e-01
-4.622431397438049316e-01
-6.469854116439819336e-01
-6.505579352378845215e-01
-6.499499082565307617e-01
-6.476622819900512695e-01
-5.611984133720397949e-01
-5.700221657752990723e-01
-5.651811361312866211e-01
-5.612472295761108398e-01
-4.741971492767333984e-01
-4.995989203453063965e-01
-4.927649497985839844e-01
-4.658083319664001465e-01
-6.344919204711914062e-01
-6.299378871917724609e-01
-6.237087249755859375e-01
-6.295179724693298340e-01
-5.529621839523315430e-01
-5.483556389808654785e-01
-5.351918935775756836e-01
-5.389382839202880859e-01
-4.695245027542114258e-01
-4.763504266738891602e-01
-4.534221291542053223e-01
-4.575572013854980469e-01
-6.060082316398620605e-01
-6.031697392463684082e-01
-6.040104031562805176e-01
-6.050302982330322266e-01
-5.030587911605834961e-01
-5.025087594985961914e-01
-4.972804188728332520e-01
-5.162006020545959473e-01
-4.356192350387573242e-01
-4.231911897659301758e-01
-4.136249423027038574e-01
-4.363790750503540039e-01
-6.015869379043579102e-01
-6.030887365341186523e-01
-6.021701097488403320e-01
-6.018670797348022461e-01
-4.924612045288085938e-01
-4.849331974983215332e-01
-4.770367145538330078e-01
-4.885975718498229980e-01
-4.080539345741271973e-01
-4.046245217323303223e-01
-3.887261152267456055e-01
-3.988213539123535156e-01
-5.943434834480285645e-01
-6.010195016860961914e-01
-6.034908294677734375e-01
-5.911209583282470703e-01
-4.697457551956176758e-01
-4.779297709465026855e-01
-4.694722890853881836e-01
-4.612524509429931641e-01
-3.764117360115051270e-01
-3.807088136672973633e-01
-3.679488897323608398e-01
-3.642321228981018066e-01
-6.022139787673950195e-01
-6.038662195205688477e-01
-5.889294147491455078e-01
-5.838200449943542480e-01
-4.734761118888854980e-01
-4.991503357887268066e-01
-4.803592562675476074e-01
-4.553865194320678711e-01
-3.691941499710083008e-01
-4.084444046020507812e-01
-4.046242237091064453e-01
-3.720246553421020508e-01
-5.988326072692871094e-01
-6.109910011291503906e-01
-6.115782260894775391e-01
-5.992414951324462891e-01
-5.003489255905151367e-01
-5.212957859039306641e-01
-5.315816402435302734e-01
-5.040704607963562012e-01
-4.158831834793090820e-01
-4.517047405242919922e-01
-4.603920578956604004e-01
-4.221483469009399414e-01
-6.242349147796630859e-01
-6.366419792175292969e-01
-6.314987540245056152e-01
-6.194527745246887207e-01
-5.391477346420288086e-01
-5.497598648071289062e-01
-5.378924012184143066e-01
-5.157391428947448730e-01
-4.554540514945983887e-01
-4.666753411293029785e-01
-4.614620804786682129e-01
-4.468513131141662598e-01
-6.171885728836059570e-01
-6.144738197326660156e-01
-6.095420122146606445e-01
-6.164317131042480469e-01
-5.344557762145996094e-01
-5.245016813278198242e-01
-5.154454708099365234e-01
-5.247690081596374512e-01
-4.585476517677307129e-01
-4.558520317077636719e-01
-4.360839128494262695e-01
-4.477760791778564453e-01
-5.985760688781738281e-01
-5.932272672653198242e-01
-5.997781157493591309e-01
-5.980378389358520508e-01
-4.880837798118591309e-01
-4.890564084053039551e-01
-4.813733100891113281e-01
-4.889158010482788086e-01
-4.253655672073364258e-01
-4.190341830253601074e-01
-4.006985425949096680e-01
-4.099060297012329102e-01
-6.005002260208129883e-01
-5.964016914367675781e-01
-5.995590686798095703e-01
-6.020246744155883789e-01
-4.914761185646057129e-01
-4.824746847152709961e-01
-4.820747375488281250e-01
-4.868150949478149414e-01
-4.060620665550231934e-01
-4.077562093734741211e-01
-3.882804512977600098e-01
-3.853704929351806641e-01
-5.724872946739196777e-01
-5.775576829910278320e-01
-5.825080871582031250e-01
-5.794538259506225586e-01
-4.676049351692199707e-01
-4.446719884872436523e-01
-4.448249340057373047e-01
-4.554907083511352539e-01
-3.730814456939697266e-01
-3.351488113403320312e-01
-3.365126848220825195e-01
-3.703747987747192383e-01
-5.838611125946044922e-01
-5.766453742980957031e-01
-5.749086737632751465e-01
-5.787512660026550293e-01
-4.493972659111022949e-01
-4.517860412597656250e-01
-4.463953971862792969e-01
-4.453858137130737305e-01
-3.472571372985839844e-01
-3.657586574554443359e-01
-3.664748668670654297e-01
-3.452596068382263184e-01
-5.926196575164794922e-01
-5.922396183013916016e-01
-5.962228178977966309e-01
-5.960797071456909180e-01
-4.750316739082336426e-01
-5.007339715957641602e-01
-5.142616629600524902e-01
-4.885344505310058594e-01
-3.866199254989624023e-01
-4.195573925971984863e-01
-4.449945092201232910e-01
-4.145774245262145996e-01
-6.149085760116577148e-01
-6.109736561775207520e-01
-6.137936711311340332e-01
-6.168311834335327148e-01
-5.193599462509155273e-01
-5.158789157867431641e-01
-5.266991257667541504e-01
-5.267276763916015625e-01
-4.418020844459533691e-01
-4.436097145080566406e-01
-4.483922719955444336e-01
-4.399809241294860840e-01
-6.071634292602539062e-01
-5.994690656661987305e-01
-6.029545068740844727e-01
-6.094086170196533203e-01
-5.326399207115173340e-01
-5.191174745559692383e-01
-5.063405036926269531e-01
-5.158572793006896973e-01
-4.666082262992858887e-01
-4.405498504638671875e-01
-4.174993038177490234e-01
-4.446642398834228516e-01
-6.044969558715820312e-01
-5.985460877418518066e-01
-5.981695652008056641e-01
-6.076807975769042969e-01
-4.959829449653625488e-01
-4.864187240600585938e-01
-4.773634672164916992e-01
-4.888555407524108887e-01
-4.139007925987243652e-01
-4.066581726074218750e-01
-3.825064301490783691e-01
-3.954064846038818359e-01
-6.024162173271179199e-01
-5.981857180595397949e-01
-6.005074977874755859e-01
-6.041324138641357422e-01
-4.869101643562316895e-01
-4.816789031028747559e-01
-4.778881072998046875e-01
-4.732031226158142090e-01
-3.766781091690063477e-01
-3.814621567726135254e-01
-3.801707029342651367e-01
-3.792547583580017090e-01
-5.874236226081848145e-01
-5.813055038452148438e-01
-5.899724364280700684e-01
-5.948135852813720703e-01
-4.784593582153320312e-01
-4.573073983192443848e-01
-4.622104167938232422e-01
-4.910618066787719727e-01
-4.116162061691284180e-01
-3.587117195129394531e-01
-3.682639598846435547e-01
-4.288790822029113770e-01
-5.957309007644653320e-01
-5.890986323356628418e-01
-5.860263705253601074e-01
-5.907037854194641113e-01
-4.720460772514343262e-01
-4.694689512252807617e-01
-4.758204221725463867e-01
-4.704118371009826660e-01
-3.619819879531860352e-01
-3.582656383514404297e-01
-3.824845552444458008e-01
-3.956441879272460938e-01
-5.965785980224609375e-01
-6.036437749862670898e-01
-6.114227175712585449e-01
-6.023690700531005859e-01
-4.831790924072265625e-01
-4.950863122940063477e-01
-5.229495763778686523e-01
-5.116601586341857910e-01
-3.961008787155151367e-01
-4.165421724319458008e-01
-4.497509002685546875e-01
-4.303195476531982422e-01
-6.303637623786926270e-01
-6.288820505142211914e-01
-6.333709955215454102e-01
-6.329479813575744629e-01
-5.322717428207397461e-01
-5.218110680580139160e-01
-5.366460084915161133e-01
-5.370199680328369141e-01
-4.616372585296630859e-01
-4.467799663543701172e-01
-4.595474004745483398e-01
-4.603441357612609863e-01
-6.190642714500427246e-01
-6.140371561050415039e-01
-6.062655448913574219e-01
-6.163199543952941895e-01
-5.355845093727111816e-01
-5.149280428886413574e-01
-5.093117356300354004e-01
-5.312241315841674805e-01
-4.687899351119995117e-01
-4.281276464462280273e-01
-4.219037294387817383e-01
-4.588447213172912598e-01
-6.080220937728881836e-01
-6.054403781890869141e-01
-6.022014021873474121e-01
-6.081250905990600586e-01
-4.911277294158935547e-01
-4.825221300125122070e-01
-4.757442474365234375e-01
-4.891622066497802734e-01
-4.018642902374267578e-01
-3.881842494010925293e-01
-3.793998360633850098e-01
-3.998897075653076172e-01
-5.977891683578491211e-01
-5.954103469848632812e-01
-5.941385030746459961e-01
-6.049559116363525391e-01
-4.799048304557800293e-01
-4.732929468154907227e-01
-4.690265059471130371e-01
-4.767256975173950195e-01
-3.747245073318481445e-01
-3.759893178939819336e-01
-3.833506703376770020e-01
-3.787426948547363281e-01
