2.213255643844604492e+00
2.227504253387451172e+00
2.560536623001098633e+00
2.418072462081909180e+00
6.161335110664367676e-02
2.760205268859863281e-01
4.636678695678710938e-01
1.502569019794464111e-01
-1.892578244209289551e+00
-1.196680307388305664e+00
-1.432711601257324219e+00
-2.150033473968505859e+00
2.455568075180053711e+00
2.174713611602783203e+00
2.128880977630615234e+00
2.364353418350219727e+00
8.009010553359985352e-01
1.033655047416687012e+00
9.104551076889038086e-01
6.022570133209228516e-01
-1.087575435638427734e+00
1.482394337654113770e-02
-6.497901678085327148e-02
-1.116863131523132324e+00
1.715928077697753906e+00
1.730535507202148438e+00
1.668082237243652344e+00
1.721169948577880859e+00
6.941314339637756348e-01
7.967423796653747559e-01
9.843224287033081055e-01
9.130452871322631836e-01
-1.028055846691131592e-01
2.593067884445190430e-01
6.392749547958374023e-01
3.295173645019531250e-01
1.605147480964660645e+00
1.770025849342346191e+00
1.575138211250305176e+00
1.504301786422729492e+00
8.668730258941650391e-01
8.876205086708068848e-01
8.916072845458984375e-01
8.999062776565551758e-01
4.442501366138458252e-01
1.341929733753204346e-01
3.855167627334594727e-01
5.122135877609252930e-01
1.551125526428222656e+00
1.653181672096252441e+00
1.535662889480590820e+00
1.527116060256958008e+00
8.366312980651855469e-01
8.178249597549438477e-01
5.163863897323608398e-01
5.700949430465698242e-01
4.556574225425720215e-01
2.439250946044921875e-01
-1.602787673473358154e-01
4.124638438224792480e-02
1.726488471031188965e+00
1.865308880805969238e+00
1.988033771514892578e+00
1.993684649467468262e+00
6.038548946380615234e-01
7.522339224815368652e-01
6.679371595382690430e-01
6.819912195205688477e-01
-1.846075356006622314e-01
-2.296505868434906006e-01
-5.085516571998596191e-01
-4.362733364105224609e-01
2.214397430419921875e+00
2.085628986358642578e+00
2.152966976165771484e+00
2.306570529937744141e+00
4.688533842563629150e-01
1.902849674224853516e-01
8.561548590660095215e-02
2.345616221427917480e-01
-1.111001729965209961e+00
-1.245593786239624023e+00
-1.708324193954467773e+00
-1.716599345207214355e+00
1.855017423629760742e+00
2.188193559646606445e+00
2.372286796569824219e+00
1.886439204216003418e+00
-2.244723141193389893e-01
1.793444156646728516e-01
5.170935392379760742e-01
-1.586394608020782471e-01
-2.277831077575683594e+00
-1.820369243621826172e+00
-1.374801993370056152e+00
-1.948102355003356934e+00
2.559845447540283203e+00
2.522023916244506836e+00
2.308807849884033203e+00
2.370190620422363281e+00
1.015383839607238770e+00
1.057990789413452148e+00
8.468443155288696289e-01
7.041820287704467773e-01
-6.319876909255981445e-01
-3.334211707115173340e-01
-4.054846167564392090e-01
-8.858652710914611816e-01
1.707970976829528809e+00
1.577197074890136719e+00
1.398228645324707031e+00
1.566752195358276367e+00
7.297349572181701660e-01
8.258966207504272461e-01
8.745549917221069336e-01
7.452712059020996094e-01
-1.227272748947143555e-01
9.851732850074768066e-02
5.319791436195373535e-01
1.046670079231262207e-01
1.144278764724731445e+00
1.184639811515808105e+00
1.247405648231506348e+00
1.319031000137329102e+00
7.140097618103027344e-01
5.884529948234558105e-01
6.485514640808105469e-01
7.799436450004577637e-01
3.539113402366638184e-01
1.559488773345947266e-01
2.398347854614257812e-01
2.560514807701110840e-01
1.445063352584838867e+00
1.442146658897399902e+00
1.569327592849731445e+00
1.528606891632080078e+00
5.703455805778503418e-01
6.196542978286743164e-01
5.753413438796997070e-01
5.829870104789733887e-01
1.637018918991088867e-01
2.404767274856567383e-02
-1.881916373968124390e-01
-1.713782548904418945e-02
1.886384725570678711e+00
2.046674728393554688e+00
2.344811201095581055e+00
2.190392494201660156e+00
7.457232475280761719e-01
8.302261233329772949e-01
1.195829629898071289e+00
1.140885472297668457e+00
-1.737044304609298706e-01
-3.981059789657592773e-01
-2.354440242052078247e-01
1.171194911003112793e-01
2.590019464492797852e+00
2.419187307357788086e+00
2.461424589157104492e+00
2.529433965682983398e+00
1.100428223609924316e+00
5.015903711318969727e-01
3.888069391250610352e-01
7.070700526237487793e-01
-8.072049617767333984e-01
-1.286017656326293945e+00
-1.837992668151855469e+00
-1.270474314689636230e+00
1.681224346160888672e+00
1.747260212898254395e+00
2.177145481109619141e+00
1.825170755386352539e+00
-2.111647576093673706e-01
2.654308080673217773e-02
6.729103326797485352e-01
1.990157365798950195e-01
-2.246075153350830078e+00
-1.564301371574401855e+00
-1.058003187179565430e+00
-1.723384141921997070e+00
2.189544916152954102e+00
2.048771858215332031e+00
1.878083467483520508e+00
2.014049291610717773e+00
1.122670173645019531e+00
6.998310089111328125e-01
5.024432539939880371e-01
8.553514480590820312e-01
-2.288917005062103271e-01
-5.832679271697998047e-01
-7.539916634559631348e-01
-3.586133122444152832e-01
1.721683979034423828e+00
1.657364368438720703e+00
1.439328312873840332e+00
1.599702715873718262e+00
9.363591670989990234e-01
8.165355920791625977e-01
5.434835553169250488e-01
6.945993900299072266e-01
1.860098242759704590e-01
1.093017756938934326e-01
-9.341016411781311035e-02
-3.470173478126525879e-02
1.454186320304870605e+00
1.522888898849487305e+00
1.536495447158813477e+00
1.526895880699157715e+00
7.059208750724792480e-01
7.592731118202209473e-01
6.372451782226562500e-01
6.292833685874938965e-01
1.937552094459533691e-01
2.325242757797241211e-02
-1.057793498039245605e-01
-1.068642139434814453e-01
1.676512241363525391e+00
1.695357561111450195e+00
1.725396871566772461e+00
1.731938958168029785e+00
5.187313556671142578e-01
5.596046447753906250e-01
6.248298883438110352e-01
6.581016778945922852e-01
-1.915542781352996826e-01
-1.858118772506713867e-01
-1.738285720348358154e-01
-2.038079351186752319e-01
2.006872653961181641e+00
2.297722339630126953e+00
2.500224113464355469e+00
2.229077816009521484e+00
7.069771885871887207e-01
9.843450188636779785e-01
1.163321256637573242e+00
1.085457801818847656e+00
-3.121313154697418213e-01
-2.803273797035217285e-01
-2.941476702690124512e-01
-3.529879450798034668e-02
2.745140075683593750e+00
2.561095237731933594e+00
2.519154548645019531e+00
2.532582521438598633e+00
9.224865436553955078e-01
4.717097282409667969e-01
2.051572799682617188e-01
5.542216300964355469e-01
-9.098302125930786133e-01
-1.368497967720031738e+00
-2.123749017715454102e+00
-1.567347526550292969e+00
2.130529165267944336e+00
2.246560335159301758e+00
2.593481063842773438e+00
2.398637771606445312e+00
-3.382412195205688477e-01
5.349051952362060547e-02
7.307337522506713867e-01
3.843754827976226807e-01
-2.816908836364746094e+00
-1.759781122207641602e+00
-9.681543707847595215e-01
-1.953533053398132324e+00
2.227951526641845703e+00
2.055574178695678711e+00
1.867084503173828125e+00
2.025915622711181641e+00
7.879310250282287598e-01
7.256087660789489746e-01
6.367310285568237305e-01
7.160315513610839844e-01
-8.380080461502075195e-01
-3.818140029907226562e-01
-3.497278094291687012e-01
-6.798005700111389160e-01
1.537304520606994629e+00
1.470409870147705078e+00
1.384943485260009766e+00
1.449475407600402832e+00
6.702100038528442383e-01
6.006128191947937012e-01
6.815069913864135742e-01
7.227470874786376953e-01
-1.412724256515502930e-01
-1.304885745048522949e-01
2.020236849784851074e-01
2.140982747077941895e-01
1.344076871871948242e+00
1.438860893249511719e+00
1.466312766075134277e+00
1.392219543457031250e+00
6.233585476875305176e-01
7.761228084564208984e-01
8.627508282661437988e-01
6.996164917945861816e-01
1.348291933536529541e-01
1.264436841011047363e-01
3.210605978965759277e-01
1.270062923431396484e-01
1.434422016143798828e+00
1.465652465820312500e+00
1.426813602447509766e+00
1.391929745674133301e+00
6.377100944519042969e-01
7.038642168045043945e-01
8.061623573303222656e-01
7.299336194992065430e-01
4.586842656135559082e-02
1.491529941558837891e-01
4.084207415580749512e-01
3.685372471809387207e-01
1.564406156539916992e+00
1.866199612617492676e+00
2.088534116744995117e+00
1.751445412635803223e+00
5.998772382736206055e-01
9.355364441871643066e-01
1.082911729812622070e+00
9.201071262359619141e-01
-1.532772779464721680e-01
-9.553283452987670898e-02
-4.910498857498168945e-02
9.133461117744445801e-02
2.311825037002563477e+00
2.291547060012817383e+00
2.147984266281127930e+00
2.106331825256347656e+00
6.732494831085205078e-01
3.193588256835937500e-01
-7.439777255058288574e-02
2.077326178550720215e-02
-7.381225228309631348e-01
-1.335644125938415527e+00
-2.284409761428833008e+00
-1.851581573486328125e+00
2.039250135421752930e+00
2.340487241744995117e+00
2.572400331497192383e+00
2.143827676773071289e+00
-2.409850656986236572e-01
1.369809806346893311e-01
3.312702775001525879e-01
-1.602247804403305054e-01
-2.317713975906372070e+00
-1.996791124343872070e+00
-1.574776411056518555e+00
-2.094770669937133789e+00
2.389512062072753906e+00
2.222912549972534180e+00
1.876767516136169434e+00
2.067126750946044922e+00
5.722839832305908203e-01
7.918895483016967773e-01
3.931819796562194824e-01
2.073355019092559814e-01
-1.210638999938964844e+00
-5.554417371749877930e-01
-6.839007139205932617e-01
-1.301359415054321289e+00
1.475760102272033691e+00
1.335379958152770996e+00
1.318932175636291504e+00
1.499030113220214844e+00
5.425412654876708984e-01
6.275021433830261230e-01
7.697786688804626465e-01
6.484058499336242676e-01
-1.815090775489807129e-01
1.404797434806823730e-01
2.221210598945617676e-01
-1.057150959968566895e-01
1.345579266548156738e+00
1.356316804885864258e+00
1.418128371238708496e+00
1.418510556221008301e+00
7.493877410888671875e-01
5.902875065803527832e-01
6.940898895263671875e-01
7.305569648742675781e-01
2.613735795021057129e-01
1.176436841487884521e-01
8.699488639831542969e-02
2.125520110130310059e-01
1.500885844230651855e+00
1.445829153060913086e+00
1.495620489120483398e+00
1.593425989151000977e+00
7.829994559288024902e-01
6.268594861030578613e-01
5.947183370590209961e-01
7.931731343269348145e-01
2.511906921863555908e-01
1.252825856208801270e-01
-6.979638338088989258e-02
1.362043619155883789e-01
1.765470743179321289e+00
1.860896944999694824e+00
2.390065908432006836e+00
2.156035900115966797e+00
5.719648599624633789e-01
6.802474260330200195e-01
8.674256801605224609e-01
9.265458583831787109e-01
-3.237209618091583252e-01
-4.375414252281188965e-01
-7.237994074821472168e-01
-4.209809303283691406e-01
2.612063407897949219e+00
2.162647962570190430e+00
2.153444766998291016e+00
2.481155395507812500e+00
5.201482176780700684e-01
-1.543382704257965088e-01
-3.878577351570129395e-01
1.570179760456085205e-01
-1.539263010025024414e+00
-2.014717102050781250e+00
-2.393549919128417969e+00
-1.953885316848754883e+00
1.636273980140686035e+00
1.780599474906921387e+00
2.091209411621093750e+00
1.761423230171203613e+00
-1.427007317543029785e-01
-3.040041327476501465e-01
2.726008892059326172e-01
1.021041870117187500e-01
-1.653910398483276367e+00
-2.269149303436279297e+00
-1.579174757003784180e+00
-1.242602586746215820e+00
2.207033157348632812e+00
1.941462516784667969e+00
1.792538285255432129e+00
1.932479858398437500e+00
7.043826580047607422e-01
5.384754538536071777e-01
1.578795611858367920e-01
3.493716716766357422e-01
-6.427819132804870605e-01
-7.307931184768676758e-01
-9.005146026611328125e-01
-9.672433137893676758e-01
1.558131098747253418e+00
1.562202930450439453e+00
1.420385599136352539e+00
1.495209217071533203e+00
6.926436424255371094e-01
7.130355238914489746e-01
7.150970697402954102e-01
6.454653739929199219e-01
-6.241869926452636719e-02
1.295295357704162598e-02
2.025336623191833496e-01
-2.446234226226806641e-02
1.398312687873840332e+00
1.485321044921875000e+00
1.490388393402099609e+00
1.480335950851440430e+00
7.415714263916015625e-01
7.711485028266906738e-01
6.382246017456054688e-01
6.152575016021728516e-01
2.444030642509460449e-01
1.451086699962615967e-01
2.808475494384765625e-02
-1.831430196762084961e-02
1.547236919403076172e+00
1.653854131698608398e+00
1.450006604194641113e+00
1.496612429618835449e+00
6.344850659370422363e-01
6.586751937866210938e-01
5.057981610298156738e-01
5.758070945739746094e-01
1.273247599601745605e-01
5.554956197738647461e-02
-2.899053692817687988e-02
3.215190768241882324e-02
1.861775517463684082e+00
2.213912725448608398e+00
2.437119007110595703e+00
2.147099018096923828e+00
4.687061905860900879e-01
6.778124570846557617e-01
9.364585876464843750e-01
7.631003856658935547e-01
-6.152419447898864746e-01
-8.709958791732788086e-01
-5.977839231491088867e-01
-3.064523935317993164e-01
2.596504211425781250e+00
2.394102096557617188e+00
2.356354475021362305e+00
2.411527156829833984e+00
7.145483493804931641e-01
-2.660021185874938965e-02
1.706048846244812012e-01
5.707786679267883301e-01
-1.392968773841857910e+00
-2.243488073348999023e+00
-1.778337121009826660e+00
-1.164505004882812500e+00
2.128206491470336914e+00
2.030733823776245117e+00
2.394300460815429688e+00
2.388015031814575195e+00
6.887621283531188965e-01
1.075862348079681396e-01
6.118903160095214844e-01
1.069083333015441895e+00
-4.483693838119506836e-01
-1.478405714035034180e+00
-9.511265158653259277e-01
6.304055452346801758e-03
2.309841632843017578e+00
2.056194305419921875e+00
1.882138967514038086e+00
2.097937822341918945e+00
8.956336975097656250e-01
5.695251822471618652e-01
4.805638790130615234e-01
8.507963418960571289e-01
-5.679973363876342773e-01
-9.340679049491882324e-01
-4.768743813037872314e-01
1.086452007293701172e-01
1.553174257278442383e+00
1.519489169120788574e+00
1.522672295570373535e+00
1.608754038810729980e+00
4.683234691619873047e-01
7.460392117500305176e-01
9.728355407714843750e-01
7.313976287841796875e-01
-3.380849659442901611e-01
5.759146809577941895e-02
8.231961131095886230e-01
3.160684704780578613e-01
1.491778850555419922e+00
1.438838839530944824e+00
1.464763879776000977e+00
1.494522094726562500e+00
6.661437749862670898e-01
7.243067622184753418e-01
1.088015913963317871e+00
8.529040813446044922e-01
2.205845713615417480e-01
3.117030262947082520e-01
8.803684711456298828e-01
4.083953797817230225e-01
1.345923423767089844e+00
1.336375951766967773e+00
1.361080884933471680e+00
1.381044149398803711e+00
9.002240896224975586e-01
8.723849058151245117e-01
7.839627265930175781e-01
7.355617284774780273e-01
7.409144639968872070e-01
5.358009338378906250e-01
2.093311846256256104e-01
2.169425785541534424e-01
1.698848128318786621e+00
1.836670041084289551e+00
2.008530378341674805e+00
1.902183890342712402e+00
8.226443529129028320e-01
7.238676548004150391e-01
6.221319437026977539e-01
7.576304674148559570e-01
1.937866508960723877e-01
-3.433591127395629883e-01
-7.138817310333251953e-01
-1.386154592037200928e-01
2.358232259750366211e+00
2.244176626205444336e+00
2.161012172698974609e+00
2.289335250854492188e+00
1.042944073677062988e+00
5.159813165664672852e-01
2.756088376045227051e-01
7.627825140953063965e-01
-5.565394759178161621e-01
-1.577718257904052734e+00
-1.330958127975463867e+00
-4.135171473026275635e-01
