-9.556379914283752441e-01
-9.731160402297973633e-01
-1.101200103759765625e+00
-1.032626390457153320e+00
5.405235290527343750e-02
-1.794754862785339355e-01
-2.041780352592468262e-01
9.883004426956176758e-02
9.957871437072753906e-01
5.289530158042907715e-01
6.242518424987792969e-01
1.119632959365844727e+00
-1.014791727066040039e+00
-9.117837548255920410e-01
-8.716962933540344238e-01
-9.379402995109558105e-01
-2.616262435913085938e-01
-2.895751595497131348e-01
-3.347899317741394043e-01
-3.231410980224609375e-01
5.094484090805053711e-01
1.618366837501525879e-01
3.838741779327392578e-02
3.866003751754760742e-01
-7.548249363899230957e-01
-8.498783111572265625e-01
-8.219963908195495605e-01
-7.699316740036010742e-01
-3.304138183593750000e-01
-4.693669676780700684e-01
-4.594282507896423340e-01
-3.125033378601074219e-01
3.305697441101074219e-02
-1.786289811134338379e-01
-2.006001472473144531e-01
-3.401279449462890625e-03
-8.470858931541442871e-01
-9.001548886299133301e-01
-8.327331542968750000e-01
-8.117550611495971680e-01
-5.227657556533813477e-01
-5.046194791793823242e-01
-4.109630584716796875e-01
-4.424333572387695312e-01
-2.245117425918579102e-01
-3.310966491699218750e-02
1.903176307678222656e-03
-1.544713973999023438e-01
-8.414406776428222656e-01
-8.423621654510498047e-01
-7.905368804931640625e-01
-8.227967023849487305e-01
-4.262998104095458984e-01
-2.378755807876586914e-01
-9.557849168777465820e-02
-3.257455825805664062e-01
-8.441346883773803711e-02
3.441642522811889648e-01
4.574549794197082520e-01
3.140056133270263672e-02
-7.726014852523803711e-01
-7.551684379577636719e-01
-8.331742882728576660e-01
-9.279381036758422852e-01
-8.923935890197753906e-02
3.397464752197265625e-03
-5.131936073303222656e-02
-1.780449748039245605e-01
4.965536594390869141e-01
6.879123449325561523e-01
7.263935804367065430e-01
6.040937900543212891e-01
-9.264964461326599121e-01
-8.089717626571655273e-01
-8.571872711181640625e-01
-9.618840217590332031e-01
1.615498065948486328e-01
4.320309162139892578e-01
4.256294965744018555e-01
2.189251184463500977e-01
1.146656394004821777e+00
1.535691857337951660e+00
1.560343027114868164e+00
1.244371533393859863e+00
-8.042163252830505371e-01
-9.318051338195800781e-01
-9.602056741714477539e-01
-7.551132440567016602e-01
2.916465997695922852e-01
6.231999397277832031e-02
-5.686306953430175781e-02
3.278417587280273438e-01
1.444905996322631836e+00
1.047606229782104492e+00
7.692223787307739258e-01
1.253319025039672852e+00
-8.805460929870605469e-01
-8.920248746871948242e-01
-8.546289205551147461e-01
-8.514678478240966797e-01
-2.680675387382507324e-01
-3.347756862640380859e-01
-2.164826393127441406e-01
-1.331557035446166992e-01
3.983474373817443848e-01
2.299438714981079102e-01
3.423646688461303711e-01
5.981037616729736328e-01
-7.999906539916992188e-01
-7.612758874893188477e-01
-7.130370140075683594e-01
-7.508150935173034668e-01
-2.552698254585266113e-01
-2.956988215446472168e-01
-2.355428934097290039e-01
-2.073097825050354004e-01
2.054436206817626953e-01
1.811945438385009766e-02
-5.958342552185058594e-02
2.243490219116210938e-01
-6.723399162292480469e-01
-7.041276097297668457e-01
-6.534296870231628418e-01
-6.743593215942382812e-01
-2.390401363372802734e-01
-3.113684058189392090e-01
-3.352809548377990723e-01
-2.501888871192932129e-01
1.314139366149902344e-02
2.104783058166503906e-02
-1.176214814186096191e-01
-2.262133359909057617e-02
-6.737323403358459473e-01
-6.933319568634033203e-01
-7.566151618957519531e-01
-7.009495496749877930e-01
-3.331261277198791504e-01
-2.862362861633300781e-01
-2.496730685234069824e-01
-3.068680763244628906e-01
-1.690086126327514648e-01
1.641428470611572266e-02
1.458463668823242188e-01
-1.909542083740234375e-02
-9.137219786643981934e-01
-1.012958049774169922e+00
-1.072514176368713379e+00
-9.717803001403808594e-01
-4.032708406448364258e-01
-4.184233546257019043e-01
-3.971363902091979980e-01
-3.635665774345397949e-01
5.253922939300537109e-02
3.023215532302856445e-01
4.215337634086608887e-01
1.867873668670654297e-01
-1.222445607185363770e+00
-1.131393551826477051e+00
-1.115715503692626953e+00
-1.164929151535034180e+00
-3.972579836845397949e-01
4.714322090148925781e-02
6.722521781921386719e-02
-2.188373804092407227e-01
5.943877696990966797e-01
1.069061040878295898e+00
1.122678875923156738e+00
6.621590256690979004e-01
-6.399612426757812500e-01
-6.369181871414184570e-01
-7.993450164794921875e-01
-6.678444743156433105e-01
2.839596271514892578e-01
3.093656301498413086e-01
3.515923023223876953e-02
1.453357934951782227e-01
1.278826951980590820e+00
1.064072966575622559e+00
8.195415735244750977e-01
1.078517556190490723e+00
-8.417097926139831543e-01
-8.225165605545043945e-01
-7.655796408653259277e-01
-7.546854019165039062e-01
-1.889501810073852539e-01
-1.364161968231201172e-01
-2.334010601043701172e-02
-6.064414978027343750e-03
4.087950587272644043e-01
4.070704579353332520e-01
5.724947452545166016e-01
6.163790225982666016e-01
-7.202163338661193848e-01
-7.357943058013916016e-01
-6.517661809921264648e-01
-6.583124399185180664e-01
-1.644684672355651855e-01
-1.679233908653259277e-01
-1.764856576919555664e-01
-1.918069124221801758e-01
2.161483764648437500e-01
2.402734756469726562e-01
1.655057072639465332e-01
2.058087587356567383e-01
-6.993405818939208984e-01
-7.010500431060791016e-01
-7.364649772644042969e-01
-7.342479825019836426e-01
-2.727338671684265137e-01
-2.613924741744995117e-01
-3.270248174667358398e-01
-3.102417588233947754e-01
6.602418422698974609e-02
5.689334869384765625e-02
-5.207115411758422852e-02
6.667506694793701172e-02
-7.736760377883911133e-01
-7.647697925567626953e-01
-8.079172372817993164e-01
-8.195908069610595703e-01
-2.939006686210632324e-01
-3.539468050003051758e-01
-3.785493969917297363e-01
-3.052091598510742188e-01
4.534816741943359375e-02
-4.213815927505493164e-02
8.547306060791015625e-05
1.250505447387695312e-01
-9.076487421989440918e-01
-9.980616569519042969e-01
-1.101852536201477051e+00
-9.904709458351135254e-01
-3.035675883293151855e-01
-4.305270314216613770e-01
-4.838151335716247559e-01
-3.802241086959838867e-01
1.555047631263732910e-01
1.311958432197570801e-01
1.759730577468872070e-01
1.000316143035888672e-01
-1.126910328865051270e+00
-1.065864801406860352e+00
-9.775162935256958008e-01
-1.007870197296142578e+00
-4.979553222656250000e-01
-1.664205193519592285e-01
-8.578062057495117188e-02
-3.363987207412719727e-01
2.123012542724609375e-01
5.669233798980712891e-01
8.552693128585815430e-01
4.859057664871215820e-01
-8.825966119766235352e-01
-8.689222335815429688e-01
-1.023530840873718262e+00
-9.857221245765686035e-01
2.314324378967285156e-01
1.640232801437377930e-01
-1.652542948722839355e-01
3.132104873657226562e-03
1.376424551010131836e+00
1.087483644485473633e+00
6.898043751716613770e-01
1.015067577362060547e+00
-9.725395441055297852e-01
-8.373780846595764160e-01
-8.152757883071899414e-01
-8.872007131576538086e-01
-1.627067327499389648e-01
-2.212625741958618164e-02
-4.044890403747558594e-02
-1.784509420394897461e-01
6.440781354904174805e-01
5.857943296432495117e-01
5.406683087348937988e-01
5.963288545608520508e-01
-6.687822937965393066e-01
-6.425867080688476562e-01
-6.376214623451232910e-01
-6.381439566612243652e-01
-1.125168800354003906e-01
-1.644382476806640625e-01
-2.291446328163146973e-01
-1.577068567276000977e-01
3.419032096862792969e-01
2.601943016052246094e-01
8.328437805175781250e-02
1.987361907958984375e-01
-6.860615015029907227e-01
-6.997669339179992676e-01
-7.591369748115539551e-01
-7.599780559539794922e-01
-3.400253057479858398e-01
-2.983799576759338379e-01
-3.811433315277099609e-01
-3.712003231048583984e-01
-3.788077831268310547e-02
3.035271167755126953e-02
-5.995196104049682617e-02
-6.257057189941406250e-03
-8.663654923439025879e-01
-8.846048712730407715e-01
-9.127631187438964844e-01
-9.088284373283386230e-01
-3.919787406921386719e-01
-3.891444206237792969e-01
-4.343353509902954102e-01
-3.957740068435668945e-01
1.392734050750732422e-02
1.931262016296386719e-02
-2.026987075805664062e-02
-6.113183498382568359e-02
-9.606622457504272461e-01
-9.800565242767333984e-01
-1.052589058876037598e+00
-1.008872389793395996e+00
-2.930106520652770996e-01
-3.384526968002319336e-01
-4.047172069549560547e-01
-4.271243214607238770e-01
2.863423228263854980e-01
1.887751817703247070e-01
1.743270158767700195e-01
2.509865760803222656e-01
-9.959559440612792969e-01
-8.990491032600402832e-01
-8.426597118377685547e-01
-9.310117959976196289e-01
-2.834655046463012695e-01
-1.449974179267883301e-01
6.345844268798828125e-02
-5.529046058654785156e-03
4.140403270721435547e-01
5.180785655975341797e-01
9.068524241447448730e-01
8.980052471160888672e-01
-1.021707177162170410e+00
-1.104778528213500977e+00
-1.224793314933776855e+00
-1.061924338340759277e+00
-4.626333713531494141e-03
-2.718114852905273438e-02
-1.448054909706115723e-01
-4.398870468139648438e-02
1.001665830612182617e+00
1.044128060340881348e+00
8.559833168983459473e-01
8.347108364105224609e-01
-1.112004756927490234e+00
-1.002484798431396484e+00
-9.067466259002685547e-01
-1.018915176391601562e+00
-2.528609633445739746e-01
-1.794095635414123535e-01
-1.115259528160095215e-01
-2.348622083663940430e-01
6.427428722381591797e-01
5.464202761650085449e-01
5.323877334594726562e-01
5.911121368408203125e-01
-7.457861304283142090e-01
-6.923211216926574707e-01
-6.846646070480346680e-01
-7.455424070358276367e-01
-1.655041575431823730e-01
-2.040277123451232910e-01
-2.438679933547973633e-01
-1.910141706466674805e-01
3.915435075759887695e-01
1.661596894264221191e-01
4.046988487243652344e-02
2.697702050209045410e-01
-6.926761865615844727e-01
-7.360722422599792480e-01
-7.292803525924682617e-01
-7.002410888671875000e-01
-3.320114016532897949e-01
-3.318919539451599121e-01
-3.819565773010253906e-01
-2.833756208419799805e-01
6.964385509490966797e-03
-9.158611297607421875e-03
-7.053393125534057617e-02
3.484898805618286133e-02
-8.006140589714050293e-01
-8.447635173797607422e-01
-8.658519387245178223e-01
-8.224967718124389648e-01
-3.808078765869140625e-01
-3.407274484634399414e-01
-4.012742042541503906e-01
-4.037185907363891602e-01
-5.915224552154541016e-02
5.171966552734375000e-02
4.963171482086181641e-02
-7.575446367263793945e-02
-1.015347838401794434e+00
-1.028879165649414062e+00
-1.155705690383911133e+00
-1.058652162551879883e+00
-3.656117916107177734e-01
-3.492169380187988281e-01
-3.284343481063842773e-01
-3.419049978256225586e-01
2.059702873229980469e-01
3.241670131683349609e-01
4.355931282043457031e-01
3.125426769256591797e-01
-1.104319572448730469e+00
-9.587151408195495605e-01
-7.977958321571350098e-01
-9.519075751304626465e-01
-2.376292943954467773e-01
1.171010732650756836e-01
3.331133127212524414e-01
1.659584045410156250e-02
6.711518764495849609e-01
9.227608442306518555e-01
1.102377533912658691e+00
9.219658970832824707e-01
-8.209248781204223633e-01
-8.945329785346984863e-01
-9.380073547363281250e-01
-8.417684435844421387e-01
-2.348369359970092773e-02
1.003783345222473145e-01
-6.895822286605834961e-02
-9.474599361419677734e-02
7.975780963897705078e-01
1.071818828582763672e+00
7.298991084098815918e-01
4.749651551246643066e-01
-9.538811445236206055e-01
-9.468289017677307129e-01
-8.566948771476745605e-01
-8.595274686813354492e-01
-2.404671907424926758e-01
-2.300658226013183594e-01
-8.843052387237548828e-02
-1.064894795417785645e-01
4.901655316352844238e-01
4.677644968032836914e-01
4.573962092399597168e-01
5.130227804183959961e-01
-7.878993153572082520e-01
-7.596983313560485840e-01
-7.015082240104675293e-01
-7.261901497840881348e-01
-1.857559084892272949e-01
-3.116855025291442871e-01
-3.004671335220336914e-01
-1.470347642898559570e-01
2.278779745101928711e-01
3.927391767501831055e-02
1.031935214996337891e-02
3.219941854476928711e-01
-6.887700557708740234e-01
-7.083169221878051758e-01
-6.497322320938110352e-01
-6.198887228965759277e-01
-2.981975078582763672e-01
-3.515522480010986328e-01
-2.233713865280151367e-01
-1.544393301010131836e-01
4.286211729049682617e-02
-7.326400279998779297e-02
-2.504503726959228516e-02
1.366328597068786621e-01
-6.416192054748535156e-01
-7.030305862426757812e-01
-7.077274322509765625e-01
-6.744154691696166992e-01
-2.769889235496520996e-01
-2.785333395004272461e-01
-3.345590829849243164e-01
-3.194739818572998047e-01
-8.254051208496093750e-04
3.281331062316894531e-02
2.424716949462890625e-03
-8.487224578857421875e-03
-9.008102416992187500e-01
-9.756259322166442871e-01
-1.051663756370544434e+00
-9.828231334686279297e-01
-2.316648960113525391e-01
-2.683057188987731934e-01
-3.124822378158569336e-01
-2.200784683227539062e-01
3.172500133514404297e-01
3.951647281646728516e-01
3.888535499572753906e-01
3.450634479522705078e-01
-1.013250470161437988e+00
-8.971220254898071289e-01
-8.572891354560852051e-01
-9.368237257003784180e-01
-3.256508111953735352e-01
-1.317977905273437500e-03
1.085696220397949219e-01
-9.684813022613525391e-02
5.146210193634033203e-01
8.855130672454833984e-01
1.061102151870727539e+00
7.420766353607177734e-01
-6.044377684593200684e-01
-6.642487049102783203e-01
-6.937491893768310547e-01
-6.632266044616699219e-01
2.141019105911254883e-01
1.486793756484985352e-01
-1.410700082778930664e-01
-1.299835443496704102e-01
7.571148276329040527e-01
8.572576045989990234e-01
3.306518793106079102e-01
1.512370705604553223e-01
-7.828684449195861816e-01
-7.366046905517578125e-01
-7.782533168792724609e-01
-7.788308262825012207e-01
-1.713757514953613281e-01
-1.442072987556457520e-01
-2.385661005973815918e-01
-1.642438173294067383e-01
4.963942766189575195e-01
3.756135702133178711e-01
1.222323179244995117e-01
2.612079381942749023e-01
-7.638096809387207031e-01
-7.138911485671997070e-01
-7.149893641471862793e-01
-7.237802743911743164e-01
-3.624684810638427734e-01
-3.172230720520019531e-01
-4.320175647735595703e-01
-3.690133094787597656e-01
-2.382028102874755859e-02
-3.223091363906860352e-02
-2.468252182006835938e-01
-8.850365877151489258e-02
-7.048688530921936035e-01
-6.498039364814758301e-01
-6.380308270454406738e-01
-6.524725556373596191e-01
-3.814419507980346680e-01
-2.624260187149047852e-01
-3.013535141944885254e-01
-3.497163653373718262e-01
-2.446683645248413086e-01
-7.656550407409667969e-02
-1.764154434204101562e-01
-1.630573272705078125e-01
-5.829054117202758789e-01
-6.202633380889892578e-01
-6.701576709747314453e-01
-6.499517560005187988e-01
-3.219338059425354004e-01
-2.999647855758666992e-01
-2.763080596923828125e-01
-2.743723988533020020e-01
-2.273203730583190918e-01
-6.146430969238281250e-03
1.071916818618774414e-01
-4.335844516754150391e-02
-8.395277857780456543e-01
-8.753293752670288086e-01
-9.307221770286560059e-01
-9.212123155593872070e-01
-2.540891766548156738e-01
-1.632478237152099609e-01
-9.602862596511840820e-02
-1.606678962707519531e-01
2.231731414794921875e-01
4.940286874771118164e-01
6.074948310852050781e-01
3.742437362670898438e-01
-9.436073303222656250e-01
-8.998300433158874512e-01
-7.957704067230224609e-01
-8.823106288909912109e-01
-2.637357711791992188e-01
-3.929793834686279297e-02
1.651246547698974609e-01
-1.203262805938720703e-02
5.625139474868774414e-01
8.422498703002929688e-01
8.424214124679565430e-01
6.298227310180664062e-01
