-7.002968788146972656e-01
-7.773479223251342773e-01
-9.380171895027160645e-01
-8.019826412200927734e-01
6.136650443077087402e-01
4.019677937030792236e-01
3.698171377182006836e-01
6.731089353561401367e-01
1.501117229461669922e+00
1.218791484832763672e+00
1.535991787910461426e+00
1.753934502601623535e+00
-9.560186266899108887e-01
-8.159691691398620605e-01
-8.165192604064941406e-01
-8.503343462944030762e-01
2.573988139629364014e-01
6.132581084966659546e-02
6.601524353027343750e-02
3.863254189491271973e-01
1.509643316268920898e+00
7.039566040039062500e-01
6.874530315399169922e-01
1.568355441093444824e+00
-5.056691169738769531e-01
-5.839292407035827637e-01
-4.549218416213989258e-01
-4.019355475902557373e-01
1.531108319759368896e-01
-3.971840441226959229e-02
-1.056639254093170166e-01
8.221765607595443726e-02
7.545557022094726562e-01
3.580545186996459961e-01
8.797167241573333740e-02
4.505291283130645752e-01
-5.412002205848693848e-01
-7.318114042282104492e-01
-6.106203198432922363e-01
-4.219363033771514893e-01
-9.391814470291137695e-02
-2.743445634841918945e-01
-1.163695305585861206e-01
1.403354704380035400e-01
2.252271622419357300e-01
-1.728177070617675781e-03
1.658406108617782593e-01
5.056715607643127441e-01
-6.589218974113464355e-01
-7.497087717056274414e-01
-6.547081470489501953e-01
-5.666757225990295410e-01
-1.524852216243743896e-01
-2.319807112216949463e-01
-3.745003044605255127e-02
7.189613580703735352e-02
1.213887631893157959e-01
1.480290591716766357e-01
4.960060119628906250e-01
5.104907155036926270e-01
-6.372755765914916992e-01
-6.643939018249511719e-01
-6.376434564590454102e-01
-6.830272674560546875e-01
-1.224359869956970215e-02
9.148226678371429443e-02
3.035948276519775391e-01
2.182787358760833740e-01
5.698053240776062012e-01
8.064827919006347656e-01
1.142707705497741699e+00
1.033524036407470703e+00
-4.741164147853851318e-01
-3.198145031929016113e-01
-3.014823198318481445e-01
-4.791639447212219238e-01
5.599137544631958008e-01
8.518622517585754395e-01
1.154807329177856445e+00
9.793978333473205566e-01
1.431087136268615723e+00
1.624919533729553223e+00
2.227372407913208008e+00
2.155995845794677734e+00
-5.176301002502441406e-01
-7.310330271720886230e-01
-8.755004405975341797e-01
-6.351858973503112793e-01
8.237527012825012207e-01
6.621084809303283691e-01
4.529447853565216064e-01
7.045650482177734375e-01
1.987769722938537598e+00
1.771231889724731445e+00
1.694772243499755859e+00
1.772155761718750000e+00
-1.024743199348449707e+00
-9.566299319267272949e-01
-8.933844566345214844e-01
-9.165864586830139160e-01
1.618839800357818604e-01
2.164226919412612915e-01
2.655391097068786621e-01
3.134972453117370605e-01
1.462430238723754883e+00
1.238550901412963867e+00
1.169485330581665039e+00
1.520900964736938477e+00
-5.120013952255249023e-01
-4.265679717063903809e-01
-4.058939814567565918e-01
-5.176231861114501953e-01
2.646473050117492676e-01
2.170337140560150146e-01
2.498649358749389648e-01
2.356582581996917725e-01
9.299643635749816895e-01
6.760641932487487793e-01
6.033488512039184570e-01
9.057226181030273438e-01
-3.740111589431762695e-01
-3.691504001617431641e-01
-4.265833497047424316e-01
-4.663741290569305420e-01
3.413839936256408691e-01
3.630738258361816406e-01
3.630034923553466797e-01
3.524073362350463867e-01
8.173066377639770508e-01
7.531458139419555664e-01
8.308098316192626953e-01
9.636386036872863770e-01
-4.554490745067596436e-01
-4.511231780052185059e-01
-4.977227449417114258e-01
-4.986276626586914062e-01
2.837968766689300537e-01
3.893887400627136230e-01
4.222760796546936035e-01
2.942267060279846191e-01
7.366440296173095703e-01
9.780908823013305664e-01
1.074678063392639160e+00
8.850564360618591309e-01
-6.527130007743835449e-01
-7.470371723175048828e-01
-9.154723286628723145e-01
-8.513345718383789062e-01
3.084890246391296387e-01
3.967964053153991699e-01
2.723478972911834717e-01
1.629125624895095825e-01
9.756976962089538574e-01
1.388196349143981934e+00
1.486383914947509766e+00
1.038671135902404785e+00
-9.442835450172424316e-01
-7.608986496925354004e-01
-8.070008158683776855e-01
-8.955223560333251953e-01
3.096438646316528320e-01
6.795045137405395508e-01
6.248853206634521484e-01
4.472223222255706787e-01
1.639497160911560059e+00
1.848475933074951172e+00
1.924572825431823730e+00
1.687853336334228516e+00
-3.833359479904174805e-01
-5.462055206298828125e-01
-7.265020012855529785e-01
-4.540302157402038574e-01
1.018182277679443359e+00
7.883691787719726562e-01
4.838806390762329102e-01
7.760832309722900391e-01
2.293530941009521484e+00
1.863635778427124023e+00
1.657854795455932617e+00
1.992121458053588867e+00
-8.867683410644531250e-01
-8.295791745185852051e-01
-7.160788178443908691e-01
-7.423453927040100098e-01
2.297110855579376221e-01
3.608617782592773438e-01
4.689606428146362305e-01
4.604099988937377930e-01
1.365881562232971191e+00
1.443680405616760254e+00
1.454697847366333008e+00
1.495835542678833008e+00
-6.694491505622863770e-01
-7.035552263259887695e-01
-5.929750204086303711e-01
-6.246002912521362305e-01
1.319070905447006226e-01
1.413957476615905762e-01
2.878510951995849609e-01
1.927439868450164795e-01
8.192349672317504883e-01
8.427268266677856445e-01
9.625020027160644531e-01
9.873764514923095703e-01
-6.683821082115173340e-01
-6.949466466903686523e-01
-7.201967239379882812e-01
-6.946687698364257812e-01
2.884281873703002930e-01
2.361924946308135986e-01
1.645392328500747681e-01
2.063859999179840088e-01
1.044318318367004395e+00
1.016570448875427246e+00
8.369658589363098145e-01
9.173234701156616211e-01
-5.677387714385986328e-01
-5.674693584442138672e-01
-5.615234375000000000e-01
-5.668122768402099609e-01
3.019942641258239746e-01
2.325875908136367798e-01
1.798124462366104126e-01
1.980404704809188843e-01
1.003066301345825195e+00
9.398275017738342285e-01
8.182727694511413574e-01
8.595743775367736816e-01
-6.120659112930297852e-01
-7.759222984313964844e-01
-8.647052049636840820e-01
-6.918933391571044922e-01
2.633975446224212646e-01
2.606490850448608398e-01
1.293046176433563232e-01
1.030069142580032349e-01
9.997619390487670898e-01
1.262848019599914551e+00
1.122650623321533203e+00
8.263396620750427246e-01
-1.064956903457641602e+00
-1.012117028236389160e+00
-1.011249661445617676e+00
-9.693084359169006348e-01
9.737594425678253174e-02
3.651812076568603516e-01
3.748668730258941650e-01
2.809058725833892822e-01
1.247361421585083008e+00
1.499023795127868652e+00
1.736869335174560547e+00
1.482420682907104492e+00
-4.067035317420959473e-01
-5.594099760055541992e-01
-7.684465050697326660e-01
-5.496439933776855469e-01
1.316968321800231934e+00
9.603295922279357910e-01
5.278813838958740234e-01
9.512146711349487305e-01
2.701937675476074219e+00
2.044670581817626953e+00
1.640894412994384766e+00
2.323685884475708008e+00
-8.282631039619445801e-01
-6.946817636489868164e-01
-6.311987042427062988e-01
-6.479632854461669922e-01
4.015588760375976562e-01
4.001408219337463379e-01
3.856509923934936523e-01
4.847787618637084961e-01
1.558137059211730957e+00
1.341024756431579590e+00
1.189224123954772949e+00
1.583740949630737305e+00
-5.388646721839904785e-01
-5.392183065414428711e-01
-4.863064885139465332e-01
-4.808124601840972900e-01
1.732958555221557617e-01
1.039899140596389771e-01
1.467893570661544800e-01
1.854808926582336426e-01
7.783179879188537598e-01
7.644785642623901367e-01
7.108166217803955078e-01
7.027932405471801758e-01
-6.038154363632202148e-01
-6.684017181396484375e-01
-6.875383257865905762e-01
-6.414994001388549805e-01
7.765862345695495605e-02
9.390201419591903687e-02
-7.002100348472595215e-03
-6.722390651702880859e-03
6.816511750221252441e-01
7.678060531616210938e-01
6.156501173973083496e-01
5.947913527488708496e-01
-6.343037486076354980e-01
-6.135392189025878906e-01
-6.223483681678771973e-01
-6.635375618934631348e-01
3.216738998889923096e-02
6.000550091266632080e-02
1.322499513626098633e-01
1.412913948297500610e-01
7.172901034355163574e-01
6.436167359352111816e-01
6.974881887435913086e-01
7.556084394454956055e-01
-5.720126628875732422e-01
-6.506845355033874512e-01
-7.690109610557556152e-01
-6.854473948478698730e-01
2.650564312934875488e-01
2.209326922893524170e-01
1.507328897714614868e-01
8.445510268211364746e-02
8.795171976089477539e-01
9.616960287094116211e-01
9.312959909439086914e-01
7.903234362602233887e-01
-9.350998401641845703e-01
-8.895112276077270508e-01
-8.917879462242126465e-01
-8.593825697898864746e-01
2.405548691749572754e-01
3.834330737590789795e-01
4.644765853881835938e-01
4.282298386096954346e-01
1.163905262947082520e+00
1.355316400527954102e+00
1.659901857376098633e+00
1.586114406585693359e+00
-5.143872499465942383e-01
-6.388268470764160156e-01
-9.248277544975280762e-01
-6.845625638961791992e-01
1.041364669799804688e+00
8.491986393928527832e-01
4.710898995399475098e-01
8.664034008979797363e-01
2.524660825729370117e+00
2.092637062072753906e+00
1.750842452049255371e+00
2.383105039596557617e+00
-9.608814716339111328e-01
-7.515171170234680176e-01
-6.641283035278320312e-01
-8.127031326293945312e-01
1.856549680233001709e-01
3.156769275665283203e-01
3.829350471496582031e-01
3.745273947715759277e-01
1.443845510482788086e+00
1.274403572082519531e+00
1.132051229476928711e+00
1.483293056488037109e+00
-4.636579453945159912e-01
-4.296069741249084473e-01
-4.077630937099456787e-01
-4.819463491439819336e-01
2.219994962215423584e-01
1.718305051326751709e-01
1.581516861915588379e-01
1.634856313467025757e-01
7.634352445602416992e-01
6.502565741539001465e-01
6.467240452766418457e-01
6.635021567344665527e-01
-5.388055443763732910e-01
-6.016135811805725098e-01
-6.098629832267761230e-01
-5.693414807319641113e-01
4.026972502470016479e-02
4.963777959346771240e-02
5.196056514978408813e-02
8.933033049106597900e-02
5.747583508491516113e-01
6.330596804618835449e-01
7.417141199111938477e-01
6.524445414543151855e-01
-7.380640506744384766e-01
-7.287619709968566895e-01
-7.151213884353637695e-01
-7.510231733322143555e-01
-1.612265408039093018e-02
1.352962851524353027e-01
1.638592183589935303e-01
5.104169249534606934e-03
6.660401821136474609e-01
7.551958560943603516e-01
8.177509307861328125e-01
6.368928551673889160e-01
-6.551273465156555176e-01
-6.899470090866088867e-01
-8.136896491050720215e-01
-7.443789243698120117e-01
3.052270412445068359e-01
1.879050135612487793e-01
-1.335000246763229370e-02
1.617256551980972290e-02
1.058015704154968262e+00
9.721522927284240723e-01
7.633571624755859375e-01
7.933554649353027344e-01
-8.710206747055053711e-01
-7.631592750549316406e-01
-8.144011497497558594e-01
-8.465279936790466309e-01
2.589575648307800293e-01
4.506031870841979980e-01
4.442061781883239746e-01
4.247024357318878174e-01
1.362381100654602051e+00
1.447481632232666016e+00
1.624512076377868652e+00
1.677831768989562988e+00
-6.925936341285705566e-01
-8.438085317611694336e-01
-1.102338433265686035e+00
-8.943719863891601562e-01
8.495609164237976074e-01
7.699884176254272461e-01
3.760882019996643066e-01
7.601834535598754883e-01
2.335837841033935547e+00
2.397921800613403320e+00
1.885556221008300781e+00
2.116705417633056641e+00
-1.100121974945068359e+00
-8.974565863609313965e-01
-7.811431884765625000e-01
-9.459612369537353516e-01
1.407556682825088501e-01
2.358150482177734375e-01
3.613933324813842773e-01
2.468653023242950439e-01
1.430120229721069336e+00
1.380005598068237305e+00
1.083040118217468262e+00
1.337526917457580566e+00
-5.474713444709777832e-01
-5.667820572853088379e-01
-5.263513922691345215e-01
-5.853244662284851074e-01
2.754287123680114746e-01
7.820114493370056152e-02
1.033735275268554688e-01
1.510793268680572510e-01
9.122263193130493164e-01
6.273961067199707031e-01
6.204519271850585938e-01
8.163593411445617676e-01
-5.777044892311096191e-01
-6.024812459945678711e-01
-5.623713135719299316e-01
-5.159432888031005859e-01
2.366702854633331299e-01
7.680286467075347900e-02
1.138780713081359863e-01
2.929383516311645508e-01
8.745494484901428223e-01
6.048076152801513672e-01
6.823425292968750000e-01
9.774695634841918945e-01
-5.216689109802246094e-01
-5.559283494949340820e-01
-4.691075086593627930e-01
-4.895065426826477051e-01
1.041000634431838989e-01
2.224763631820678711e-01
2.748466730117797852e-01
8.196298032999038696e-02
6.383311748504638672e-01
8.771761655807495117e-01
8.355437517166137695e-01
5.913742780685424805e-01
-6.120505928993225098e-01
-7.415207624435424805e-01
-8.380702733993530273e-01
-7.891945242881774902e-01
2.531191706657409668e-01
1.217200905084609985e-01
9.192103147506713867e-02
1.803529858589172363e-01
9.625928401947021484e-01
1.012434363365173340e+00
1.030536413192749023e+00
9.394212961196899414e-01
-1.086923122406005859e+00
-9.783080816268920898e-01
-1.051816582679748535e+00
-1.098802328109741211e+00
8.712340891361236572e-02
4.562660753726959229e-01
4.930856823921203613e-01
3.417876362800598145e-01
1.449523806571960449e+00
1.797648191452026367e+00
1.885664939880371094e+00
1.723621606826782227e+00
-7.732995748519897461e-01
-8.508052229881286621e-01
-9.958386421203613281e-01
-8.234601020812988281e-01
4.607871174812316895e-01
7.214405536651611328e-01
3.257264494895935059e-01
2.092719972133636475e-01
1.500238776206970215e+00
2.192582607269287109e+00
1.392850995063781738e+00
8.406140208244323730e-01
-8.979902863502502441e-01
-7.914979457855224609e-01
-6.785807013511657715e-01
-7.420257329940795898e-01
4.605480283498764038e-02
1.619027853012084961e-01
1.324050724506378174e-01
1.263706088066101074e-01
1.067937612533569336e+00
1.217669486999511719e+00
7.220330834388732910e-01
6.808537244796752930e-01
-5.612295269966125488e-01
-6.286347508430480957e-01
-6.423776149749755859e-01
-6.036210060119628906e-01
1.272452920675277710e-01
4.010638594627380371e-02
-2.135463058948516846e-02
7.538036257028579712e-02
6.752412319183349609e-01
5.247902870178222656e-01
4.119086861610412598e-01
6.559962034225463867e-01
-7.106128334999084473e-01
-6.114531755447387695e-01
-5.982715487480163574e-01
-6.378102302551269531e-01
1.734587699174880981e-01
2.083674073219299316e-01
1.191060766577720642e-01
2.123823165893554688e-01
6.913914680480957031e-01
7.022640705108642578e-01
5.444281101226806641e-01
7.765971422195434570e-01
-3.628525435924530029e-01
-3.497751057147979736e-01
-3.222466111183166504e-01
-3.811091184616088867e-01
1.228730827569961548e-01
2.584505677223205566e-01
3.950846791267395020e-01
2.476310729980468750e-01
4.639067649841308594e-01
7.474967837333679199e-01
9.170002937316894531e-01
7.447387576103210449e-01
-5.157232284545898438e-01
-6.961424350738525391e-01
-7.850583791732788086e-01
-6.655470132827758789e-01
4.404833912849426270e-01
2.489105314016342163e-01
3.645508289337158203e-01
4.707587361335754395e-01
9.674924612045288086e-01
1.139423727989196777e+00
1.417518496513366699e+00
1.262311100959777832e+00
-1.069188356399536133e+00
-1.081810951232910156e+00
-1.034481167793273926e+00
-1.040543794631958008e+00
1.295218169689178467e-01
3.357779979705810547e-01
4.145314097404479980e-01
3.107412755489349365e-01
1.443718671798706055e+00
1.889770030975341797e+00
1.794060826301574707e+00
1.533443808555603027e+00
