5.924660563468933105e-01
5.976878404617309570e-01
6.094252467155456543e-01
5.992969274520874023e-01
4.144495129585266113e-01
4.546746015548706055e-01
4.605009853839874268e-01
4.185475111007690430e-01
2.788183093070983887e-01
3.475335836410522461e-01
3.476212322711944580e-01
2.848314642906188965e-01
6.279776692390441895e-01
6.230903863906860352e-01
6.293526887893676758e-01
6.238058805465698242e-01
4.856867194175720215e-01
5.106332302093505859e-01
5.047726631164550781e-01
4.626551270484924316e-01
3.458938300609588623e-01
4.088397622108459473e-01
4.058769941329956055e-01
3.309112489223480225e-01
6.374863386154174805e-01
6.365416049957275391e-01
6.253821849822998047e-01
6.248222589492797852e-01
5.075370669364929199e-01
5.232962369918823242e-01
5.168045759201049805e-01
4.961268305778503418e-01
4.147168695926666260e-01
4.522249698638916016e-01
4.354088902473449707e-01
3.962571918964385986e-01
6.215224862098693848e-01
6.293927431106567383e-01
6.139248609542846680e-01
6.113002300262451172e-01
5.110743045806884766e-01
5.124750137329101562e-01
4.936244189739227295e-01
4.947909712791442871e-01
4.534780383110046387e-01
4.459887146949768066e-01
4.161754846572875977e-01
4.169249534606933594e-01
6.167798638343811035e-01
6.204583048820495605e-01
6.149085760116577148e-01
6.184432506561279297e-01
5.039725303649902344e-01
5.085064768791198730e-01
4.895161390304565430e-01
4.937696456909179688e-01
4.394997954368591309e-01
4.379593133926391602e-01
4.014434814453125000e-01
4.077727496623992920e-01
6.355418562889099121e-01
6.376011967658996582e-01
6.451570987701416016e-01
6.531388759613037109e-01
5.121930241584777832e-01
5.234355330467224121e-01
5.190764665603637695e-01
5.128461122512817383e-01
4.240125417709350586e-01
4.494670331478118896e-01
4.165490269660949707e-01
3.861983418464660645e-01
6.717364788055419922e-01
6.680998802185058594e-01
6.770535707473754883e-01
6.860107183456420898e-01
5.538475513458251953e-01
5.627416968345642090e-01
5.586956143379211426e-01
5.383510589599609375e-01
4.535439014434814453e-01
4.894360899925231934e-01
4.527959823608398438e-01
4.050201773643493652e-01
5.889561176300048828e-01
6.041231751441955566e-01
6.239529252052307129e-01
5.983093380928039551e-01
4.131719470024108887e-01
4.350876212120056152e-01
4.346307218074798584e-01
4.073775708675384521e-01
2.573006153106689453e-01
2.969745397567749023e-01
2.856157422065734863e-01
2.563271522521972656e-01
6.331987380981445312e-01
6.303932666778564453e-01
6.371981501579284668e-01
6.340228319168090820e-01
4.684414863586425781e-01
4.771598577499389648e-01
4.798302650451660156e-01
4.643379151821136475e-01
3.153731226921081543e-01
3.447830080986022949e-01
3.438896536827087402e-01
3.077913224697113037e-01
6.284688711166381836e-01
6.222377419471740723e-01
6.145551204681396484e-01
6.211209297180175781e-01
4.863079786300659180e-01
4.854246079921722412e-01
4.847970306873321533e-01
4.866178035736083984e-01
3.671735227108001709e-01
3.645215034484863281e-01
3.814444541931152344e-01
3.677048981189727783e-01
6.059320569038391113e-01
6.105120778083801270e-01
6.006870269775390625e-01
6.061745882034301758e-01
4.758658707141876221e-01
4.812091290950775146e-01
4.631744623184204102e-01
4.637091159820556641e-01
3.813006281852722168e-01
3.846358656883239746e-01
3.792546987533569336e-01
3.710670471191406250e-01
6.015634536743164062e-01
6.100301742553710938e-01
6.177777647972106934e-01
6.071466207504272461e-01
4.709897637367248535e-01
4.886123239994049072e-01
4.843616485595703125e-01
4.766113758087158203e-01
3.896574378013610840e-01
3.881171941757202148e-01
3.821326494216918945e-01
3.888832032680511475e-01
6.473571062088012695e-01
6.638788580894470215e-01
6.803982853889465332e-01
6.590589880943298340e-01
5.043191909790039062e-01
5.327581167221069336e-01
5.439754128456115723e-01
5.152391791343688965e-01
3.902071416378021240e-01
4.083940386772155762e-01
4.048990011215209961e-01
3.874322175979614258e-01
6.854114532470703125e-01
6.881741881370544434e-01
6.798902153968811035e-01
6.744102239608764648e-01
5.629147291183471680e-01
5.611608624458312988e-01
5.396623611450195312e-01
5.249747037887573242e-01
4.170798659324645996e-01
4.471235573291778564e-01
4.210868477821350098e-01
3.879343271255493164e-01
5.961602926254272461e-01
6.134046912193298340e-01
6.347829103469848633e-01
6.047096848487854004e-01
4.002279341220855713e-01
4.094957709312438965e-01
4.452158510684967041e-01
4.291809797286987305e-01
2.474645376205444336e-01
2.681512236595153809e-01
2.853336334228515625e-01
2.733258008956909180e-01
6.414986848831176758e-01
6.390628814697265625e-01
6.290832161903381348e-01
6.293699741363525391e-01
4.708909988403320312e-01
4.738959372043609619e-01
4.684613347053527832e-01
4.574413895606994629e-01
3.110590577125549316e-01
3.282986283302307129e-01
3.295808434486389160e-01
3.086111545562744141e-01
6.243752241134643555e-01
6.249287128448486328e-01
6.118232011795043945e-01
6.146695613861083984e-01
4.849072992801666260e-01
4.768775105476379395e-01
4.727585911750793457e-01
4.860816001892089844e-01
3.590515851974487305e-01
3.533847928047180176e-01
3.682302832603454590e-01
3.691183626651763916e-01
6.081215143203735352e-01
6.068149209022521973e-01
6.056903004646301270e-01
6.071426868438720703e-01
4.691338241100311279e-01
4.758809506893157959e-01
4.786857068538665771e-01
4.721777439117431641e-01
3.625724315643310547e-01
3.766844868659973145e-01
3.832803368568420410e-01
3.641598522663116455e-01
6.024349927902221680e-01
6.067208647727966309e-01
6.119621396064758301e-01
6.084549427032470703e-01
4.723143279552459717e-01
4.876254796981811523e-01
4.991728961467742920e-01
4.878171384334564209e-01
3.721773624420166016e-01
4.002668857574462891e-01
4.076862931251525879e-01
3.855126798152923584e-01
6.366081237792968750e-01
6.471686959266662598e-01
6.634549498558044434e-01
6.466597318649291992e-01
4.977274537086486816e-01
5.099850296974182129e-01
5.291553139686584473e-01
5.139383077621459961e-01
3.852213025093078613e-01
3.927187621593475342e-01
4.070925414562225342e-01
4.050014019012451172e-01
6.644008755683898926e-01
6.554360389709472656e-01
6.444312930107116699e-01
6.471801996231079102e-01
5.314456820487976074e-01
5.041202902793884277e-01
4.970939755439758301e-01
4.991745054721832275e-01
4.053874611854553223e-01
4.075985550880432129e-01
3.774518966674804688e-01
3.636194467544555664e-01
5.841389894485473633e-01
6.006885766983032227e-01
6.250042319297790527e-01
5.958467721939086914e-01
3.985878825187683105e-01
4.145638346672058105e-01
4.575850665569305420e-01
4.425985217094421387e-01
2.462608814239501953e-01
2.714935541152954102e-01
3.119578361511230469e-01
2.962024211883544922e-01
6.406842470169067383e-01
6.264299154281616211e-01
6.210592985153198242e-01
6.208335161209106445e-01
4.665957689285278320e-01
4.665759801864624023e-01
4.625112414360046387e-01
4.546821713447570801e-01
3.075465559959411621e-01
3.265501856803894043e-01
3.344065248966217041e-01
3.071606457233428955e-01
6.057829856872558594e-01
6.036100983619689941e-01
6.010636687278747559e-01
6.005277037620544434e-01
4.782277643680572510e-01
4.767519235610961914e-01
4.787903726100921631e-01
4.856534004211425781e-01
3.711297810077667236e-01
3.591341674327850342e-01
3.718338906764984131e-01
3.826696872711181641e-01
6.081619858741760254e-01
6.152768731117248535e-01
6.176016330718994141e-01
6.190507411956787109e-01
4.800719022750854492e-01
4.854635894298553467e-01
4.792003631591796875e-01
4.765737056732177734e-01
3.721765577793121338e-01
3.769302368164062500e-01
3.748638629913330078e-01
3.682764768600463867e-01
6.151401996612548828e-01
6.192839145660400391e-01
6.256948709487915039e-01
6.258075237274169922e-01
4.845567941665649414e-01
4.946617186069488525e-01
5.104871988296508789e-01
4.976554811000823975e-01
3.742624521255493164e-01
3.964062333106994629e-01
4.084748029708862305e-01
4.009469747543334961e-01
6.338415145874023438e-01
6.433162093162536621e-01
6.579489707946777344e-01
6.483516693115234375e-01
4.935215115547180176e-01
5.054810047149658203e-01
5.264049768447875977e-01
5.287063717842102051e-01
3.786239922046661377e-01
3.793192803859710693e-01
3.969931006431579590e-01
4.029300808906555176e-01
6.516906619071960449e-01
6.369886398315429688e-01
6.313636898994445801e-01
6.407928466796875000e-01
5.113030076026916504e-01
4.785196781158447266e-01
4.639374613761901855e-01
4.860685765743255615e-01
3.923007845878601074e-01
3.630526065826416016e-01
3.255930840969085693e-01
3.410459756851196289e-01
6.036248207092285156e-01
6.150262355804443359e-01
6.396102905273437500e-01
6.175485849380493164e-01
4.269669353961944580e-01
4.331777989864349365e-01
4.550621509552001953e-01
4.427921772003173828e-01
2.870329916477203369e-01
2.855124175548553467e-01
2.971318960189819336e-01
3.065683841705322266e-01
6.529687047004699707e-01
6.344963312149047852e-01
6.302353143692016602e-01
6.414709091186523438e-01
4.726936221122741699e-01
4.584101140499114990e-01
4.569025635719299316e-01
4.652398526668548584e-01
3.146818876266479492e-01
3.157406449317932129e-01
3.278752565383911133e-01
3.211766481399536133e-01
6.119639873504638672e-01
5.990675687789916992e-01
5.950182676315307617e-01
6.073049306869506836e-01
4.791267216205596924e-01
4.823574423789978027e-01
4.849185943603515625e-01
4.804464280605316162e-01
3.625822067260742188e-01
3.761103153228759766e-01
3.862460255622863770e-01
3.835303187370300293e-01
6.131508350372314453e-01
6.214486360549926758e-01
6.204401254653930664e-01
6.157469749450683594e-01
4.789915084838867188e-01
4.824851155281066895e-01
4.820297062397003174e-01
4.755733907222747803e-01
3.703282773494720459e-01
3.789492249488830566e-01
3.765169382095336914e-01
3.744721412658691406e-01
6.170818805694580078e-01
6.184996366500854492e-01
6.173893809318542480e-01
6.229916810989379883e-01
4.880175888538360596e-01
4.966738820075988770e-01
5.054416656494140625e-01
4.987281262874603271e-01
3.822389245033264160e-01
3.997426033020019531e-01
4.061593115329742432e-01
4.006669521331787109e-01
6.433680653572082520e-01
6.408200860023498535e-01
6.593363285064697266e-01
6.438568830490112305e-01
4.964236319065093994e-01
5.027265548706054688e-01
5.135479569435119629e-01
5.052605867385864258e-01
3.850983083248138428e-01
3.772548735141754150e-01
3.764587044715881348e-01
3.804572820663452148e-01
6.558372974395751953e-01
6.366890072822570801e-01
6.214558482170104980e-01
6.376054286956787109e-01
5.100142955780029297e-01
4.700453877449035645e-01
4.368931055068969727e-01
4.590286612510681152e-01
3.631727993488311768e-01
3.439989984035491943e-01
2.911258935928344727e-01
3.034999668598175049e-01
6.173495054244995117e-01
6.296032667160034180e-01
6.381108164787292480e-01
6.265726089477539062e-01
4.345828294754028320e-01
4.396486580371856689e-01
4.538911581039428711e-01
4.376184344291687012e-01
2.635918855667114258e-01
2.783133089542388916e-01
2.895432710647583008e-01
2.849162220954895020e-01
6.416773200035095215e-01
6.332532167434692383e-01
6.257276535034179688e-01
6.329156756401062012e-01
4.672387838363647461e-01
4.672967791557312012e-01
4.659970998764038086e-01
4.666936993598937988e-01
3.084783554077148438e-01
3.105388581752777100e-01
3.508884906768798828e-01
3.338402211666107178e-01
6.097353696823120117e-01
6.094865202903747559e-01
6.064603924751281738e-01
6.078969836235046387e-01
4.772270023822784424e-01
5.006285905838012695e-01
4.958809912204742432e-01
4.791605770587921143e-01
3.661233782768249512e-01
4.014855623245239258e-01
4.091359078884124756e-01
3.717586398124694824e-01
6.157207489013671875e-01
6.180378198623657227e-01
6.175280213356018066e-01
6.147183179855346680e-01
4.881582558155059814e-01
4.857402443885803223e-01
4.827609956264495850e-01
4.843546450138092041e-01
3.835994005203247070e-01
3.949573040008544922e-01
3.831599652767181396e-01
3.772897124290466309e-01
6.179476380348205566e-01
6.185182929039001465e-01
6.087667942047119141e-01
6.142541766166687012e-01
4.959958791732788086e-01
4.929064214229583740e-01
4.833062291145324707e-01
4.860675334930419922e-01
3.985384106636047363e-01
3.939126431941986084e-01
3.812543749809265137e-01
3.859184682369232178e-01
6.325526833534240723e-01
6.460986733436584473e-01
6.557045578956604004e-01
6.491467952728271484e-01
4.804752767086029053e-01
4.801560044288635254e-01
4.827624857425689697e-01
4.850414991378784180e-01
3.617266714572906494e-01
3.428134918212890625e-01
3.308761417865753174e-01
3.488910198211669922e-01
6.534181833267211914e-01
6.385298967361450195e-01
6.293982267379760742e-01
6.392598152160644531e-01
4.852682352066040039e-01
4.599890112876892090e-01
4.367869198322296143e-01
4.388311803340911865e-01
3.071978092193603516e-01
3.002133369445800781e-01
2.800435125827789307e-01
2.741367220878601074e-01
5.937632322311401367e-01
6.038138270378112793e-01
6.096308231353759766e-01
5.954710245132446289e-01
4.112871289253234863e-01
4.255860745906829834e-01
4.524800181388854980e-01
4.304594993591308594e-01
2.782116532325744629e-01
2.740706801414489746e-01
3.284359574317932129e-01
3.207918405532836914e-01
6.071649193763732910e-01
6.071546673774719238e-01
6.028866767883300781e-01
6.023464202880859375e-01
4.665881097316741943e-01
4.622470736503601074e-01
4.710502922534942627e-01
4.584141373634338379e-01
3.377740383148193359e-01
3.324432671070098877e-01
3.715148568153381348e-01
3.617023229598999023e-01
6.184026598930358887e-01
6.149134635925292969e-01
6.152511835098266602e-01
6.127428412437438965e-01
4.877195060253143311e-01
5.016702413558959961e-01
5.107954740524291992e-01
4.884701371192932129e-01
3.937340378761291504e-01
4.077247381210327148e-01
4.225897192955017090e-01
3.867002129554748535e-01
6.286063194274902344e-01
6.263915896415710449e-01
6.282726526260375977e-01
6.295916438102722168e-01
4.958312511444091797e-01
4.897775948047637939e-01
4.992780387401580811e-01
5.006335973739624023e-01
4.116923809051513672e-01
3.951688408851623535e-01
4.144431352615356445e-01
4.099219739437103271e-01
6.157119870185852051e-01
6.128945946693420410e-01
6.066421866416931152e-01
6.137464046478271484e-01
4.940163195133209229e-01
4.979645907878875732e-01
4.953621029853820801e-01
4.918002486228942871e-01
4.099776148796081543e-01
4.051286280155181885e-01
4.026936292648315430e-01
3.935244381427764893e-01
6.076855063438415527e-01
6.192165017127990723e-01
6.200825572013854980e-01
6.157331466674804688e-01
4.822981059551239014e-01
4.641396403312683105e-01
4.524091780185699463e-01
4.703299403190612793e-01
3.784593045711517334e-01
3.279154598712921143e-01
3.194238841533660889e-01
3.563359379768371582e-01
6.226480007171630859e-01
6.181263923645019531e-01
6.059009432792663574e-01
6.179505586624145508e-01
4.598309695720672607e-01
4.268726706504821777e-01
4.068329930305480957e-01
4.276064038276672363e-01
3.061379194259643555e-01
2.615990042686462402e-01
2.596859633922576904e-01
2.955905795097351074e-01
