-3.767411708831787109e+00
-3.804655075073242188e+00
-4.347242355346679688e+00
-4.378829956054687500e+00
2.726593017578125000e-01
-4.413008689880371094e-03
-2.491947710514068604e-01
-2.284491062164306641e-02
3.677437067031860352e+00
2.763866424560546875e+00
3.801778554916381836e+00
4.442585945129394531e+00
-4.950388908386230469e+00
-4.254692077636718750e+00
-4.721400260925292969e+00
-4.805526256561279297e+00
1.643441319465637207e-01
3.267824649810791016e-01
-2.165934443473815918e-01
2.174156308174133301e-01
4.754568099975585938e+00
3.163788795471191406e+00
3.168715476989746094e+00
4.567007064819335938e+00
-4.115090847015380859e+00
-4.036327838897705078e+00
-3.794157505035400391e+00
-3.927825927734375000e+00
-7.391705513000488281e-01
-8.979476690292358398e-01
-1.321167707443237305e+00
-1.100876331329345703e+00
2.614493370056152344e+00
2.164756536483764648e+00
8.476403355598449707e-01
1.307747364044189453e+00
-3.773362874984741211e+00
-3.973007678985595703e+00
-3.466230869293212891e+00
-3.517100334167480469e+00
-1.711866617202758789e+00
-1.509050607681274414e+00
-1.141352891921997070e+00
-1.370132446289062500e+00
-7.652828097343444824e-02
4.250636100769042969e-01
3.882750272750854492e-01
2.789222002029418945e-01
-3.637157917022705078e+00
-4.264452934265136719e+00
-4.106265544891357422e+00
-3.760765790939331055e+00
-1.310390949249267578e+00
-1.316177368164062500e+00
-1.035921692848205566e+00
-1.194600105285644531e+00
3.089010715484619141e-02
1.000670194625854492e+00
1.549852848052978516e+00
5.204102993011474609e-01
-4.831776618957519531e+00
-5.372807979583740234e+00
-5.447010993957519531e+00
-5.348206996917724609e+00
-8.345326185226440430e-01
-7.548542618751525879e-01
-1.078696370124816895e+00
-1.404087781906127930e+00
2.344012737274169922e+00
2.930756568908691406e+00
2.743217945098876953e+00
1.937390685081481934e+00
-5.576161384582519531e+00
-5.387947082519531250e+00
-5.436604976654052734e+00
-5.767181396484375000e+00
-1.619980812072753906e+00
-2.338960647583007812e+00
-1.851575851440429688e+00
-1.101630449295043945e+00
2.225528478622436523e+00
5.410709381103515625e-01
2.254400253295898438e+00
4.024020195007324219e+00
-4.789737224578857422e+00
-5.413692474365234375e+00
-5.930197715759277344e+00
-5.080393791198730469e+00
2.663424611091613770e-02
-1.453454256057739258e+00
-6.920571923255920410e-01
1.249806642532348633e+00
5.373949527740478516e+00
2.857899188995361328e+00
4.982622146606445312e+00
7.420493125915527344e+00
-6.052278995513916016e+00
-5.624164104461669922e+00
-5.569120883941650391e+00
-5.860777854919433594e+00
-1.073688149452209473e+00
-3.283592462539672852e-01
-2.640143930912017822e-01
-9.156468510627746582e-01
4.112199783325195312e+00
3.939289569854736328e+00
3.967443943023681641e+00
4.265344619750976562e+00
-4.313523292541503906e+00
-4.092271327972412109e+00
-3.655283451080322266e+00
-4.046069145202636719e+00
-3.511759936809539795e-01
-7.176582217216491699e-01
-7.961530685424804688e-01
-7.440758943557739258e-01
3.249038696289062500e+00
2.402177810668945312e+00
1.167531013488769531e+00
2.029211521148681641e+00
-3.187993764877319336e+00
-3.325628757476806641e+00
-3.176020622253417969e+00
-3.258670091629028320e+00
-6.546734571456909180e-01
-1.162933111190795898e+00
-1.305176377296447754e+00
-8.806993961334228516e-01
1.476552844047546387e+00
3.766047656536102295e-01
-1.634038984775543213e-01
1.197297811508178711e+00
-2.864522695541381836e+00
-3.029685974121093750e+00
-3.354654550552368164e+00
-3.132103919982910156e+00
-9.518464207649230957e-01
-1.318668365478515625e+00
-1.525519609451293945e+00
-1.349829673767089844e+00
3.866040408611297607e-01
3.513132333755493164e-01
5.659862160682678223e-01
4.273520112037658691e-01
-4.141694545745849609e+00
-4.588909149169921875e+00
-5.079747676849365234e+00
-4.482699871063232422e+00
-1.124904751777648926e+00
-1.408221483230590820e+00
-1.438702583312988281e+00
-1.122518301010131836e+00
1.544815778732299805e+00
1.612192511558532715e+00
2.412783622741699219e+00
1.945518970489501953e+00
-6.166872978210449219e+00
-5.962120532989501953e+00
-5.865377902984619141e+00
-5.676830291748046875e+00
-2.462853431701660156e+00
-2.011051416397094727e+00
-5.850287079811096191e-01
-1.282420456409454346e-01
2.379776954650878906e+00
1.698300838470458984e+00
4.371101379394531250e+00
5.295694351196289062e+00
-4.829599380493164062e+00
-5.489860057830810547e+00
-5.803137779235839844e+00
-4.526709556579589844e+00
2.396148681640625000e+00
8.699688911437988281e-01
6.644624471664428711e-02
2.390082836151123047e+00
8.102923393249511719e+00
5.731653213500976562e+00
5.315364360809326172e+00
8.154969215393066406e+00
-4.992208480834960938e+00
-5.012182235717773438e+00
-4.145168781280517578e+00
-4.283097743988037109e+00
-5.582142472267150879e-01
-5.441635847091674805e-02
-9.986972808837890625e-02
-2.876654565334320068e-01
3.797766208648681641e+00
4.114409923553466797e+00
2.890331745147705078e+00
3.418935298919677734e+00
-3.311668872833251953e+00
-3.558137178421020508e+00
-3.068905353546142578e+00
-3.029869556427001953e+00
-2.104352414608001709e-01
-4.221413433551788330e-01
-9.520715475082397461e-02
-3.015559911727905273e-02
2.001975536346435547e+00
1.911873340606689453e+00
1.799531221389770508e+00
2.068741321563720703e+00
-3.392211914062500000e+00
-3.479614019393920898e+00
-3.385554790496826172e+00
-3.253733396530151367e+00
-7.536938786506652832e-01
-1.187460899353027344e+00
-7.188112735748291016e-01
-1.176068484783172607e-01
1.173548460006713867e+00
8.137447237968444824e-01
1.131230831146240234e+00
2.039236783981323242e+00
-3.316348552703857422e+00
-3.444252967834472656e+00
-3.485514402389526367e+00
-3.533522129058837891e+00
-8.803637027740478516e-01
-8.135333657264709473e-01
-5.770807266235351562e-01
-9.203218221664428711e-01
8.495096564292907715e-01
1.182016849517822266e+00
1.696087360382080078e+00
1.363785028457641602e+00
-4.352971076965332031e+00
-4.864300727844238281e+00
-5.512265682220458984e+00
-4.814648151397705078e+00
2.661013901233673096e-01
-5.548133850097656250e-01
-1.223091363906860352e+00
-4.771629869937896729e-01
3.413390398025512695e+00
2.842610597610473633e+00
2.571590900421142578e+00
2.858166456222534180e+00
-5.831733703613281250e+00
-5.621325492858886719e+00
-5.538794994354248047e+00
-5.288361072540283203e+00
-7.552381753921508789e-01
2.471271753311157227e-01
-9.246560931205749512e-02
-1.599962115287780762e-01
4.339338779449462891e+00
4.651386260986328125e+00
5.630309104919433594e+00
5.807032585144042969e+00
-3.618669033050537109e+00
-3.980422019958496094e+00
-4.764766216278076172e+00
-3.917358875274658203e+00
2.491438388824462891e+00
2.240732431411743164e+00
-2.927371263504028320e-01
9.608613252639770508e-01
8.102952003479003906e+00
6.944612503051757812e+00
3.970430374145507812e+00
5.584056377410888672e+00
-4.315927028656005859e+00
-3.538398265838623047e+00
-3.379092454910278320e+00
-3.737294673919677734e+00
-1.436064362525939941e+00
-7.789654135704040527e-01
-4.657992124557495117e-01
-8.222481608390808105e-01
2.252058744430541992e+00
2.336066007614135742e+00
2.480858564376831055e+00
2.598700523376464844e+00
-3.140218734741210938e+00
-2.742329597473144531e+00
-2.876280784606933594e+00
-2.964792728424072266e+00
-1.099578499794006348e+00
-4.906910657882690430e-01
-9.864234924316406250e-02
-5.804017782211303711e-01
8.134139776229858398e-01
1.369196653366088867e+00
2.256069898605346680e+00
1.610971689224243164e+00
-3.448485612869262695e+00
-3.374948978424072266e+00
-3.426174402236938477e+00
-3.562927007675170898e+00
-9.292522072792053223e-01
-8.137240409851074219e-01
-6.334599256515502930e-01
-4.869784712791442871e-01
1.137666702270507812e+00
1.516580224037170410e+00
1.784841418266296387e+00
1.783267140388488770e+00
-3.101165533065795898e+00
-3.331142425537109375e+00
-3.363940715789794922e+00
-3.219162225723266602e+00
-6.669443845748901367e-01
-8.490940332412719727e-01
-8.444632887840270996e-01
-9.024782180786132812e-01
1.317340135574340820e+00
1.529237747192382812e+00
1.624928236007690430e+00
1.055413007736206055e+00
-4.184019088745117188e+00
-4.779695034027099609e+00
-5.397738933563232422e+00
-4.619226455688476562e+00
4.261806607246398926e-02
-2.629926204681396484e-01
-1.240191936492919922e+00
-1.303872585296630859e+00
3.194749593734741211e+00
3.433472156524658203e+00
2.956606864929199219e+00
2.376108407974243164e+00
-5.898213386535644531e+00
-5.273492336273193359e+00
-5.325528144836425781e+00
-5.741637229919433594e+00
-7.099340558052062988e-01
3.268877863883972168e-01
6.427363157272338867e-01
1.274747252464294434e-01
4.474864959716796875e+00
5.838620662689208984e+00
6.878680229187011719e+00
6.200967311859130859e+00
-4.633649349212646484e+00
-4.593847751617431641e+00
-5.555960655212402344e+00
-5.110546588897705078e+00
1.073735713958740234e+00
9.356886148452758789e-01
-4.006816744804382324e-01
2.216684818267822266e-01
6.410926342010498047e+00
6.053194522857666016e+00
4.172945976257324219e+00
5.145683765411376953e+00
-5.593400478363037109e+00
-4.813412666320800781e+00
-4.549166679382324219e+00
-5.259316444396972656e+00
-1.782133817672729492e+00
-1.090067625045776367e+00
-5.672246217727661133e-02
-6.966404318809509277e-01
2.258959531784057617e+00
2.200352668762207031e+00
3.492017507553100586e+00
3.861851930618286133e+00
-3.924687385559082031e+00
-3.594300508499145508e+00
-3.358496427536010742e+00
-3.855804443359375000e+00
-3.678655922412872314e-01
-3.424717187881469727e-01
1.630482375621795654e-01
-1.598446965217590332e-01
2.365447282791137695e+00
2.248548746109008789e+00
2.850830078125000000e+00
2.466590881347656250e+00
-3.262928962707519531e+00
-3.391484975814819336e+00
-3.086426019668579102e+00
-3.212408542633056641e+00
1.423982977867126465e-01
6.251233816146850586e-02
-6.776654720306396484e-02
-1.208424568176269531e-02
2.892954111099243164e+00
2.489089727401733398e+00
1.570256710052490234e+00
1.885921001434326172e+00
-2.712196826934814453e+00
-2.902863502502441406e+00
-2.921853780746459961e+00
-2.959911346435546875e+00
1.015644073486328125e-01
-5.320912003517150879e-01
-5.612140297889709473e-01
-9.553858637809753418e-02
2.010101079940795898e+00
1.195770025253295898e+00
1.395282983779907227e+00
1.841962814331054688e+00
-3.897605895996093750e+00
-4.338862419128417969e+00
-5.281668186187744141e+00
-4.339405536651611328e+00
-4.419851303100585938e-02
-4.863949418067932129e-01
-7.960423231124877930e-01
-3.669172525405883789e-01
2.618737220764160156e+00
3.060533761978149414e+00
3.409365415573120117e+00
3.175863981246948242e+00
-6.064753532409667969e+00
-5.533328533172607422e+00
-5.049832344055175781e+00
-5.342584133148193359e+00
-8.654474616050720215e-01
8.708698153495788574e-01
1.945327758789062500e+00
8.648675084114074707e-01
4.421492576599121094e+00
6.658268928527832031e+00
8.238482475280761719e+00
6.523206710815429688e+00
-5.586146354675292969e+00
-5.825010776519775391e+00
-6.398631572723388672e+00
-5.823248863220214844e+00
-8.820950984954833984e-03
-4.263471066951751709e-01
-1.482706546783447266e+00
-3.559961318969726562e-01
5.954401016235351562e+00
5.217339038848876953e+00
3.631773948669433594e+00
4.890454769134521484e+00
-5.896504402160644531e+00
-5.431257247924804688e+00
-4.989160537719726562e+00
-5.232970237731933594e+00
-1.693296551704406738e+00
-1.361732363700866699e+00
-8.310980796813964844e-01
-1.124238967895507812e+00
2.961353540420532227e+00
3.075996398925781250e+00
2.431136369705200195e+00
2.955353021621704102e+00
-3.499851703643798828e+00
-3.273023128509521484e+00
-2.745877742767333984e+00
-3.057550907135009766e+00
-2.132664918899536133e-01
-1.740236878395080566e-01
4.558742046356201172e-02
-1.444070637226104736e-01
2.762114763259887695e+00
2.390761613845825195e+00
1.469693422317504883e+00
1.827154636383056641e+00
-2.317088842391967773e+00
-2.548834562301635742e+00
-2.321320056915283203e+00
-2.251567363739013672e+00
3.303821086883544922e-01
2.597808837890625000e-01
-3.656840324401855469e-02
-2.592229843139648438e-02
2.038186788558959961e+00
2.097833633422851562e+00
1.428792953491210938e+00
1.496472597122192383e+00
-2.731495380401611328e+00
-2.947823524475097656e+00
-3.123370409011840820e+00
-3.029604434967041016e+00
-3.291220366954803467e-01
-7.833255529403686523e-01
-6.461565494537353516e-01
-6.327807903289794922e-03
1.259525775909423828e+00
9.419307708740234375e-01
1.999209046363830566e+00
2.494702100753784180e+00
-4.004034042358398438e+00
-4.195709705352783203e+00
-4.672815799713134766e+00
-4.401558876037597656e+00
-2.154432535171508789e-01
-5.331200361251831055e-02
-4.786195158958435059e-01
-4.021548628807067871e-01
3.054082393646240234e+00
3.666596651077270508e+00
3.325306653976440430e+00
2.963254928588867188e+00
-4.785360336303710938e+00
-4.471328735351562500e+00
-4.295390605926513672e+00
-4.396375179290771484e+00
-2.729122042655944824e-01
1.505036115646362305e+00
1.225736618041992188e+00
2.582552433013916016e-01
5.096031665802001953e+00
7.492080688476562500e+00
6.304332733154296875e+00
4.250998020172119141e+00
-5.222918033599853516e+00
-5.613296508789062500e+00
-5.964672088623046875e+00
-5.287956237792968750e+00
-1.086010575294494629e+00
-6.904213428497314453e-01
-1.150286912918090820e+00
-7.293303012847900391e-01
2.171222686767578125e+00
4.092566013336181641e+00
3.044739007949829102e+00
2.010321617126464844e+00
-5.200670242309570312e+00
-4.817575454711914062e+00
-4.489361763000488281e+00
-4.725227832794189453e+00
-1.619472265243530273e+00
-7.384463548660278320e-01
-5.982331037521362305e-01
-1.376115918159484863e+00
2.211146831512451172e+00
3.309389591217041016e+00
2.143390655517578125e+00
1.030328750610351562e+00
-3.509715080261230469e+00
-3.069388151168823242e+00
-3.043487071990966797e+00
-3.559513568878173828e+00
-3.284629583358764648e-01
-5.721114277839660645e-01
-9.457544684410095215e-01
-7.925947308540344238e-01
1.890395164489746094e+00
1.268345952033996582e+00
3.962804973125457764e-01
1.131023526191711426e+00
-3.065262794494628906e+00
-2.745055198669433594e+00
-3.154938459396362305e+00
-3.424811363220214844e+00
-1.008052945137023926e+00
-5.782345533370971680e-01
-8.759263753890991211e-01
-1.107516050338745117e+00
2.676638364791870117e-01
4.214701056480407715e-01
5.610752105712890625e-01
1.065190911293029785e+00
-3.789636611938476562e+00
-3.819258689880371094e+00
-4.053428173065185547e+00
-4.109220981597900391e+00
-1.089345335960388184e+00
-7.652545571327209473e-01
-3.900445699691772461e-01
-4.305079281330108643e-01
3.889048099517822266e-01
1.469847202301025391e+00
2.939683914184570312e+00
2.287791013717651367e+00
-3.927421808242797852e+00
-4.016631126403808594e+00
-4.090888023376464844e+00
-4.271064758300781250e+00
-5.145281553268432617e-02
4.646657705307006836e-01
4.836678504943847656e-01
-2.593279182910919189e-01
2.989825248718261719e+00
4.363140106201171875e+00
4.348711490631103516e+00
2.943353414535522461e+00
-4.001242160797119141e+00
-3.830208778381347656e+00
-3.928311824798583984e+00
-4.436548709869384766e+00
3.213521242141723633e-01
1.395878314971923828e+00
9.029599428176879883e-01
-3.095219135284423828e-01
4.770501613616943359e+00
6.676588535308837891e+00
5.457372665405273438e+00
3.566018342971801758e+00
