-3.900858759880065918e-01
-3.766082525253295898e-01
-4.083219170570373535e-01
-4.054327309131622314e-01
-2.579913735389709473e-01
-2.630797624588012695e-01
-3.010548949241638184e-01
-2.532617449760437012e-01
-1.026841476559638977e-01
-1.654838770627975464e-01
-1.792183965444564819e-01
-9.229984879493713379e-02
-3.834404349327087402e-01
-3.746959865093231201e-01
-3.626517653465270996e-01
-3.716282248497009277e-01
-3.303349018096923828e-01
-3.202992081642150879e-01
-3.068398237228393555e-01
-3.238374888896942139e-01
-2.555559277534484863e-01
-2.588166296482086182e-01
-2.502771317958831787e-01
-2.481416016817092896e-01
-3.378775119781494141e-01
-3.359305262565612793e-01
-3.339076936244964600e-01
-3.376137614250183105e-01
-2.824305891990661621e-01
-2.928079962730407715e-01
-3.007352948188781738e-01
-2.913060784339904785e-01
-2.340624332427978516e-01
-2.505018115043640137e-01
-2.651966810226440430e-01
-2.587662041187286377e-01
-3.173284530639648438e-01
-3.201834559440612793e-01
-3.068332374095916748e-01
-3.118316531181335449e-01
-2.878634035587310791e-01
-2.659274935722351074e-01
-2.566539347171783447e-01
-2.815321385860443115e-01
-2.467153966426849365e-01
-2.076126933097839355e-01
-2.327754795551300049e-01
-2.638789415359497070e-01
-3.073820173740386963e-01
-3.050359189510345459e-01
-3.004516959190368652e-01
-3.104816675186157227e-01
-2.600382268428802490e-01
-2.317397296428680420e-01
-2.238037884235382080e-01
-2.419752180576324463e-01
-2.317903339862823486e-01
-1.914923787117004395e-01
-1.625628620386123657e-01
-1.964237093925476074e-01
-2.979887127876281738e-01
-3.078724741935729980e-01
-3.318689167499542236e-01
-3.306533694267272949e-01
-2.106597870588302612e-01
-2.083910703659057617e-01
-2.416000664234161377e-01
-2.467948794364929199e-01
-1.625355333089828491e-01
-1.360467374324798584e-01
-1.342844963073730469e-01
-1.556638777256011963e-01
-3.643622994422912598e-01
-3.421157002449035645e-01
-3.540507256984710693e-01
-3.691214025020599365e-01
-2.326092422008514404e-01
-1.913081109523773193e-01
-2.050449401140213013e-01
-2.186288684606552124e-01
-7.423298060894012451e-02
-8.309453725814819336e-02
-5.336127430200576782e-02
-2.342915534973144531e-02
-3.932095766067504883e-01
-3.977098762989044189e-01
-4.102720916271209717e-01
-3.964911997318267822e-01
-2.025963217020034790e-01
-2.485563009977340698e-01
-3.064302802085876465e-01
-2.268018573522567749e-01
-5.243144929409027100e-03
-8.085302263498306274e-02
-1.815239042043685913e-01
-7.031823694705963135e-02
-3.726744055747985840e-01
-3.723018169403076172e-01
-3.601491749286651611e-01
-3.676314949989318848e-01
-3.168969750404357910e-01
-3.234092891216278076e-01
-2.951381802558898926e-01
-2.995749711990356445e-01
-2.400775402784347534e-01
-2.707632780075073242e-01
-2.326206862926483154e-01
-2.021650373935699463e-01
-3.358594179153442383e-01
-3.367907404899597168e-01
-3.283307552337646484e-01
-3.226147294044494629e-01
-2.764539122581481934e-01
-2.818648815155029297e-01
-2.687530219554901123e-01
-2.617452740669250488e-01
-2.274645864963531494e-01
-2.416342198848724365e-01
-2.360183894634246826e-01
-2.191093713045120239e-01
-3.096242547035217285e-01
-3.081795573234558105e-01
-3.155759871006011963e-01
-3.260497152805328369e-01
-2.795116901397705078e-01
-2.691261172294616699e-01
-2.619070410728454590e-01
-2.710309624671936035e-01
-2.493426203727722168e-01
-2.364901006221771240e-01
-2.261036187410354614e-01
-2.237722426652908325e-01
-3.107842803001403809e-01
-3.161339759826660156e-01
-3.172516226768493652e-01
-3.141120672225952148e-01
-2.571871280670166016e-01
-2.560085952281951904e-01
-2.571602761745452881e-01
-2.669502198696136475e-01
-2.330705821514129639e-01
-2.071862965822219849e-01
-1.866176724433898926e-01
-2.196330279111862183e-01
-3.264097571372985840e-01
-3.413425087928771973e-01
-3.560457527637481689e-01
-3.446201384067535400e-01
-2.398179173469543457e-01
-2.515072524547576904e-01
-2.653646171092987061e-01
-2.582510709762573242e-01
-1.761699020862579346e-01
-1.686694473028182983e-01
-1.575486212968826294e-01
-1.782813370227813721e-01
-3.932064175605773926e-01
-3.775438070297241211e-01
-3.744951486587524414e-01
-3.819005787372589111e-01
-2.653925120830535889e-01
-2.052572071552276611e-01
-1.962608695030212402e-01
-2.275760173797607422e-01
-9.666786342859268188e-02
-3.478308022022247314e-02
-6.615057587623596191e-03
-6.438495218753814697e-02
-3.410093784332275391e-01
-3.496782183647155762e-01
-3.550445437431335449e-01
-3.275185823440551758e-01
-2.016395181417465210e-01
-2.198891490697860718e-01
-2.534140348434448242e-01
-2.074342817068099976e-01
-8.260987699031829834e-03
-7.065400481224060059e-02
-1.354448944330215454e-01
-5.786896497011184692e-02
-3.447789847850799561e-01
-3.546391129493713379e-01
-3.336797356605529785e-01
-3.312168717384338379e-01
-2.947263717651367188e-01
-2.905603051185607910e-01
-2.533816099166870117e-01
-2.488140463829040527e-01
-2.225539088249206543e-01
-2.355499863624572754e-01
-1.798573434352874756e-01
-1.491181999444961548e-01
-3.326655030250549316e-01
-3.315543234348297119e-01
-3.221510946750640869e-01
-3.213515281677246094e-01
-2.599872350692749023e-01
-2.597009837627410889e-01
-2.446009516716003418e-01
-2.442659139633178711e-01
-2.067621797323226929e-01
-2.186287492513656616e-01
-1.971789896488189697e-01
-1.871759593486785889e-01
-3.156665563583374023e-01
-3.184999823570251465e-01
-3.111620843410491943e-01
-3.152370452880859375e-01
-2.692129611968994141e-01
-2.769487798213958740e-01
-2.794082164764404297e-01
-2.694382071495056152e-01
-2.306240051984786987e-01
-2.311715334653854370e-01
-2.355478703975677490e-01
-2.264420390129089355e-01
-3.114978671073913574e-01
-3.197791278362274170e-01
-3.158190548419952393e-01
-3.093392550945281982e-01
-2.730239033699035645e-01
-2.668579220771789551e-01
-2.653758227825164795e-01
-2.744964063167572021e-01
-2.268088310956954956e-01
-2.206968367099761963e-01
-2.119231820106506348e-01
-2.219151705503463745e-01
-3.293811082839965820e-01
-3.438879251480102539e-01
-3.570043444633483887e-01
-3.402465879917144775e-01
-2.406970113515853882e-01
-2.554642558097839355e-01
-2.529351711273193359e-01
-2.467394471168518066e-01
-1.710679978132247925e-01
-1.692479997873306274e-01
-1.566377729177474976e-01
-1.663587093353271484e-01
-3.780105710029602051e-01
-3.759970068931579590e-01
-3.648353815078735352e-01
-3.583050966262817383e-01
-2.520122230052947998e-01
-1.926655918359756470e-01
-1.934654265642166138e-01
-2.325170934200286865e-01
-1.121600419282913208e-01
-3.505964577198028564e-02
-8.713781833648681641e-03
-8.353950083255767822e-02
-2.882183492183685303e-01
-3.027517199516296387e-01
-3.336217403411865234e-01
-3.086524605751037598e-01
-1.143299192190170288e-01
-1.386249959468841553e-01
-1.950224339962005615e-01
-1.648482978343963623e-01
2.466837689280509949e-02
-1.162200421094894409e-02
-7.543155550956726074e-02
-1.629549264907836914e-02
-3.383106887340545654e-01
-3.315844237804412842e-01
-3.260700702667236328e-01
-3.231408596038818359e-01
-2.233948111534118652e-01
-2.514971196651458740e-01
-2.297037392854690552e-01
-2.042759656906127930e-01
-1.117635369300842285e-01
-1.813277751207351685e-01
-1.472877264022827148e-01
-7.305836677551269531e-02
-3.109707832336425781e-01
-3.073154091835021973e-01
-3.060676455497741699e-01
-3.124853074550628662e-01
-2.409054636955261230e-01
-2.406560629606246948e-01
-2.491208016872406006e-01
-2.402033358812332153e-01
-1.699422597885131836e-01
-1.930713504552841187e-01
-2.050957083702087402e-01
-1.795639991760253906e-01
-3.087152242660522461e-01
-3.113424479961395264e-01
-3.072948455810546875e-01
-3.037869334220886230e-01
-2.626296877861022949e-01
-2.678080499172210693e-01
-2.576041221618652344e-01
-2.502085268497467041e-01
-2.277894467115402222e-01
-2.322240471839904785e-01
-2.311807870864868164e-01
-2.181967943906784058e-01
-3.051743507385253906e-01
-3.021933138370513916e-01
-3.048822283744812012e-01
-3.061226308345794678e-01
-2.571652233600616455e-01
-2.611014842987060547e-01
-2.563978135585784912e-01
-2.598738968372344971e-01
-2.268757522106170654e-01
-2.213740199804306030e-01
-2.133343815803527832e-01
-2.176511287689208984e-01
-3.183630704879760742e-01
-3.260543346405029297e-01
-3.497163653373718262e-01
-3.408523201942443848e-01
-2.274971306324005127e-01
-2.375745028257369995e-01
-2.579473257064819336e-01
-2.495231628417968750e-01
-1.808565855026245117e-01
-1.727135181427001953e-01
-1.713656187057495117e-01
-1.862329840660095215e-01
-3.517245650291442871e-01
-3.384996652603149414e-01
-3.396188020706176758e-01
-3.471469283103942871e-01
-2.306405603885650635e-01
-1.942685544490814209e-01
-2.086563706398010254e-01
-2.302464246749877930e-01
-1.055978685617446899e-01
-6.286375224590301514e-02
-6.906700879335403442e-02
-1.086527556180953979e-01
-2.780744135379791260e-01
-2.982825040817260742e-01
-3.205965161323547363e-01
-2.864313423633575439e-01
-1.165885776281356812e-01
-1.255279183387756348e-01
-1.759779751300811768e-01
-1.593711823225021362e-01
1.568105816841125488e-02
2.534942328929901123e-02
-5.412621796131134033e-02
-5.004966259002685547e-02
-3.470256328582763672e-01
-3.299700021743774414e-01
-3.343616724014282227e-01
-3.350718617439270020e-01
-2.122223377227783203e-01
-2.085792720317840576e-01
-2.073016017675399780e-01
-1.940119266510009766e-01
-8.528071641921997070e-02
-9.636584669351577759e-02
-1.107554510235786438e-01
-8.061648160219192505e-02
-3.160636425018310547e-01
-3.058908283710479736e-01
-3.043844699859619141e-01
-3.173079788684844971e-01
-2.351889610290527344e-01
-2.363015860319137573e-01
-2.402308583259582520e-01
-2.467347234487533569e-01
-1.576296389102935791e-01
-1.805303841829299927e-01
-2.005266696214675903e-01
-1.791803389787673950e-01
-3.107010722160339355e-01
-3.202126920223236084e-01
-3.165875077247619629e-01
-3.170042634010314941e-01
-2.590347528457641602e-01
-2.485416382551193237e-01
-2.527818083763122559e-01
-2.499896287918090820e-01
-2.162330150604248047e-01
-2.018258720636367798e-01
-1.898113489151000977e-01
-2.073321640491485596e-01
-3.121349215507507324e-01
-3.093035221099853516e-01
-3.114295005798339844e-01
-3.181570768356323242e-01
-2.635856270790100098e-01
-2.568783760070800781e-01
-2.586075067520141602e-01
-2.702116966247558594e-01
-2.107518017292022705e-01
-2.070938646793365479e-01
-2.102955281734466553e-01
-2.273018956184387207e-01
-3.220876455307006836e-01
-3.300905823707580566e-01
-3.539424538612365723e-01
-3.361298143863677979e-01
-2.403776794672012329e-01
-2.238384038209915161e-01
-2.542686164379119873e-01
-2.680155038833618164e-01
-1.596324294805526733e-01
-1.415038108825683594e-01
-1.657188683748245239e-01
-2.005186527967453003e-01
-3.832761347293853760e-01
-3.583300113677978516e-01
-3.647612631320953369e-01
-3.777051866054534912e-01
-2.611538767814636230e-01
-2.264987379312515259e-01
-2.286882251501083374e-01
-2.435629069805145264e-01
-1.347004175186157227e-01
-9.752283245325088501e-02
-8.199942111968994141e-02
-1.076970025897026062e-01
-2.834245562553405762e-01
-2.872382402420043945e-01
-3.297134637832641602e-01
-3.193614482879638672e-01
-1.722837686538696289e-01
-1.675715446472167969e-01
-2.011220306158065796e-01
-1.925301551818847656e-01
-7.540386915206909180e-02
-5.113580822944641113e-02
-6.967248767614364624e-02
-7.934337854385375977e-02
-3.485914468765258789e-01
-3.286983966827392578e-01
-3.228041529655456543e-01
-3.290440738201141357e-01
-2.340345978736877441e-01
-2.137650698423385620e-01
-2.097845375537872314e-01
-2.345993965864181519e-01
-1.105241775512695312e-01
-9.870038181543350220e-02
-1.452892422676086426e-01
-1.502684354782104492e-01
-3.238616883754730225e-01
-3.218508064746856689e-01
-3.158758282661437988e-01
-3.217655122280120850e-01
-2.415864467620849609e-01
-2.624219059944152832e-01
-2.713192105293273926e-01
-2.555456757545471191e-01
-1.817640215158462524e-01
-1.872497797012329102e-01
-2.147775143384933472e-01
-2.076798826456069946e-01
-3.099726438522338867e-01
-3.125588297843933105e-01
-3.044666647911071777e-01
-3.010754287242889404e-01
-2.571300864219665527e-01
-2.517925798892974854e-01
-2.544118165969848633e-01
-2.509057223796844482e-01
-2.111887335777282715e-01
-2.132808864116668701e-01
-2.218128591775894165e-01
-2.138073295354843140e-01
-2.939471304416656494e-01
-3.032329976558685303e-01
-2.913683950901031494e-01
-2.904853224754333496e-01
-2.618456184864044189e-01
-2.580893635749816895e-01
-2.385310977697372437e-01
-2.491335123777389526e-01
-2.387137711048126221e-01
-2.134470492601394653e-01
-1.991023421287536621e-01
-2.262514531612396240e-01
-3.203923702239990234e-01
-3.390349745750427246e-01
-3.591156601905822754e-01
-3.538033366203308105e-01
-2.390307486057281494e-01
-2.588596940040588379e-01
-2.714457213878631592e-01
-2.584757208824157715e-01
-1.798406392335891724e-01
-1.715392470359802246e-01
-1.639722287654876709e-01
-1.690236032009124756e-01
-3.960770368576049805e-01
-3.889741003513336182e-01
-3.874031305313110352e-01
-3.815344572067260742e-01
-2.764487266540527344e-01
-2.447672933340072632e-01
-2.556300163269042969e-01
-2.607784569263458252e-01
-1.324346810579299927e-01
-9.398133307695388794e-02
-1.201968565583229065e-01
-1.371322870254516602e-01
-3.323111236095428467e-01
-3.427199721336364746e-01
-3.593248426914215088e-01
-3.475854098796844482e-01
-1.964037865400314331e-01
-1.885533630847930908e-01
-2.544862926006317139e-01
-2.522290349006652832e-01
-1.165288016200065613e-01
-5.743966251611709595e-02
-1.603925377130508423e-01
-2.135094106197357178e-01
-3.394339084625244141e-01
-3.314093053340911865e-01
-3.344747722148895264e-01
-3.353048563003540039e-01
-2.394826561212539673e-01
-2.365658730268478394e-01
-2.691018879413604736e-01
-2.664975821971893311e-01
-1.448490172624588013e-01
-1.440087705850601196e-01
-2.303254157304763794e-01
-2.363265007734298706e-01
-3.299483060836791992e-01
-3.229145109653472900e-01
-3.234478235244750977e-01
-3.254377245903015137e-01
-2.765500843524932861e-01
-2.755959033966064453e-01
-2.962719202041625977e-01
-2.930631637573242188e-01
-2.271458208560943604e-01
-2.350471615791320801e-01
-2.668797373771667480e-01
-2.388449907302856445e-01
-3.205326795578002930e-01
-3.088115155696868896e-01
-3.091385364532470703e-01
-3.133931756019592285e-01
-2.907577753067016602e-01
-2.694342136383056641e-01
-2.699833512306213379e-01
-2.832662165164947510e-01
-2.810109257698059082e-01
-2.503619194030761719e-01
-2.420536577701568604e-01
-2.556708157062530518e-01
-2.922809123992919922e-01
-2.819562852382659912e-01
-2.935820817947387695e-01
-2.972220480442047119e-01
-2.738235890865325928e-01
-2.570726871490478516e-01
-2.378148585557937622e-01
-2.546510696411132812e-01
-2.491899728775024414e-01
-2.348057180643081665e-01
-2.125769257545471191e-01
-2.175273299217224121e-01
-3.143721222877502441e-01
-3.268333673477172852e-01
-3.495088815689086914e-01
-3.347665667533874512e-01
-2.251681983470916748e-01
-2.472048699855804443e-01
-2.466495335102081299e-01
-2.329485714435577393e-01
-1.764594316482543945e-01
-1.667148768901824951e-01
-1.566813737154006958e-01
-1.647201478481292725e-01
-3.625429868698120117e-01
-3.541854918003082275e-01
-3.398631215095520020e-01
-3.502318263053894043e-01
-2.605329155921936035e-01
-2.320013195276260376e-01
-2.274759709835052490e-01
-2.434807866811752319e-01
-1.535146236419677734e-01
-9.674400091171264648e-02
-1.156206801533699036e-01
-1.584889143705368042e-01
