-9.464462399482727051e-01
-8.451331853866577148e-01
-1.017930984497070312e+00
-1.090528726577758789e+00
7.253209352493286133e-01
7.235993742942810059e-01
4.896141588687896729e-01
5.516806840896606445e-01
1.857878088951110840e+00
1.730947017669677734e+00
1.885627150535583496e+00
1.959625124931335449e+00
-1.119066357612609863e+00
-9.901507496833801270e-01
-1.155601501464843750e+00
-1.134218215942382812e+00
3.520723581314086914e-01
4.097098112106323242e-01
3.820323646068572998e-01
4.782871901988983154e-01
1.629019856452941895e+00
1.386016011238098145e+00
1.545097708702087402e+00
1.854954719543457031e+00
-1.397490143775939941e+00
-1.485953092575073242e+00
-1.506605386734008789e+00
-1.422582149505615234e+00
6.147140264511108398e-02
-9.235100448131561279e-02
-2.617489993572235107e-01
-1.094611287117004395e-01
1.267473697662353516e+00
1.051957368850708008e+00
7.930557727813720703e-01
1.018716573715209961e+00
-1.428998231887817383e+00
-1.459598779678344727e+00
-1.273824095726013184e+00
-1.301678657531738281e+00
-1.307104676961898804e-01
-7.422262430191040039e-02
-1.683160960674285889e-01
-2.360270470380783081e-01
8.568664789199829102e-01
9.852610826492309570e-01
7.166504859924316406e-01
6.708152890205383301e-01
-1.014462351799011230e+00
-1.024796962738037109e+00
-9.114417433738708496e-01
-1.001043081283569336e+00
-4.536041617393493652e-02
-7.524666190147399902e-02
1.733994483947753906e-01
9.059885144233703613e-02
7.325042486190795898e-01
7.068810462951660156e-01
1.125268459320068359e+00
1.061714768409729004e+00
-1.052177786827087402e+00
-1.099306344985961914e+00
-1.222885608673095703e+00
-1.276168346405029297e+00
4.004063606262207031e-01
4.475955665111541748e-01
4.457786381244659424e-01
4.266753196716308594e-01
1.487014889717102051e+00
1.576430559158325195e+00
1.891113758087158203e+00
1.829968452453613281e+00
-1.213769912719726562e+00
-1.032026052474975586e+00
-9.767296314239501953e-01
-1.248846292495727539e+00
4.096761643886566162e-01
8.418995141983032227e-01
1.104082584381103516e+00
8.531876206398010254e-01
2.075355052947998047e+00
2.280636548995971680e+00
2.773460149765014648e+00
2.787055015563964844e+00
-1.437001347541809082e+00
-1.489776492118835449e+00
-1.663966059684753418e+00
-1.535625576972961426e+00
2.410849928855895996e-02
1.909771561622619629e-02
4.914730787277221680e-03
1.622630059719085693e-01
1.678089737892150879e+00
1.395448207855224609e+00
1.613096833229064941e+00
1.831318855285644531e+00
-1.594728589057922363e+00
-1.447059988975524902e+00
-1.431198477745056152e+00
-1.525519132614135742e+00
-8.228845894336700439e-02
9.845227003097534180e-03
2.590858936309814453e-02
-5.348920822143554688e-04
1.394523024559020996e+00
1.185615420341491699e+00
1.147375583648681641e+00
1.439088225364685059e+00
-1.147552013397216797e+00
-1.179269194602966309e+00
-1.040646433830261230e+00
-1.050652742385864258e+00
1.294747292995452881e-01
1.145078241825103760e-01
-1.433530449867248535e-02
-7.449975609779357910e-02
1.181606292724609375e+00
1.335719108581542969e+00
8.618167638778686523e-01
7.958683371543884277e-01
-9.911011457443237305e-01
-1.095630764961242676e+00
-9.771261215209960938e-01
-9.548667669296264648e-01
1.207090914249420166e-01
1.031015217304229736e-01
2.472463548183441162e-01
2.769969999790191650e-01
9.624024629592895508e-01
1.072393178939819336e+00
1.081196665763854980e+00
1.097553610801696777e+00
-1.024913191795349121e+00
-1.100125193595886230e+00
-1.137374877929687500e+00
-1.091708660125732422e+00
1.076647043228149414e-01
-3.853529691696166992e-03
1.865298449993133545e-01
2.216745018959045410e-01
9.108308553695678711e-01
9.686229228973388672e-01
1.287322759628295898e+00
1.221713304519653320e+00
-1.316310167312622070e+00
-1.392582535743713379e+00
-1.544628143310546875e+00
-1.461799144744873047e+00
2.634902000427246094e-01
2.597542107105255127e-01
1.738503575325012207e-02
5.979907512664794922e-02
1.470653057098388672e+00
1.759807586669921875e+00
1.626767277717590332e+00
1.349394798278808594e+00
-1.336827158927917480e+00
-1.240690469741821289e+00
-1.102901458740234375e+00
-1.143418550491333008e+00
1.700404882431030273e-01
7.264877557754516602e-01
1.031918764114379883e+00
6.814945936203002930e-01
1.996388554573059082e+00
2.523617267608642578e+00
2.947154521942138672e+00
2.445874452590942383e+00
-1.655811786651611328e+00
-1.750560522079467773e+00
-1.955394744873046875e+00
-1.757773518562316895e+00
2.735261619091033936e-01
2.321299910545349121e-02
-2.174832522869110107e-01
8.066660165786743164e-02
2.098942518234252930e+00
1.558463573455810547e+00
1.571836233139038086e+00
2.020679950714111328e+00
-1.649868726730346680e+00
-1.542205095291137695e+00
-1.360867261886596680e+00
-1.525535702705383301e+00
-1.805520057678222656e-01
-3.157222270965576172e-02
-9.867459535598754883e-03
-1.747514605522155762e-01
1.417218327522277832e+00
1.191630840301513672e+00
1.032711148262023926e+00
1.195010900497436523e+00
-9.178011417388916016e-01
-9.257670044898986816e-01
-8.273851275444030762e-01
-8.745802044868469238e-01
1.141373515129089355e-01
1.245076358318328857e-01
1.716234683990478516e-01
4.318705201148986816e-02
1.116966962814331055e+00
1.024108648300170898e+00
8.531133532524108887e-01
8.722671866416931152e-01
-9.051007032394409180e-01
-9.068618416786193848e-01
-9.966769814491271973e-01
-9.388513565063476562e-01
2.252585589885711670e-01
2.164500653743743896e-01
2.442181706428527832e-01
3.677063882350921631e-01
1.099347472190856934e+00
1.081264138221740723e+00
1.131525516510009766e+00
1.294610142707824707e+00
-1.101030349731445312e+00
-1.112162590026855469e+00
-1.160205602645874023e+00
-1.141884565353393555e+00
8.044612407684326172e-02
4.888638854026794434e-02
-7.440915703773498535e-02
-3.830683231353759766e-02
9.664728641510009766e-01
1.027054667472839355e+00
1.030239343643188477e+00
9.617025852203369141e-01
-1.341719388961791992e+00
-1.400399446487426758e+00
-1.561878561973571777e+00
-1.439594030380249023e+00
4.639387130737304688e-03
7.287213206291198730e-02
-1.198853552341461182e-01
-1.484466493129730225e-01
1.137238264083862305e+00
1.441993236541748047e+00
1.380299329757690430e+00
1.075937986373901367e+00
-1.525414824485778809e+00
-1.219320774078369141e+00
-1.226747393608093262e+00
-1.382876992225646973e+00
6.568551063537597656e-02
6.311319470405578613e-01
9.081248044967651367e-01
5.672699213027954102e-01
1.718193292617797852e+00
2.199134826660156250e+00
2.949645757675170898e+00
2.516118764877319336e+00
-1.208557367324829102e+00
-1.505445480346679688e+00
-1.503007054328918457e+00
-1.122836351394653320e+00
9.916206598281860352e-01
4.831662774085998535e-01
2.837052047252655029e-01
8.479163050651550293e-01
3.011724472045898438e+00
2.186120510101318359e+00
1.914177656173706055e+00
2.634256601333618164e+00
-1.415881872177124023e+00
-1.315254688262939453e+00
-1.076693058013916016e+00
-1.089485406875610352e+00
1.257103979587554932e-01
6.998461484909057617e-02
3.130735754966735840e-01
3.753643929958343506e-01
1.651121377944946289e+00
1.279031515121459961e+00
1.351601123809814453e+00
1.827896356582641602e+00
-1.001286864280700684e+00
-9.977495074272155762e-01
-1.067823529243469238e+00
-1.021306633949279785e+00
1.591076552867889404e-01
4.575586318969726562e-02
1.120221614837646484e-01
1.381261646747589111e-01
1.097243070602416992e+00
9.575392007827758789e-01
1.091341018676757812e+00
1.154357790946960449e+00
-1.206167340278625488e+00
-1.197825431823730469e+00
-1.268992662429809570e+00
-1.319259643554687500e+00
8.159664273262023926e-02
9.561640024185180664e-02
-8.850294351577758789e-02
1.815432310104370117e-02
1.235721945762634277e+00
1.119026422500610352e+00
8.960269093513488770e-01
1.171509504318237305e+00
-1.154055356979370117e+00
-1.176397681236267090e+00
-1.180151700973510742e+00
-1.223137259483337402e+00
-1.412517279386520386e-01
-3.086337447166442871e-02
-1.290020346641540527e-02
-1.203557252883911133e-01
7.924585342407226562e-01
9.609935879707336426e-01
9.225084781646728516e-01
7.207609415054321289e-01
-1.358944177627563477e+00
-1.490449547767639160e+00
-1.558045506477355957e+00
-1.439727425575256348e+00
1.197624504566192627e-01
1.172617077827453613e-01
6.714260578155517578e-02
-7.923263311386108398e-02
1.102361679077148438e+00
1.433185815811157227e+00
1.500394582748413086e+00
1.101061224937438965e+00
-1.566503763198852539e+00
-1.486067533493041992e+00
-1.403311729431152344e+00
-1.475445151329040527e+00
3.283293843269348145e-01
7.061932086944580078e-01
9.159374237060546875e-01
6.131305694580078125e-01
1.782939910888671875e+00
2.480757236480712891e+00
2.994503498077392578e+00
2.519061326980590820e+00
-5.695900321006774902e-01
-6.551263928413391113e-01
-9.465606212615966797e-01
-6.651278734207153320e-01
1.609062075614929199e+00
1.274134159088134766e+00
1.004901647567749023e+00
1.565961718559265137e+00
3.407770156860351562e+00
2.833064556121826172e+00
2.558951854705810547e+00
3.402839899063110352e+00
-1.127541303634643555e+00
-1.017753958702087402e+00
-9.234995841979980469e-01
-9.518008232116699219e-01
3.705446422100067139e-01
3.464401066303253174e-01
4.686315953731536865e-01
7.022513747215270996e-01
1.764827728271484375e+00
1.454640626907348633e+00
1.637463212013244629e+00
2.200980663299560547e+00
-1.089021205902099609e+00
-1.116915106773376465e+00
-1.177284121513366699e+00
-1.138762354850769043e+00
7.140055298805236816e-02
4.317829012870788574e-02
-6.051355600357055664e-02
-1.717060804367065430e-03
9.814615249633789062e-01
1.003405570983886719e+00
1.080489158630371094e+00
1.035396456718444824e+00
-1.423710823059082031e+00
-1.433030366897583008e+00
-1.458527088165283203e+00
-1.440083980560302734e+00
-2.294012010097503662e-01
-1.746238768100738525e-01
-2.787699103355407715e-01
-1.594863981008529663e-01
1.023609638214111328e+00
9.509463906288146973e-01
8.210700750350952148e-01
9.097046852111816406e-01
-1.257927775382995605e+00
-1.196894168853759766e+00
-1.160578131675720215e+00
-1.255954265594482422e+00
-2.154632210731506348e-01
-1.984506696462631226e-01
-2.047555893659591675e-01
-2.594841718673706055e-01
8.059945106506347656e-01
6.751283407211303711e-01
5.804773569107055664e-01
5.639662146568298340e-01
-1.187204957008361816e+00
-1.237718820571899414e+00
-1.500633716583251953e+00
-1.313160896301269531e+00
1.073402464389801025e-01
4.577472805976867676e-02
-2.669559121131896973e-01
-1.792677342891693115e-01
1.146703243255615234e+00
1.233333587646484375e+00
1.063240528106689453e+00
9.016681313514709473e-01
-1.458291769027709961e+00
-1.236073732376098633e+00
-1.153337121009826660e+00
-1.255883812904357910e+00
2.271530032157897949e-02
6.021455526351928711e-01
8.551830053329467773e-01
5.700188279151916504e-01
1.634772181510925293e+00
2.266899347305297852e+00
2.701109647750854492e+00
2.248856067657470703e+00
-7.036589384078979492e-01
-8.510688543319702148e-01
-1.143885612487792969e+00
-9.668429493904113770e-01
1.770891547203063965e+00
1.652106881141662598e+00
1.166551470756530762e+00
1.550022363662719727e+00
4.139050960540771484e+00
3.843604564666748047e+00
3.089596033096313477e+00
3.667662382125854492e+00
-1.354085922241210938e+00
-1.225771069526672363e+00
-1.171926856040954590e+00
-1.331566572189331055e+00
6.207653880119323730e-01
4.246821105480194092e-01
3.032632172107696533e-01
5.476503372192382812e-01
2.467055320739746094e+00
1.913830041885375977e+00
1.450413107872009277e+00
2.268178462982177734e+00
-1.085649251937866211e+00
-1.165983915328979492e+00
-1.194083333015441895e+00
-1.141375303268432617e+00
1.855705380439758301e-01
-1.210442185401916504e-02
-9.252817928791046143e-02
2.652651071548461914e-02
1.198417663574218750e+00
1.036790490150451660e+00
8.474720716476440430e-01
1.009726762771606445e+00
-1.372215509414672852e+00
-1.408117294311523438e+00
-1.308993697166442871e+00
-1.273672699928283691e+00
-7.633291184902191162e-02
-1.412803679704666138e-01
-1.697053462266921997e-01
-6.983822584152221680e-02
1.059684991836547852e+00
9.679763317108154297e-01
8.861322402954101562e-01
9.725492000579833984e-01
-1.178494930267333984e+00
-1.196406126022338867e+00
-1.084848880767822266e+00
-1.121228098869323730e+00
-2.390034049749374390e-01
-2.226403951644897461e-01
7.751762866973876953e-03
-1.042598187923431396e-01
5.999481081962585449e-01
6.544646024703979492e-01
8.950219154357910156e-01
7.928252220153808594e-01
-1.256975889205932617e+00
-1.344464421272277832e+00
-1.514253377914428711e+00
-1.485628247261047363e+00
1.832050085067749023e-02
1.375265121459960938e-01
7.967233657836914062e-02
-5.190119147300720215e-02
1.154173016548156738e+00
1.401926994323730469e+00
1.460783362388610840e+00
1.164281010627746582e+00
-1.696531772613525391e+00
-1.464108467102050781e+00
-1.547145724296569824e+00
-1.699943423271179199e+00
9.131702780723571777e-02
6.326022148132324219e-01
7.041964530944824219e-01
4.405144155025482178e-01
1.981242537498474121e+00
2.541016817092895508e+00
2.732462644577026367e+00
2.349471330642700195e+00
-6.819572448730468750e-01
-8.777990341186523438e-01
-1.111634492874145508e+00
-8.640716075897216797e-01
1.525086283683776855e+00
1.399418592453002930e+00
8.534272909164428711e-01
1.157159566879272461e+00
3.207015752792358398e+00
3.514723777770996094e+00
2.520473241806030273e+00
2.409720420837402344e+00
-1.338786721229553223e+00
-1.311550378799438477e+00
-1.218926548957824707e+00
-1.192615151405334473e+00
2.582741975784301758e-01
2.054504454135894775e-01
2.406769990921020508e-02
3.049785196781158447e-01
2.021416902542114258e+00
1.805255770683288574e+00
1.127060651779174805e+00
1.533034682273864746e+00
-1.084367990493774414e+00
-1.098703861236572266e+00
-1.125531196594238281e+00
-1.068211913108825684e+00
6.201756000518798828e-02
-6.102235615253448486e-02
-1.327972412109375000e-01
1.969721913337707520e-02
1.010268092155456543e+00
8.150536417961120605e-01
5.696011781692504883e-01
8.802362680435180664e-01
-1.186593174934387207e+00
-1.174119591712951660e+00
-1.166277647018432617e+00
-1.108695864677429199e+00
2.150732278823852539e-02
3.729811310768127441e-02
-1.074088513851165771e-01
-1.265713572502136230e-02
8.012782931327819824e-01
9.939463138580322266e-01
6.133840084075927734e-01
6.676264405250549316e-01
-1.107919335365295410e+00
-1.096158027648925781e+00
-1.024242162704467773e+00
-1.072255730628967285e+00
-1.393442749977111816e-01
-1.967799663543701172e-01
-4.528290033340454102e-02
-1.763927936553955078e-02
4.879048466682434082e-01
5.859605073928833008e-01
7.216417193412780762e-01
8.200166821479797363e-01
-1.198263287544250488e+00
-1.379156827926635742e+00
-1.427597641944885254e+00
-1.315524339675903320e+00
-7.933473587036132812e-02
-7.935781776905059814e-02
-3.891658782958984375e-02
-5.703154206275939941e-02
7.434112429618835449e-01
1.232502698898315430e+00
1.375664234161376953e+00
1.004114985466003418e+00
-1.614480495452880859e+00
-1.610332131385803223e+00
-1.508502244949340820e+00
-1.551208138465881348e+00
-1.099597513675689697e-01
3.659712076187133789e-01
6.352707147598266602e-01
3.175790011882781982e-01
1.535583972930908203e+00
2.479539155960083008e+00
2.515551567077636719e+00
1.800388574600219727e+00
