-3.934905767440795898e+00
-3.735188007354736328e+00
-3.999552965164184570e+00
-4.160205841064453125e+00
-9.821475148200988770e-01
-1.218402028083801270e+00
-1.239678859710693359e+00
-1.106393337249755859e+00
1.308390736579895020e+00
5.636393427848815918e-01
1.170847892761230469e+00
1.695235371589660645e+00
-3.493185997009277344e+00
-3.180616855621337891e+00
-3.270438671112060547e+00
-3.457558870315551758e+00
-8.303821682929992676e-01
-1.114802956581115723e+00
-1.117172956466674805e+00
-6.991127729415893555e-01
1.547838211059570312e+00
1.733780652284622192e-01
3.602651357650756836e-01
1.729916572570800781e+00
-2.957839012145996094e+00
-3.269910335540771484e+00
-3.156754493713378906e+00
-2.840449094772338867e+00
-1.015220522880554199e+00
-1.618083477020263672e+00
-1.873970270156860352e+00
-1.422107219696044922e+00
5.287727713584899902e-01
-3.638203144073486328e-01
-8.936893343925476074e-01
-2.550607025623321533e-01
-3.887165784835815430e+00
-4.247437000274658203e+00
-3.892690420150756836e+00
-3.456886053085327148e+00
-1.929506301879882812e+00
-2.000106811523437500e+00
-1.650036931037902832e+00
-1.439039826393127441e+00
-5.402081012725830078e-01
-3.484232425689697266e-01
-4.154720902442932129e-02
-4.877838492393493652e-02
-3.708054542541503906e+00
-3.514053583145141602e+00
-2.937002658843994141e+00
-3.252604722976684570e+00
-1.950020790100097656e+00
-1.967130541801452637e+00
-1.203185081481933594e+00
-1.251405954360961914e+00
-6.949523091316223145e-01
-9.349640607833862305e-01
-6.573709845542907715e-02
1.802438348531723022e-01
-2.753551721572875977e+00
-3.276761531829833984e+00
-3.589608669281005859e+00
-3.356773614883422852e+00
-1.127662539482116699e+00
-1.640938639640808105e+00
-1.300123572349548340e+00
-1.106305480003356934e+00
-2.541485130786895752e-01
1.454848051071166992e-02
1.240253925323486328e+00
9.857667684555053711e-01
-4.414166450500488281e+00
-4.214797973632812500e+00
-4.241068840026855469e+00
-4.420478343963623047e+00
-1.103067517280578613e+00
-2.735093235969543457e-01
2.795949876308441162e-01
-5.534327775239944458e-02
2.248387336730957031e+00
3.003741502761840820e+00
4.413177490234375000e+00
4.034778118133544922e+00
-4.016199111938476562e+00
-4.372702598571777344e+00
-4.564795970916748047e+00
-4.070126533508300781e+00
-1.253383040428161621e+00
-1.537058353424072266e+00
-1.428567409515380859e+00
-9.582321643829345703e-01
1.376157760620117188e+00
1.023010015487670898e+00
1.513016819953918457e+00
1.783580422401428223e+00
-4.259520530700683594e+00
-3.997139453887939453e+00
-3.739363670349121094e+00
-3.976737022399902344e+00
-1.619295001029968262e+00
-1.244226694107055664e+00
-8.055608272552490234e-01
-1.002448201179504395e+00
1.217754721641540527e+00
7.044901251792907715e-01
1.051207065582275391e+00
1.806011795997619629e+00
-2.786466121673583984e+00
-2.777517557144165039e+00
-2.745573043823242188e+00
-2.859580039978027344e+00
-5.321223735809326172e-01
-8.759887218475341797e-01
-1.003263950347900391e+00
-7.947553396224975586e-01
1.023936152458190918e+00
5.304352045059204102e-01
9.527307003736495972e-02
6.384449005126953125e-01
-2.877913475036621094e+00
-2.988871097564697266e+00
-2.999271869659423828e+00
-2.965229272842407227e+00
-5.652140974998474121e-01
-6.127456426620483398e-01
-6.751749515533447266e-01
-6.099083423614501953e-01
1.011775612831115723e+00
1.061059474945068359e+00
7.611216902732849121e-01
8.752848505973815918e-01
-2.876095056533813477e+00
-2.755497932434082031e+00
-2.678024053573608398e+00
-2.776409149169921875e+00
-1.131583809852600098e+00
-9.257623553276062012e-01
-5.709996223449707031e-01
-8.492317795753479004e-01
1.205108910799026489e-01
5.742573738098144531e-01
9.601910114288330078e-01
6.283181309700012207e-01
-3.057497024536132812e+00
-3.496285438537597656e+00
-4.050715446472167969e+00
-3.644819259643554688e+00
-7.453716397285461426e-01
-1.162245392799377441e+00
-9.868358373641967773e-01
-7.136571407318115234e-01
8.991900682449340820e-01
9.547367691993713379e-01
1.939063310623168945e+00
1.674477577209472656e+00
-4.463064670562744141e+00
-4.172620773315429688e+00
-4.150591373443603516e+00
-4.243016719818115234e+00
-9.610371589660644531e-01
3.108735382556915283e-02
4.062551259994506836e-01
5.237510800361633301e-02
2.918959379196166992e+00
3.766774415969848633e+00
4.718039035797119141e+00
4.019535064697265625e+00
-3.690413475036621094e+00
-3.924338340759277344e+00
-4.371923923492431641e+00
-3.838700532913208008e+00
-8.096676468849182129e-01
-9.939464330673217773e-01
-1.510414123535156250e+00
-1.026406288146972656e+00
1.798033833503723145e+00
1.401666879653930664e+00
1.398055315017700195e+00
1.816920638084411621e+00
-4.166850566864013672e+00
-3.924379110336303711e+00
-3.571842432022094727e+00
-3.881104230880737305e+00
-1.902369022369384766e+00
-1.230836868286132812e+00
-8.867556452751159668e-01
-1.315123319625854492e+00
5.389817357063293457e-01
1.009189248085021973e+00
1.330823063850402832e+00
1.099476575851440430e+00
-2.977772951126098633e+00
-3.049824476242065430e+00
-2.844419240951538086e+00
-2.852503299713134766e+00
-9.791762232780456543e-01
-9.891943931579589844e-01
-8.425842523574829102e-01
-9.900641441345214844e-01
6.757941246032714844e-01
6.870750188827514648e-01
7.869154214859008789e-01
6.398293972015380859e-01
-3.056533336639404297e+00
-3.020045518875122070e+00
-3.170846462249755859e+00
-3.091104507446289062e+00
-6.938821673393249512e-01
-5.165627598762512207e-01
-7.417874932289123535e-01
-7.645846605300903320e-01
1.176964759826660156e+00
1.431606888771057129e+00
8.685300350189208984e-01
8.218901157379150391e-01
-2.990316152572631836e+00
-2.929358005523681641e+00
-2.941843271255493164e+00
-3.042662143707275391e+00
-9.244131445884704590e-01
-9.199301004409790039e-01
-9.798452854156494141e-01
-1.040704727172851562e+00
6.483532786369323730e-01
7.660214304924011230e-01
5.095164775848388672e-01
5.546940565109252930e-01
-3.290691137313842773e+00
-3.669895887374877930e+00
-4.095345497131347656e+00
-3.601670026779174805e+00
-6.961413621902465820e-01
-9.191365838050842285e-01
-1.094907522201538086e+00
-9.488626718521118164e-01
1.253022909164428711e+00
1.623874187469482422e+00
1.876213908195495605e+00
1.354970455169677734e+00
-4.102022171020507812e+00
-3.715555191040039062e+00
-3.406856775283813477e+00
-3.473181962966918945e+00
-6.209421157836914062e-01
6.357555985450744629e-01
8.960635662078857422e-01
2.075487673282623291e-01
2.909386157989501953e+00
4.302269935607910156e+00
4.851706981658935547e+00
3.747488498687744141e+00
-3.791633605957031250e+00
-4.072704315185546875e+00
-4.451399803161621094e+00
-4.008269309997558594e+00
-1.278996765613555908e-01
-6.091090440750122070e-01
-1.339457273483276367e+00
-7.330303788185119629e-01
3.232455968856811523e+00
2.122211933135986328e+00
1.465098023414611816e+00
2.628332376480102539e+00
-4.112918853759765625e+00
-3.867723941802978516e+00
-3.402267217636108398e+00
-3.612653732299804688e+00
-1.619644641876220703e+00
-1.287467837333679199e+00
-9.479110836982727051e-01
-1.281517386436462402e+00
1.098078012466430664e+00
1.008914828300476074e+00
9.991420507431030273e-01
1.113510131835937500e+00
-3.004291772842407227e+00
-3.022187232971191406e+00
-3.029526710510253906e+00
-2.912686347961425781e+00
-9.483795166015625000e-01
-1.149225115776062012e+00
-1.043043613433837891e+00
-9.718781113624572754e-01
6.878149509429931641e-01
4.544605314731597900e-01
6.888631582260131836e-01
6.997022628784179688e-01
-3.128929138183593750e+00
-3.184015274047851562e+00
-3.238218069076538086e+00
-3.253433942794799805e+00
-9.893965125083923340e-01
-9.418699145317077637e-01
-1.183307051658630371e+00
-1.113558650016784668e+00
8.617171049118041992e-01
9.478075504302978516e-01
6.336289048194885254e-01
6.528083086013793945e-01
-3.147589683532714844e+00
-3.198123455047607422e+00
-3.234674453735351562e+00
-3.258068799972534180e+00
-1.311807632446289062e+00
-1.332237005233764648e+00
-1.400990247726440430e+00
-1.511664509773254395e+00
3.658533394336700439e-01
2.391390800476074219e-01
2.398088127374649048e-01
5.970038473606109619e-02
-3.423391819000244141e+00
-3.575087785720825195e+00
-4.030538558959960938e+00
-3.763811111450195312e+00
-7.160537242889404297e-01
-7.402624487876892090e-01
-1.208710432052612305e+00
-1.606712341308593750e+00
1.323442578315734863e+00
1.668842315673828125e+00
1.461292266845703125e+00
8.967534303665161133e-01
-3.698439598083496094e+00
-3.171422004699707031e+00
-3.023743391036987305e+00
-3.467067241668701172e+00
-2.732459902763366699e-01
7.766060829162597656e-01
1.125852823257446289e+00
3.633963465690612793e-01
2.812230110168457031e+00
4.011490345001220703e+00
4.798510551452636719e+00
3.815864086151123047e+00
-3.499900579452514648e+00
-3.728467464447021484e+00
-4.073009490966796875e+00
-3.589037895202636719e+00
4.375649690628051758e-01
-4.038230776786804199e-01
-1.076791882514953613e+00
2.019243240356445312e-01
4.197782516479492188e+00
2.622764825820922852e+00
1.537666082382202148e+00
3.513608455657958984e+00
-3.750939607620239258e+00
-3.427775382995605469e+00
-3.084381341934204102e+00
-3.394134998321533203e+00
-1.503426551818847656e+00
-1.338508844375610352e+00
-8.537540435791015625e-01
-7.773876786231994629e-01
1.044325828552246094e+00
5.438065528869628906e-01
9.182231426239013672e-01
1.625302910804748535e+00
-2.966652393341064453e+00
-2.933692216873168945e+00
-2.870080947875976562e+00
-2.875755071640014648e+00
-1.061939716339111328e+00
-1.087216019630432129e+00
-9.631223678588867188e-01
-7.389544248580932617e-01
3.759681582450866699e-01
2.898210287094116211e-01
7.765376567840576172e-01
7.258872389793395996e-01
-2.934630155563354492e+00
-3.038307905197143555e+00
-2.902799129486083984e+00
-2.843841075897216797e+00
-1.036748886108398438e+00
-9.799334406852722168e-01
-8.536772727966308594e-01
-7.792521715164184570e-01
6.200687289237976074e-01
6.244746446609497070e-01
6.640427708625793457e-01
6.474622488021850586e-01
-2.941078424453735352e+00
-2.979237556457519531e+00
-2.833299875259399414e+00
-2.909690856933593750e+00
-1.097304940223693848e+00
-1.199030041694641113e+00
-1.032458066940307617e+00
-1.035950064659118652e+00
3.386531770229339600e-01
2.470878809690475464e-01
3.282007575035095215e-01
2.106360346078872681e-01
-3.380079507827758789e+00
-3.610356807708740234e+00
-4.066396236419677734e+00
-3.676303863525390625e+00
-8.683005571365356445e-01
-8.011377453804016113e-01
-1.044931054115295410e+00
-1.158258318901062012e+00
9.233974218368530273e-01
1.790665745735168457e+00
1.748819112777709961e+00
9.801518917083740234e-01
-4.250321865081787109e+00
-3.708569049835205078e+00
-3.555988788604736328e+00
-3.981452465057373047e+00
-7.063599228858947754e-01
5.305849909782409668e-01
8.828495740890502930e-01
5.288647115230560303e-02
2.509261608123779297e+00
3.755445241928100586e+00
4.452822685241699219e+00
3.492777824401855469e+00
-3.268458843231201172e+00
-3.565976142883300781e+00
-3.982771873474121094e+00
-3.605062723159790039e+00
8.384183645248413086e-01
4.913992881774902344e-01
-8.520065248012542725e-02
9.871180057525634766e-01
5.107116699218750000e+00
4.320299625396728516e+00
3.484631538391113281e+00
4.978832721710205078e+00
-4.117329597473144531e+00
-3.811140537261962891e+00
-3.716078758239746094e+00
-4.032206535339355469e+00
-1.081857562065124512e+00
-1.156310200691223145e+00
-8.633350133895874023e-01
-7.742140293121337891e-01
1.871184706687927246e+00
1.300865054130554199e+00
1.321943759918212891e+00
2.416902065277099609e+00
-3.253098487854003906e+00
-3.124642133712768555e+00
-3.086173772811889648e+00
-3.251999139785766602e+00
-7.702389359474182129e-01
-9.929407835006713867e-01
-1.117143750190734863e+00
-1.114552140235900879e+00
1.307823538780212402e+00
7.653249502182006836e-01
3.123082518577575684e-01
6.274694204330444336e-01
-2.915857553482055664e+00
-2.788536071777343750e+00
-2.690037965774536133e+00
-2.777568101882934570e+00
-7.569190263748168945e-01
-8.411673307418823242e-01
-1.010071754455566406e+00
-8.853610754013061523e-01
9.289699792861938477e-01
5.706813931465148926e-01
2.988252639770507812e-01
6.702798604965209961e-01
-2.638752222061157227e+00
-2.654862403869628906e+00
-2.653547525405883789e+00
-2.701473951339721680e+00
-1.101818323135375977e+00
-1.015191197395324707e+00
-9.394636750221252441e-01
-9.630495309829711914e-01
5.620620772242546082e-02
2.702566683292388916e-01
4.823886752128601074e-01
3.859369158744812012e-01
-3.217210769653320312e+00
-3.539120435714721680e+00
-3.908025979995727539e+00
-3.645025730133056641e+00
-9.572822451591491699e-01
-9.371071457862854004e-01
-1.292902708053588867e+00
-1.254300355911254883e+00
9.031221866607666016e-01
1.589174389839172363e+00
1.286572456359863281e+00
6.575288772583007812e-01
-4.385113239288330078e+00
-4.069714546203613281e+00
-4.062574386596679688e+00
-4.168820381164550781e+00
-1.406331181526184082e+00
-3.853790462017059326e-01
-2.158253639936447144e-01
-6.988409161567687988e-01
2.014810562133789062e+00
3.129062175750732422e+00
3.323400020599365234e+00
2.563323736190795898e+00
-2.925222873687744141e+00
-3.262344360351562500e+00
-3.568814516067504883e+00
-3.043716907501220703e+00
1.545080184936523438e+00
9.020840525627136230e-01
7.215860486030578613e-02
1.144882321357727051e+00
5.551717281341552734e+00
4.855042457580566406e+00
3.407453298568725586e+00
4.600483894348144531e+00
-3.794415473937988281e+00
-3.830373287200927734e+00
-3.462590456008911133e+00
-3.399721622467041016e+00
-1.083350181579589844e+00
-1.038622260093688965e+00
-7.065942883491516113e-01
-4.343497157096862793e-01
2.151900291442871094e+00
1.953945279121398926e+00
1.416327238082885742e+00
2.040179014205932617e+00
-3.177217960357666016e+00
-3.250596284866333008e+00
-3.203871250152587891e+00
-3.153969764709472656e+00
-6.757206320762634277e-01
-1.106171846389770508e+00
-1.468812584877014160e+00
-1.142951607704162598e+00
1.189033269882202148e+00
6.075535416603088379e-01
-2.484681308269500732e-01
3.302612304687500000e-01
-3.347673177719116211e+00
-3.202207803726196289e+00
-3.347904205322265625e+00
-3.368418931961059570e+00
-1.128757119178771973e+00
-1.322893261909484863e+00
-1.580445885658264160e+00
-1.231797695159912109e+00
3.355240821838378906e-01
3.642154484987258911e-02
-3.586239814758300781e-01
4.192497134208679199e-01
-3.180615663528442383e+00
-2.908319234848022461e+00
-2.888363838195800781e+00
-3.204222440719604492e+00
-1.564823746681213379e+00
-1.196734666824340820e+00
-1.078365087509155273e+00
-1.324539661407470703e+00
-3.537776470184326172e-01
-1.232570409774780273e-02
1.669913083314895630e-01
1.330313086509704590e-01
-3.117994070053100586e+00
-3.392815828323364258e+00
-3.672662258148193359e+00
-3.653129339218139648e+00
-8.644607067108154297e-01
-6.983809471130371094e-01
-1.072412967681884766e+00
-1.478390097618103027e+00
4.617345333099365234e-01
1.392285943031311035e+00
1.017073750495910645e+00
3.860981017351150513e-02
-4.160213947296142578e+00
-4.087184906005859375e+00
-4.055107116699218750e+00
-4.172258853912353516e+00
-1.382505655288696289e+00
-8.006314039230346680e-01
-8.454242944717407227e-01
-9.935219287872314453e-01
1.475530624389648438e+00
2.338215112686157227e+00
1.744160413742065430e+00
1.215628027915954590e+00
