-1.628631472587585449e+00
-1.617478251457214355e+00
-1.674065709114074707e+00
-1.622970223426818848e+00
-6.581712365150451660e-01
-6.420762538909912109e-01
-2.699048519134521484e-01
-2.551870346069335938e-01
4.930304288864135742e-01
3.895064592361450195e-01
1.000144243240356445e+00
1.044983029365539551e+00
-1.526761054992675781e+00
-1.310309410095214844e+00
-1.349703431129455566e+00
-1.448785424232482910e+00
-3.240215778350830078e-01
-4.325503110885620117e-01
-2.001200914382934570e-01
-7.874858379364013672e-02
8.565165996551513672e-01
1.601823568344116211e-01
7.450715303421020508e-01
1.315671205520629883e+00
-1.158033609390258789e+00
-1.135015487670898438e+00
-1.063030600547790527e+00
-1.136623859405517578e+00
-1.451451778411865234e-01
-2.693269252777099609e-01
-5.904723405838012695e-01
-5.100698471069335938e-01
7.408260107040405273e-01
4.048900604248046875e-01
-1.282176971435546875e-01
1.658040285110473633e-01
-1.094946384429931641e+00
-1.197158575057983398e+00
-1.082705497741699219e+00
-1.041716814041137695e+00
-6.191750764846801758e-01
-5.341720581054687500e-01
-5.594649910926818848e-01
-5.794327259063720703e-01
-8.838510513305664062e-02
1.976743936538696289e-01
-6.489026546478271484e-02
-3.107850551605224609e-01
-1.173866152763366699e+00
-1.198351263999938965e+00
-1.120620250701904297e+00
-1.173436880111694336e+00
-5.641772150993347168e-01
-4.785838127136230469e-01
-2.925862073898315430e-01
-4.123138189315795898e-01
-1.851425170898437500e-01
3.124177455902099609e-02
3.089460134506225586e-01
1.292382478713989258e-01
-1.194046735763549805e+00
-1.312990427017211914e+00
-1.395504832267761230e+00
-1.391319632530212402e+00
-3.484647274017333984e-01
-4.112341403961181641e-01
-4.029936790466308594e-01
-4.809539318084716797e-01
1.484768390655517578e-01
3.806577920913696289e-01
4.173843860626220703e-01
1.495791673660278320e-01
-1.870248317718505859e+00
-1.777240037918090820e+00
-1.970775246620178223e+00
-2.068551301956176758e+00
-5.328949689865112305e-01
-2.707349061965942383e-01
-5.612406730651855469e-01
-7.229705452919006348e-01
6.604624986648559570e-01
8.455504179000854492e-01
7.131655216217041016e-01
6.179738044738769531e-01
-1.351006865501403809e+00
-1.534030199050903320e+00
-1.692231059074401855e+00
-1.457702875137329102e+00
1.503856182098388672e-01
-8.765244483947753906e-02
-1.468324661254882812e-01
2.004535198211669922e-01
1.546828031539916992e+00
1.088173627853393555e+00
1.325665235519409180e+00
1.735691308975219727e+00
-1.707909345626831055e+00
-1.609225273132324219e+00
-1.516542434692382812e+00
-1.536099553108215332e+00
-2.648439407348632812e-01
-3.435479402542114258e-01
-2.445009946823120117e-01
-3.495395183563232422e-02
1.069980621337890625e+00
6.149187088012695312e-01
7.112333774566650391e-01
1.247781038284301758e+00
-1.173285722732543945e+00
-1.175628185272216797e+00
-1.074383735656738281e+00
-1.139205217361450195e+00
-4.503841400146484375e-01
-4.467091560363769531e-01
-4.130638837814331055e-01
-3.353195190429687500e-01
3.445786237716674805e-01
1.936792135238647461e-01
-4.151570796966552734e-02
3.264440298080444336e-01
-9.344530105590820312e-01
-9.889894127845764160e-01
-1.020189285278320312e+00
-1.027962923049926758e+00
-3.586413860321044922e-01
-3.790779113769531250e-01
-4.900360107421875000e-01
-4.899599552154541016e-01
-2.336502075195312500e-02
3.583908081054687500e-03
-1.978577375411987305e-01
-1.436098814010620117e-01
-1.006948232650756836e+00
-1.000330328941345215e+00
-1.024198055267333984e+00
-1.018185496330261230e+00
-3.392564058303833008e-01
-4.040265083312988281e-01
-4.188947677612304688e-01
-3.876439332962036133e-01
2.927315235137939453e-02
1.142624616622924805e-01
9.489822387695312500e-02
1.635515689849853516e-02
-1.122600317001342773e+00
-1.321801185607910156e+00
-1.461754083633422852e+00
-1.247984647750854492e+00
-3.261840343475341797e-01
-6.032670736312866211e-01
-6.378265023231506348e-01
-4.327191114425659180e-01
1.429166793823242188e-01
5.485379695892333984e-02
2.168438434600830078e-01
1.372004747390747070e-01
-1.976560473442077637e+00
-2.092840671539306641e+00
-2.114634752273559570e+00
-1.909894943237304688e+00
-9.641525149345397949e-01
-8.643850088119506836e-01
-9.019072651863098145e-01
-8.030490875244140625e-01
1.835235357284545898e-01
4.507937431335449219e-01
6.840859651565551758e-01
3.508464097976684570e-01
-1.249286890029907227e+00
-1.373624563217163086e+00
-1.642989635467529297e+00
-1.367987513542175293e+00
2.819262742996215820e-01
2.933733463287353516e-01
-1.102534532546997070e-01
5.155670642852783203e-02
1.844072341918945312e+00
1.770759105682373047e+00
1.370257854461669922e+00
1.505381345748901367e+00
-1.692580580711364746e+00
-1.575697183609008789e+00
-1.511782765388488770e+00
-1.602940678596496582e+00
-3.431421518325805664e-01
-1.860363483428955078e-01
-2.364974021911621094e-01
-3.237340450286865234e-01
9.006320238113403320e-01
8.629071712493896484e-01
7.896884679794311523e-01
9.141290187835693359e-01
-1.254809617996215820e+00
-1.217952966690063477e+00
-1.048039674758911133e+00
-1.139343976974487305e+00
-5.475405454635620117e-01
-5.220044851303100586e-01
-4.884059429168701172e-01
-4.456133842468261719e-01
1.980810165405273438e-01
9.466552734375000000e-02
2.051711082458496094e-03
1.639760732650756836e-01
-9.437870383262634277e-01
-9.278779625892639160e-01
-9.167895913124084473e-01
-9.856199622154235840e-01
-5.627197623252868652e-01
-4.021320343017578125e-01
-4.592466354370117188e-01
-6.003564596176147461e-01
-2.135245800018310547e-01
1.626920700073242188e-02
-1.889404058456420898e-01
-2.819097042083740234e-01
-1.044354677200317383e+00
-1.014570236206054688e+00
-1.083759546279907227e+00
-1.144725561141967773e+00
-4.089839458465576172e-01
-3.737114667892456055e-01
-3.996777534484863281e-01
-4.710974693298339844e-01
-6.886959075927734375e-02
7.918584346771240234e-02
1.348646879196166992e-01
7.504713535308837891e-02
-1.203823924064636230e+00
-1.262110471725463867e+00
-1.478672385215759277e+00
-1.382897615432739258e+00
-1.680109500885009766e-01
-3.310233354568481445e-01
-5.262527465820312500e-01
-4.277176856994628906e-01
4.416601657867431641e-01
1.849316358566284180e-01
3.301283121109008789e-01
3.732479810714721680e-01
-1.779181003570556641e+00
-1.828879833221435547e+00
-1.977388501167297363e+00
-1.764360189437866211e+00
-5.399141311645507812e-01
-7.166319489479064941e-01
-7.339574694633483887e-01
-3.578183650970458984e-01
6.674216985702514648e-01
1.267534494400024414e-01
6.164565086364746094e-01
1.097993135452270508e+00
-1.464582681655883789e+00
-1.551598668098449707e+00
-1.843357086181640625e+00
-1.662592887878417969e+00
1.419847011566162109e-01
1.569572687149047852e-01
-2.667298316955566406e-01
-2.659220695495605469e-01
1.492482781410217285e+00
1.559989213943481445e+00
1.241467356681823730e+00
1.200644731521606445e+00
-1.878288865089416504e+00
-1.664518475532531738e+00
-1.578353404998779297e+00
-1.638873100280761719e+00
-5.016272068023681641e-01
-3.645926713943481445e-01
-2.879626750946044922e-01
-4.688011407852172852e-01
9.882004261016845703e-01
8.369597196578979492e-01
7.513581514358520508e-01
7.825112342834472656e-01
-1.296761512756347656e+00
-1.207618594169616699e+00
-1.128546714782714844e+00
-1.244173169136047363e+00
-4.969217777252197266e-01
-5.180947780609130859e-01
-4.301966428756713867e-01
-4.115561246871948242e-01
3.631296157836914062e-01
9.130930900573730469e-02
6.413972377777099609e-02
3.429300785064697266e-01
-9.855905771255493164e-01
-9.983411431312561035e-01
-1.012330651283264160e+00
-1.080337285995483398e+00
-5.028499364852905273e-01
-5.042167901992797852e-01
-4.862319231033325195e-01
-5.081071853637695312e-01
-1.491601467132568359e-01
-4.659307003021240234e-02
-6.583786010742187500e-02
2.197492122650146484e-02
-1.166886091232299805e+00
-1.234666347503662109e+00
-1.251817584037780762e+00
-1.254879593849182129e+00
-4.591603279113769531e-01
-5.229729413986206055e-01
-4.741544723510742188e-01
-4.640052318572998047e-01
-2.278113365173339844e-02
1.772720813751220703e-01
2.436126470565795898e-01
-1.100349426269531250e-02
-1.342596173286437988e+00
-1.445670485496520996e+00
-1.581680417060852051e+00
-1.474628686904907227e+00
-2.358131408691406250e-01
-3.318774700164794922e-01
-3.967720270156860352e-01
-5.546084642410278320e-01
6.108536720275878906e-01
5.280622243881225586e-01
5.337657928466796875e-01
4.235861301422119141e-01
-1.831595897674560547e+00
-1.793412089347839355e+00
-1.926804065704345703e+00
-1.843693256378173828e+00
-6.897258758544921875e-02
-5.187034606933593750e-02
-3.147467374801635742e-01
-2.321581840515136719e-01
1.416309714317321777e+00
1.184578061103820801e+00
9.207302331924438477e-01
1.153926849365234375e+00
-1.589480161666870117e+00
-1.654882431030273438e+00
-1.779400348663330078e+00
-1.628046274185180664e+00
-5.721139907836914062e-02
-9.852981567382812500e-02
-4.084275960922241211e-01
-3.927689790725708008e-01
1.520578622817993164e+00
1.357911586761474609e+00
7.762503623962402344e-01
9.145703315734863281e-01
-1.610256314277648926e+00
-1.521839261054992676e+00
-1.360819697380065918e+00
-1.393590211868286133e+00
-3.073272705078125000e-01
-2.838224172592163086e-01
-2.938358783721923828e-01
-1.982765197753906250e-01
9.162821769714355469e-01
6.756000518798828125e-01
6.080739498138427734e-01
8.264684677124023438e-01
-1.161354303359985352e+00
-1.119702100753784180e+00
-1.038798093795776367e+00
-1.078738451004028320e+00
-4.536120891571044922e-01
-4.463979005813598633e-01
-3.807423114776611328e-01
-2.405561208724975586e-01
2.191777229309082031e-01
1.309401988983154297e-01
1.421161890029907227e-01
3.648290634155273438e-01
-9.843895435333251953e-01
-9.746758937835693359e-01
-9.063705801963806152e-01
-9.216564297676086426e-01
-5.067151784896850586e-01
-4.801883697509765625e-01
-4.709305763244628906e-01
-3.945964574813842773e-01
-8.481121063232421875e-02
-1.277818679809570312e-01
-1.751072406768798828e-01
3.719639778137207031e-02
-9.637703895568847656e-01
-1.014599680900573730e+00
-1.020938754081726074e+00
-9.779651761054992676e-01
-3.436644077301025391e-01
-3.092093467712402344e-01
-3.295607566833496094e-01
-3.510531187057495117e-01
1.389169692993164062e-02
1.359184980392456055e-01
1.584081649780273438e-01
8.319020271301269531e-03
-1.250621318817138672e+00
-1.330285072326660156e+00
-1.623462319374084473e+00
-1.417321562767028809e+00
-2.149908542633056641e-01
-3.866893053054809570e-01
-5.725297927856445312e-01
-4.388729333877563477e-01
5.484783649444580078e-01
5.474854707717895508e-01
5.746135711669921875e-01
5.273776054382324219e-01
-1.879796266555786133e+00
-1.742269873619079590e+00
-1.884743452072143555e+00
-1.867309808731079102e+00
-5.219591856002807617e-01
-1.511871814727783203e-02
-1.782599687576293945e-01
-5.496528148651123047e-01
8.736338615417480469e-01
1.365057468414306641e+00
1.336068034172058105e+00
7.813193798065185547e-01
-1.408772706985473633e+00
-1.505890369415283203e+00
-1.592317461967468262e+00
-1.466894149780273438e+00
4.711270332336425781e-02
-1.183310747146606445e-01
-1.542285680770874023e-01
1.104103326797485352e-01
1.710102796554565430e+00
1.359943628311157227e+00
1.257837057113647461e+00
1.576375722885131836e+00
-1.695322155952453613e+00
-1.500072002410888672e+00
-1.453633904457092285e+00
-1.600968122482299805e+00
-3.421617746353149414e-01
-3.057100772857666016e-01
-1.457790136337280273e-01
-2.227363586425781250e-01
8.986735343933105469e-01
7.439982891082763672e-01
8.160936832427978516e-01
1.090281486511230469e+00
-1.267360925674438477e+00
-1.182350397109985352e+00
-1.110525131225585938e+00
-1.244776964187622070e+00
-3.776575326919555664e-01
-3.948042392730712891e-01
-3.364446163177490234e-01
-3.979699611663818359e-01
4.361586570739746094e-01
2.342878580093383789e-01
1.657009124755859375e-03
2.146685123443603516e-01
-9.934133291244506836e-01
-9.216586351394653320e-01
-9.360565543174743652e-01
-1.016336917877197266e+00
-4.037479162216186523e-01
-3.706172704696655273e-01
-4.356433153152465820e-01
-4.467378854751586914e-01
9.386539459228515625e-03
-2.394747734069824219e-02
-1.171506643295288086e-01
-1.989305019378662109e-02
-8.900188803672790527e-01
-9.086543917655944824e-01
-9.805292487144470215e-01
-9.865494370460510254e-01
-2.732965946197509766e-01
-2.271138429641723633e-01
-2.757532596588134766e-01
-3.407957553863525391e-01
-4.093134403228759766e-02
1.612278223037719727e-01
2.444083690643310547e-01
8.447217941284179688e-02
-1.351090312004089355e+00
-1.454734563827514648e+00
-1.661684513092041016e+00
-1.555483937263488770e+00
-2.338899374008178711e-01
-2.847682237625122070e-01
-3.926736116409301758e-01
-3.241320848464965820e-01
5.053316354751586914e-01
7.588491439819335938e-01
8.252310752868652344e-01
6.167182922363281250e-01
-1.950004577636718750e+00
-1.919294357299804688e+00
-1.965364456176757812e+00
-1.910642027854919434e+00
-5.127414464950561523e-01
-3.529901504516601562e-01
-3.964202404022216797e-01
-4.124054908752441406e-01
9.676148891448974609e-01
1.210124731063842773e+00
1.147090792655944824e+00
8.671669960021972656e-01
-1.093178272247314453e+00
-1.294671893119812012e+00
-1.443915247917175293e+00
-1.219794034957885742e+00
5.692746639251708984e-01
2.000062465667724609e-01
4.321634769439697266e-02
5.778520107269287109e-01
2.055860042572021484e+00
1.618366122245788574e+00
1.387352943420410156e+00
1.951868057250976562e+00
-1.520995140075683594e+00
-1.519075393676757812e+00
-1.379818916320800781e+00
-1.281676650047302246e+00
-1.957876682281494141e-01
-2.060790061950683594e-01
-2.112792730331420898e-01
-7.518935203552246094e-02
1.115615963935852051e+00
9.561450481414794922e-01
6.578314304351806641e-01
9.580491781234741211e-01
-1.195965528488159180e+00
-1.196267724037170410e+00
-1.093871355056762695e+00
-1.104469418525695801e+00
-3.157789707183837891e-01
-4.935268163681030273e-01
-5.188682079315185547e-01
-3.445158004760742188e-01
3.050761222839355469e-01
1.531952619552612305e-01
-1.758582592010498047e-01
1.366029977798461914e-01
-1.118326425552368164e+00
-1.079439759254455566e+00
-1.101049184799194336e+00
-1.159865736961364746e+00
-5.512769222259521484e-01
-6.396926641464233398e-01
-6.741625070571899414e-01
-4.823310375213623047e-01
-9.880161285400390625e-02
-1.723061800003051758e-01
-2.559365034103393555e-01
-2.869689464569091797e-02
-1.135524153709411621e+00
-1.096425414085388184e+00
-1.153456091880798340e+00
-1.207075238227844238e+00
-5.232455730438232422e-01
-5.492316484451293945e-01
-5.398830175399780273e-01
-4.999978542327880859e-01
-1.939523220062255859e-01
-1.528208255767822266e-01
9.968626499176025391e-02
1.177489757537841797e-01
-1.345429182052612305e+00
-1.466492176055908203e+00
-1.539273500442504883e+00
-1.454255819320678711e+00
-3.740787506103515625e-01
-2.935687303543090820e-01
-3.536392450332641602e-01
-4.640699625015258789e-01
4.205187559127807617e-01
7.779052257537841797e-01
6.342519521713256836e-01
2.775509357452392578e-01
-1.620387315750122070e+00
-1.616925239562988281e+00
-1.585585832595825195e+00
-1.643388152122497559e+00
-4.176681041717529297e-01
-3.246337175369262695e-01
-2.994700670242309570e-01
-2.973809242248535156e-01
9.182695150375366211e-01
9.476705789566040039e-01
8.237520456314086914e-01
8.147470951080322266e-01
