-1.084681391716003418e+00
-1.101907253265380859e+00
-1.222534179687500000e+00
-1.207780838012695312e+00
-2.131929546594619751e-01
-2.455144077539443970e-01
-3.861557841300964355e-01
-3.305664360523223877e-01
4.412272572517395020e-01
3.860799670219421387e-01
4.272472262382507324e-01
4.849401414394378662e-01
-1.227171778678894043e+00
-1.112150549888610840e+00
-1.142542839050292969e+00
-1.186638355255126953e+00
-3.691523671150207520e-01
-3.371837437152862549e-01
-3.664261698722839355e-01
-2.973052859306335449e-01
4.538031518459320068e-01
1.685564666986465454e-01
1.120457947254180908e-01
4.186266660690307617e-01
-9.959232807159423828e-01
-1.078273534774780273e+00
-1.057557821273803711e+00
-1.022537469863891602e+00
-4.242521524429321289e-01
-6.021025180816650391e-01
-6.404019594192504883e-01
-5.290571451187133789e-01
7.089787721633911133e-02
-1.891595423221588135e-01
-3.883874118328094482e-01
-1.603249907493591309e-01
-1.233440279960632324e+00
-1.354099988937377930e+00
-1.300407409667968750e+00
-1.171133399009704590e+00
-6.266201734542846680e-01
-7.232960462570190430e-01
-7.609010934829711914e-01
-6.351485252380371094e-01
-2.282997220754623413e-01
-2.474447041749954224e-01
-3.317049741744995117e-01
-2.820667624473571777e-01
-1.245166420936584473e+00
-1.230731487274169922e+00
-1.111074566841125488e+00
-1.145689129829406738e+00
-7.785549163818359375e-01
-6.809757351875305176e-01
-5.442539453506469727e-01
-6.446756124496459961e-01
-3.974255025386810303e-01
-2.530528008937835693e-01
-1.453407555818557739e-01
-2.604948878288269043e-01
-1.011036753654479980e+00
-1.018722057342529297e+00
-1.072368144989013672e+00
-1.125908613204956055e+00
-4.770155549049377441e-01
-4.955235719680786133e-01
-4.413741528987884521e-01
-4.854135513305664062e-01
-1.030561327934265137e-01
-1.631646901369094849e-01
4.805880784988403320e-02
8.937841653823852539e-02
-1.107317686080932617e+00
-1.015913605690002441e+00
-1.090109348297119141e+00
-1.171056628227233887e+00
-2.653672993183135986e-01
-2.670951783657073975e-01
-1.987577080726623535e-01
-9.082379192113876343e-02
4.215548038482666016e-01
1.811785548925399780e-01
5.480773448944091797e-01
9.123059511184692383e-01
-1.217687964439392090e+00
-1.295377969741821289e+00
-1.397370219230651855e+00
-1.261034250259399414e+00
-4.443973302841186523e-01
-6.079189777374267578e-01
-6.890213489532470703e-01
-4.367026090621948242e-01
4.102624058723449707e-01
1.578507572412490845e-01
1.477780938148498535e-01
3.898528218269348145e-01
-1.425151348114013672e+00
-1.325544834136962891e+00
-1.270789384841918945e+00
-1.333965659141540527e+00
-7.698006033897399902e-01
-5.433883070945739746e-01
-5.115345716476440430e-01
-6.349109411239624023e-01
2.477724850177764893e-02
5.972012877464294434e-02
5.875691771507263184e-02
1.126618981361389160e-01
-1.007248640060424805e+00
-1.001359581947326660e+00
-9.578430652618408203e-01
-9.960008263587951660e-01
-4.537126719951629639e-01
-5.281021595001220703e-01
-5.417603850364685059e-01
-5.457999110221862793e-01
-2.848716080188751221e-02
-1.164754778146743774e-01
-2.817891836166381836e-01
-1.834394335746765137e-01
-9.839292764663696289e-01
-1.010772943496704102e+00
-1.034006357192993164e+00
-1.028759241104125977e+00
-4.478774964809417725e-01
-4.336232542991638184e-01
-5.119087696075439453e-01
-5.071361064910888672e-01
-9.486497193574905396e-02
-1.085558533668518066e-02
-9.721338748931884766e-02
-1.172395870089530945e-01
-1.049176216125488281e+00
-1.022816300392150879e+00
-1.007546782493591309e+00
-1.023230552673339844e+00
-6.269272565841674805e-01
-5.178205966949462891e-01
-4.151604771614074707e-01
-5.461215972900390625e-01
-3.138014674186706543e-01
-4.691113531589508057e-02
7.903265953063964844e-02
-1.606736034154891968e-01
-1.179109930992126465e+00
-1.268096089363098145e+00
-1.423920035362243652e+00
-1.347374200820922852e+00
-5.373523235321044922e-01
-5.099382400512695312e-01
-5.609760880470275879e-01
-6.432586908340454102e-01
-6.904031336307525635e-02
1.794629842042922974e-01
3.714112937450408936e-01
5.324199795722961426e-02
-1.586544871330261230e+00
-1.439520359039306641e+00
-1.482245206832885742e+00
-1.555293917655944824e+00
-5.382268428802490234e-01
-3.035118579864501953e-01
-2.727149128913879395e-01
-4.021384119987487793e-01
5.993472337722778320e-01
6.907858848571777344e-01
9.274371862411499023e-01
8.029556870460510254e-01
-1.267438650131225586e+00
-1.358623981475830078e+00
-1.510425209999084473e+00
-1.359406232833862305e+00
-1.778569370508193970e-01
-4.549604356288909912e-01
-6.673413515090942383e-01
-3.394381999969482422e-01
7.351191043853759766e-01
3.425536453723907471e-01
3.005537092685699463e-01
7.088062167167663574e-01
-1.425456285476684570e+00
-1.341439485549926758e+00
-1.249573469161987305e+00
-1.354901075363159180e+00
-7.438535690307617188e-01
-5.917989015579223633e-01
-5.084196925163269043e-01
-6.371507644653320312e-01
3.668180108070373535e-02
3.006049990653991699e-02
7.179351150989532471e-02
8.493967354297637939e-02
-1.050331115722656250e+00
-1.054719686508178711e+00
-1.008219242095947266e+00
-1.063401460647583008e+00
-5.356073379516601562e-01
-5.630572438240051270e-01
-4.699256420135498047e-01
-5.675547122955322266e-01
-1.016997992992401123e-01
-1.683366894721984863e-01
-8.324138075113296509e-02
-1.207347661256790161e-01
-1.072724342346191406e+00
-1.068536877632141113e+00
-1.091435551643371582e+00
-1.104902386665344238e+00
-4.609262347221374512e-01
-4.863228797912597656e-01
-5.128698348999023438e-01
-4.744523465633392334e-01
3.337956964969635010e-02
1.678350567817687988e-02
-7.003428041934967041e-02
-6.267175078392028809e-03
-1.026654481887817383e+00
-1.030338883399963379e+00
-1.025393486022949219e+00
-1.026460051536560059e+00
-4.976850748062133789e-01
-5.516964197158813477e-01
-5.043422579765319824e-01
-4.943959712982177734e-01
-9.929753094911575317e-02
-1.249668151140213013e-01
-6.791296601295471191e-02
-4.839147627353668213e-02
-1.121286511421203613e+00
-1.292644023895263672e+00
-1.379437327384948730e+00
-1.201300501823425293e+00
-4.793687760829925537e-01
-5.985817313194274902e-01
-6.813361644744873047e-01
-6.019911170005798340e-01
5.218398571014404297e-02
8.708080649375915527e-02
4.971119761466979980e-02
-6.622454524040222168e-02
-1.535305619239807129e+00
-1.517455577850341797e+00
-1.449569463729858398e+00
-1.386272668838500977e+00
-5.894073247909545898e-01
-2.941538989543914795e-01
-1.957312971353530884e-01
-3.486341238021850586e-01
3.815856575965881348e-01
7.439867258071899414e-01
1.011830925941467285e+00
6.930012702941894531e-01
-1.213931918144226074e+00
-1.343179941177368164e+00
-1.447550177574157715e+00
-1.247081995010375977e+00
-1.005747765302658081e-01
-2.062420547008514404e-01
-5.503705739974975586e-01
-3.175779283046722412e-01
9.416288137435913086e-01
6.780872941017150879e-01
2.495430409908294678e-01
6.221945285797119141e-01
-1.366631507873535156e+00
-1.279557347297668457e+00
-1.155611038208007812e+00
-1.178871631622314453e+00
-6.419622898101806641e-01
-5.922843217849731445e-01
-5.014619827270507812e-01
-5.066282153129577637e-01
8.117905259132385254e-02
3.490661084651947021e-02
2.736859023571014404e-02
1.721855700016021729e-01
-1.023974895477294922e+00
-1.035765409469604492e+00
-1.029465198516845703e+00
-1.004746198654174805e+00
-5.370121002197265625e-01
-5.904218554496765137e-01
-5.431371927261352539e-01
-5.275094509124755859e-01
-1.676987260580062866e-01
-1.848858594894409180e-01
-1.241556555032730103e-01
-1.378512531518936157e-01
-1.082694411277770996e+00
-1.109662413597106934e+00
-1.104297995567321777e+00
-1.086505770683288574e+00
-5.344074368476867676e-01
-5.137996673583984375e-01
-5.785701274871826172e-01
-5.464175939559936523e-01
-4.978726804256439209e-02
-9.457662701606750488e-03
-1.222119629383087158e-01
-1.151489317417144775e-01
-1.004441499710083008e+00
-1.016487360000610352e+00
-1.006361007690429688e+00
-1.022205471992492676e+00
-5.230733752250671387e-01
-5.209335684776306152e-01
-4.978631734848022461e-01
-4.964462518692016602e-01
-6.123852729797363281e-02
-1.482102870941162109e-01
-1.884413361549377441e-01
-1.409262865781784058e-01
-9.994516372680664062e-01
-1.114254236221313477e+00
-1.212912082672119141e+00
-1.076130867004394531e+00
-3.525680601596832275e-01
-5.105326175689697266e-01
-6.613005399703979492e-01
-6.007537245750427246e-01
8.325994014739990234e-02
4.640527069568634033e-02
-9.783933311700820923e-02
-1.194554418325424194e-01
-1.314546704292297363e+00
-1.221181392669677734e+00
-1.259741067886352539e+00
-1.277777671813964844e+00
-4.113803505897521973e-01
-1.686774790287017822e-01
-1.402506828308105469e-01
-2.564065158367156982e-01
3.804029226303100586e-01
7.095572948455810547e-01
9.404494166374206543e-01
7.322773933410644531e-01
-1.132419466972351074e+00
-1.183696746826171875e+00
-1.387970566749572754e+00
-1.272495985031127930e+00
-1.234214082360267639e-01
-2.528071403503417969e-01
-5.943072438240051270e-01
-3.528149127960205078e-01
8.485380411148071289e-01
6.359760165214538574e-01
1.862771511077880859e-01
5.052595138549804688e-01
-1.355849862098693848e+00
-1.223805785179138184e+00
-1.184923648834228516e+00
-1.261293292045593262e+00
-7.169067859649658203e-01
-6.371721029281616211e-01
-5.230735540390014648e-01
-5.457782149314880371e-01
6.768971681594848633e-03
-1.052113622426986694e-01
2.994218468666076660e-02
1.559864431619644165e-01
-1.037827849388122559e+00
-9.991633892059326172e-01
-9.646558761596679688e-01
-1.031557321548461914e+00
-5.951899290084838867e-01
-5.588963627815246582e-01
-5.076918601989746094e-01
-5.677215456962585449e-01
-1.971639394760131836e-01
-2.027180641889572144e-01
-1.057881116867065430e-01
-1.441725194454193115e-01
-1.013882756233215332e+00
-1.038699269294738770e+00
-1.033379793167114258e+00
-1.017713785171508789e+00
-5.125229954719543457e-01
-4.878336787223815918e-01
-4.985957741737365723e-01
-4.855021834373474121e-01
-1.015767306089401245e-01
-2.387033402919769287e-02
-3.562548756599426270e-02
-1.217632889747619629e-01
-1.005274772644042969e+00
-9.852377772331237793e-01
-9.799638986587524414e-01
-1.022620677947998047e+00
-5.271936655044555664e-01
-4.517842233180999756e-01
-4.273108839988708496e-01
-5.179301500320434570e-01
-7.535855472087860107e-02
-1.224825605750083923e-01
-8.558519184589385986e-02
-1.172678843140602112e-01
-1.034660100936889648e+00
-1.077493786811828613e+00
-1.236324787139892578e+00
-1.134586453437805176e+00
-4.092057049274444580e-01
-4.672791361808776855e-01
-5.888706445693969727e-01
-5.804004669189453125e-01
2.464924752712249756e-02
1.009207218885421753e-01
6.795081496238708496e-02
-4.177829623222351074e-02
-1.438057899475097656e+00
-1.309969186782836914e+00
-1.362349748611450195e+00
-1.456410884857177734e+00
-5.130026340484619141e-01
-1.163918972015380859e-01
-6.538939476013183594e-02
-3.489765524864196777e-01
3.447726368904113770e-01
8.187887668609619141e-01
1.034171938896179199e+00
6.781303882598876953e-01
-1.155201673507690430e+00
-1.288313746452331543e+00
-1.393289446830749512e+00
-1.277708768844604492e+00
-1.568275392055511475e-01
-2.461126744747161865e-01
-4.879032969474792480e-01
-2.863009572029113770e-01
9.353747367858886719e-01
8.404450416564941406e-01
4.915032386779785156e-01
6.463948488235473633e-01
-1.483927965164184570e+00
-1.378543376922607422e+00
-1.330453515052795410e+00
-1.413740634918212891e+00
-6.050615310668945312e-01
-6.380472183227539062e-01
-4.911250472068786621e-01
-4.567191898822784424e-01
2.778776288032531738e-01
1.040085703134536743e-01
1.039006114006042480e-01
3.481407761573791504e-01
-1.106805801391601562e+00
-1.080188512802124023e+00
-1.036967039108276367e+00
-1.118854999542236328e+00
-5.327116250991821289e-01
-5.913493633270263672e-01
-5.408482551574707031e-01
-5.497719645500183105e-01
1.142621040344238281e-04
-1.566407233476638794e-01
-1.475772261619567871e-01
-4.394002258777618408e-02
-9.681090116500854492e-01
-9.914023876190185547e-01
-9.502079486846923828e-01
-9.432992339134216309e-01
-4.037271142005920410e-01
-3.957916796207427979e-01
-4.113911986351013184e-01
-4.324676394462585449e-01
3.428071737289428711e-03
2.389551699161529541e-02
-7.965517044067382812e-02
-1.185398399829864502e-01
-9.627813100814819336e-01
-9.818764925003051758e-01
-9.690236449241638184e-01
-1.000824213027954102e+00
-4.560527205467224121e-01
-4.636172354221343994e-01
-4.605047702789306641e-01
-4.692124724388122559e-01
-1.058420687913894653e-01
-6.549158692359924316e-02
-9.734973311424255371e-03
4.401341080665588379e-03
-1.109305620193481445e+00
-1.213721990585327148e+00
-1.354204773902893066e+00
-1.261834383010864258e+00
-4.580608904361724854e-01
-6.089535951614379883e-01
-6.511248946189880371e-01
-5.090875625610351562e-01
4.359632730484008789e-02
3.990906476974487305e-02
1.210134327411651611e-01
1.011718511581420898e-01
-1.534758329391479492e+00
-1.461465358734130859e+00
-1.454205513000488281e+00
-1.480705022811889648e+00
-6.737423539161682129e-01
-3.661782443523406982e-01
-3.469992876052856445e-01
-5.331876277923583984e-01
3.914759755134582520e-01
8.009873032569885254e-01
8.039124608039855957e-01
4.694376289844512939e-01
-9.546126127243041992e-01
-1.103113293647766113e+00
-1.179436206817626953e+00
-1.023243784904479980e+00
1.324933767318725586e-01
-1.343537867069244385e-01
-1.929015368223190308e-01
7.527974247932434082e-02
1.076588034629821777e+00
9.166969060897827148e-01
8.060873746871948242e-01
9.919224381446838379e-01
-1.314494490623474121e+00
-1.300916552543640137e+00
-1.239640474319458008e+00
-1.196899652481079102e+00
-3.834266364574432373e-01
-4.561103284358978271e-01
-4.103526175022125244e-01
-2.713078856468200684e-01
7.069314122200012207e-01
3.908006846904754639e-01
1.291820108890533447e-01
3.938022255897521973e-01
-1.102419376373291016e+00
-1.107265710830688477e+00
-1.082795619964599609e+00
-1.108196973800659180e+00
-4.968086183071136475e-01
-6.172749400138854980e-01
-7.139110565185546875e-01
-5.624702572822570801e-01
1.360577642917633057e-01
-1.768472790718078613e-01
-4.314052164554595947e-01
-6.408654153347015381e-02
-1.014214396476745605e+00
-9.462014436721801758e-01
-9.819847345352172852e-01
-1.004045605659484863e+00
-5.471214056015014648e-01
-5.200054645538330078e-01
-6.675367355346679688e-01
-6.514124870300292969e-01
-2.912610173225402832e-01
-2.563004195690155029e-01
-3.975278437137603760e-01
-3.132025599479675293e-01
-1.045933246612548828e+00
-1.030908226966857910e+00
-1.051504731178283691e+00
-1.070321798324584961e+00
-7.201926708221435547e-01
-6.074302196502685547e-01
-4.820012450218200684e-01
-5.386501550674438477e-01
-4.314796328544616699e-01
-2.348701208829879761e-01
2.391988039016723633e-02
-7.044774293899536133e-02
-1.154834270477294922e+00
-1.193467855453491211e+00
-1.218811631202697754e+00
-1.223048686981201172e+00
-4.840705990791320801e-01
-4.193585216999053955e-01
-3.172751963138580322e-01
-3.966553807258605957e-01
7.012322545051574707e-03
1.733388304710388184e-01
4.445394277572631836e-01
3.071382641792297363e-01
-1.271386861801147461e+00
-1.291930556297302246e+00
-1.206534862518310547e+00
-1.248650431632995605e+00
-3.513788878917694092e-01
-2.327402979135513306e-01
-6.588385999202728271e-02
-2.114797234535217285e-01
5.565679073333740234e-01
9.350770115852355957e-01
8.574602603912353516e-01
5.489053726196289062e-01
