-3.412645757198333740e-01
-3.420333266258239746e-01
-3.545063734054565430e-01
-3.486531376838684082e-01
-3.115962743759155273e-01
-3.289548158645629883e-01
-3.248639404773712158e-01
-3.085862398147583008e-01
-2.903832793235778809e-01
-3.109007775783538818e-01
-2.839863896369934082e-01
-2.713016271591186523e-01
-3.562645018100738525e-01
-3.446276187896728516e-01
-3.477296233177185059e-01
-3.541502356529235840e-01
-3.182935118675231934e-01
-3.086896538734436035e-01
-3.090614378452301025e-01
-3.217633068561553955e-01
-2.805531322956085205e-01
-2.919641733169555664e-01
-2.773489356040954590e-01
-2.694901227951049805e-01
-3.379894196987152100e-01
-3.387109935283660889e-01
-3.318957090377807617e-01
-3.327423930168151855e-01
-3.112272918224334717e-01
-3.146184980869293213e-01
-3.166287541389465332e-01
-3.131787776947021484e-01
-2.915114164352416992e-01
-2.974632084369659424e-01
-3.081777095794677734e-01
-3.041036128997802734e-01
-3.281954526901245117e-01
-3.288357853889465332e-01
-3.242656290531158447e-01
-3.229509592056274414e-01
-3.172460198402404785e-01
-3.197230100631713867e-01
-3.148002028465270996e-01
-3.112236261367797852e-01
-3.105293512344360352e-01
-3.142881095409393311e-01
-3.149032890796661377e-01
-3.087502121925354004e-01
-3.307322859764099121e-01
-3.378027975559234619e-01
-3.377873897552490234e-01
-3.379052877426147461e-01
-3.237294852733612061e-01
-3.188538253307342529e-01
-3.141133785247802734e-01
-3.163291215896606445e-01
-3.243689239025115967e-01
-2.990455329418182373e-01
-2.774688005447387695e-01
-3.026604354381561279e-01
-3.557212650775909424e-01
-3.578132987022399902e-01
-3.559232354164123535e-01
-3.612721264362335205e-01
-3.181387186050415039e-01
-3.082128167152404785e-01
-2.950854897499084473e-01
-3.070707321166992188e-01
-2.856824994087219238e-01
-2.511927187442779541e-01
-2.377908527851104736e-01
-2.682496309280395508e-01
-3.372772336006164551e-01
-3.255955576896667480e-01
-3.215731382369995117e-01
-3.385164737701416016e-01
-2.901184558868408203e-01
-2.732393443584442139e-01
-2.543200254440307617e-01
-2.713988721370697021e-01
-2.401752918958663940e-01
-2.373893260955810547e-01
-2.004841119050979614e-01
-2.077136486768722534e-01
-3.601891994476318359e-01
-3.686957955360412598e-01
-3.721816539764404297e-01
-3.677073121070861816e-01
-2.987471222877502441e-01
-3.186890184879302979e-01
-3.266349434852600098e-01
-2.999707758426666260e-01
-2.486064732074737549e-01
-2.815835177898406982e-01
-2.715118229389190674e-01
-2.484514415264129639e-01
-3.641371130943298340e-01
-3.607286214828491211e-01
-3.590771555900573730e-01
-3.601340353488922119e-01
-3.247724175453186035e-01
-3.234510421752929688e-01
-3.136222958564758301e-01
-3.175798952579498291e-01
-2.783727049827575684e-01
-2.888075113296508789e-01
-2.823956012725830078e-01
-2.729704380035400391e-01
-3.374738991260528564e-01
-3.335023820400238037e-01
-3.267883658409118652e-01
-3.298675119876861572e-01
-3.121542632579803467e-01
-3.084102272987365723e-01
-3.063269257545471191e-01
-3.087377548217773438e-01
-2.842358946800231934e-01
-2.918165922164916992e-01
-2.991535961627960205e-01
-2.914094924926757812e-01
-3.236531317234039307e-01
-3.201704621315002441e-01
-3.182832300662994385e-01
-3.228828012943267822e-01
-3.081666231155395508e-01
-3.088493645191192627e-01
-3.090285062789916992e-01
-3.057264685630798340e-01
-3.001338839530944824e-01
-3.044018745422363281e-01
-3.127377629280090332e-01
-2.992366552352905273e-01
-3.221634030342102051e-01
-3.276427984237670898e-01
-3.270336389541625977e-01
-3.225477039813995361e-01
-3.116406202316284180e-01
-3.071200549602508545e-01
-3.125427961349487305e-01
-3.146936893463134766e-01
-3.056334257125854492e-01
-2.961533069610595703e-01
-2.965953052043914795e-01
-3.049506843090057373e-01
-3.403607904911041260e-01
-3.477421402931213379e-01
-3.521490991115570068e-01
-3.431754708290100098e-01
-3.054223358631134033e-01
-2.970343828201293945e-01
-3.046329319477081299e-01
-3.163013756275177002e-01
-2.844813168048858643e-01
-2.593027651309967041e-01
-2.642568945884704590e-01
-2.947695851325988770e-01
-3.536138534545898438e-01
-3.506619334220886230e-01
-3.422964513301849365e-01
-3.435985445976257324e-01
-3.150411844253540039e-01
-2.980301678180694580e-01
-2.776536941528320312e-01
-2.854789495468139648e-01
-2.684873044490814209e-01
-2.563649415969848633e-01
-2.196042388677597046e-01
-2.303384244441986084e-01
-3.367638289928436279e-01
-3.504211902618408203e-01
-3.603577613830566406e-01
-3.480188548564910889e-01
-2.845250666141510010e-01
-2.962051630020141602e-01
-3.119901120662689209e-01
-2.984311580657958984e-01
-2.472994178533554077e-01
-2.524771988391876221e-01
-2.579853534698486328e-01
-2.538622319698333740e-01
-3.612757325172424316e-01
-3.548105657100677490e-01
-3.461056053638458252e-01
-3.499716818332672119e-01
-3.207533359527587891e-01
-3.168002367019653320e-01
-3.004270493984222412e-01
-3.012963533401489258e-01
-2.787234485149383545e-01
-2.770235538482666016e-01
-2.623248398303985596e-01
-2.569497227668762207e-01
-3.253234326839447021e-01
-3.205922842025756836e-01
-3.168682157993316650e-01
-3.237206935882568359e-01
-3.082842230796813965e-01
-3.092384636402130127e-01
-2.983892858028411865e-01
-2.993656396865844727e-01
-2.875708639621734619e-01
-2.904347181320190430e-01
-2.929658293724060059e-01
-2.818562984466552734e-01
-3.191882371902465820e-01
-3.231132030487060547e-01
-3.250819444656372070e-01
-3.223782181739807129e-01
-3.059761822223663330e-01
-3.051425218582153320e-01
-3.122048079967498779e-01
-3.061715066432952881e-01
-3.050839304924011230e-01
-2.971768379211425781e-01
-2.973254323005676270e-01
-2.983724474906921387e-01
-3.298727571964263916e-01
-3.255440592765808105e-01
-3.302508592605590820e-01
-3.370311260223388672e-01
-3.131389319896697998e-01
-3.115500807762145996e-01
-3.132602870464324951e-01
-3.150243759155273438e-01
-2.994911968708038330e-01
-2.947396934032440186e-01
-2.977154850959777832e-01
-2.965768873691558838e-01
-3.364261984825134277e-01
-3.417815268039703369e-01
-3.506828546524047852e-01
-3.478477895259857178e-01
-2.990282773971557617e-01
-3.103902339935302734e-01
-3.177913427352905273e-01
-3.154858648777008057e-01
-2.794356346130371094e-01
-2.769898772239685059e-01
-2.770544886589050293e-01
-2.870444655418395996e-01
-3.606913089752197266e-01
-3.483182191848754883e-01
-3.564170598983764648e-01
-3.585766255855560303e-01
-3.129869699478149414e-01
-2.950384914875030518e-01
-2.899157404899597168e-01
-2.998182177543640137e-01
-2.615920007228851318e-01
-2.589772939682006836e-01
-2.258604317903518677e-01
-2.312880754470825195e-01
-3.565364480018615723e-01
-3.591362833976745605e-01
-3.676504492759704590e-01
-3.602944612503051758e-01
-2.779200077056884766e-01
-2.904102504253387451e-01
-3.115668594837188721e-01
-3.018240928649902344e-01
-2.100782990455627441e-01
-2.324855625629425049e-01
-2.573727071285247803e-01
-2.396386861801147461e-01
-3.617227375507354736e-01
-3.521002531051635742e-01
-3.480773568153381348e-01
-3.537108302116394043e-01
-3.099168837070465088e-01
-2.944323122501373291e-01
-2.955980300903320312e-01
-3.153499662876129150e-01
-2.559915184974670410e-01
-2.513567805290222168e-01
-2.657867372035980225e-01
-2.635084986686706543e-01
-3.301675319671630859e-01
-3.257613778114318848e-01
-3.229635655879974365e-01
-3.248797953128814697e-01
-3.066551089286804199e-01
-3.107604086399078369e-01
-3.109252452850341797e-01
-3.089170455932617188e-01
-2.899163961410522461e-01
-2.895072996616363525e-01
-2.955450713634490967e-01
-2.884953320026397705e-01
-3.236330151557922363e-01
-3.231602907180786133e-01
-3.243041038513183594e-01
-3.216918706893920898e-01
-3.102861642837524414e-01
-3.090196847915649414e-01
-3.169137239456176758e-01
-3.156422972679138184e-01
-3.006281554698944092e-01
-2.926551401615142822e-01
-3.053405284881591797e-01
-3.053090572357177734e-01
-3.255738615989685059e-01
-3.245111107826232910e-01
-3.255806863307952881e-01
-3.279555737972259521e-01
-3.184934556484222412e-01
-3.110429346561431885e-01
-3.087340593338012695e-01
-3.215105235576629639e-01
-3.047107160091400146e-01
-2.928715944290161133e-01
-2.911825478076934814e-01
-3.093605041503906250e-01
-3.408029079437255859e-01
-3.548400998115539551e-01
-3.589575290679931641e-01
-3.473891615867614746e-01
-3.044145107269287109e-01
-3.070744276046752930e-01
-3.096053302288055420e-01
-3.148712813854217529e-01
-2.831389904022216797e-01
-2.699374556541442871e-01
-2.569599449634552002e-01
-2.781838178634643555e-01
-3.750045001506805420e-01
-3.724400997161865234e-01
-3.683373034000396729e-01
-3.741330504417419434e-01
-3.103107213973999023e-01
-3.023470938205718994e-01
-2.930055260658264160e-01
-2.919180393218994141e-01
-2.537273168563842773e-01
-2.401529252529144287e-01
-2.211705744266510010e-01
-2.274157106876373291e-01
-3.536083102226257324e-01
-3.597463369369506836e-01
-3.642250597476959229e-01
-3.568208217620849609e-01
-2.979246079921722412e-01
-3.018350601196289062e-01
-3.120694756507873535e-01
-2.983947396278381348e-01
-2.511646449565887451e-01
-2.499386817216873169e-01
-2.590497136116027832e-01
-2.465372383594512939e-01
-3.577319979667663574e-01
-3.521707057952880859e-01
-3.436139822006225586e-01
-3.473598361015319824e-01
-3.196617662906646729e-01
-3.187148272991180420e-01
-3.128252029418945312e-01
-3.089421987533569336e-01
-2.741902768611907959e-01
-2.785446047782897949e-01
-2.739127874374389648e-01
-2.772783935070037842e-01
-3.312948048114776611e-01
-3.306356668472290039e-01
-3.233799040317535400e-01
-3.257860541343688965e-01
-3.188737630844116211e-01
-3.132326304912567139e-01
-3.065010905265808105e-01
-3.078831136226654053e-01
-2.930518090724945068e-01
-3.029944896697998047e-01
-2.979365587234497070e-01
-2.811444699764251709e-01
-3.243150711059570312e-01
-3.238048553466796875e-01
-3.176272511482238770e-01
-3.208858668804168701e-01
-3.079783618450164795e-01
-3.061404526233673096e-01
-3.081097602844238281e-01
-3.079686462879180908e-01
-3.064302802085876465e-01
-3.026235103607177734e-01
-3.024094998836517334e-01
-2.972640395164489746e-01
-3.238435089588165283e-01
-3.295086622238159180e-01
-3.314306735992431641e-01
-3.296286463737487793e-01
-3.074272274971008301e-01
-3.080581426620483398e-01
-3.120521903038024902e-01
-3.091255724430084229e-01
-3.027049005031585693e-01
-2.917392253875732422e-01
-2.924481034278869629e-01
-2.987275719642639160e-01
-3.386504054069519043e-01
-3.481324315071105957e-01
-3.672578334808349609e-01
-3.522244393825531006e-01
-2.971640229225158691e-01
-3.198197185993194580e-01
-3.276380300521850586e-01
-3.154399991035461426e-01
-2.715660929679870605e-01
-2.792493700981140137e-01
-2.846351265907287598e-01
-2.854208350181579590e-01
-3.690051734447479248e-01
-3.635267913341522217e-01
-3.509344458580017090e-01
-3.551242947578430176e-01
-3.176780939102172852e-01
-3.050462007522583008e-01
-2.980478405952453613e-01
-3.080664277076721191e-01
-2.560748755931854248e-01
-2.518244087696075439e-01
-2.598831355571746826e-01
-2.620333433151245117e-01
-3.460679948329925537e-01
-3.465123772621154785e-01
-3.595913350582122803e-01
-3.561986386775970459e-01
-2.988790273666381836e-01
-3.049190640449523926e-01
-3.199878931045532227e-01
-3.088621497154235840e-01
-2.348507195711135864e-01
-2.600837051868438721e-01
-2.696031630039215088e-01
-2.514951229095458984e-01
-3.539743423461914062e-01
-3.457750082015991211e-01
-3.433180153369903564e-01
-3.505931496620178223e-01
-3.256150484085083008e-01
-3.136856555938720703e-01
-2.995349466800689697e-01
-3.123014569282531738e-01
-2.764765620231628418e-01
-2.836238443851470947e-01
-2.755872309207916260e-01
-2.712510824203491211e-01
-3.261375725269317627e-01
-3.227370381355285645e-01
-3.207744359970092773e-01
-3.246737718582153320e-01
-3.068631887435913086e-01
-3.021048903465270996e-01
-2.991290688514709473e-01
-3.061501979827880859e-01
-2.883349061012268066e-01
-2.892355322837829590e-01
-3.019183874130249023e-01
-3.046732544898986816e-01
-3.173230588436126709e-01
-3.166964352130889893e-01
-3.152821063995361328e-01
-3.153223991394042969e-01
-3.021397292613983154e-01
-3.092210292816162109e-01
-3.132113814353942871e-01
-3.024047613143920898e-01
-3.021709918975830078e-01
-3.010935783386230469e-01
-3.064984083175659180e-01
-3.007053136825561523e-01
-3.195878267288208008e-01
-3.213385939598083496e-01
-3.213156461715698242e-01
-3.223703503608703613e-01
-3.194281756877899170e-01
-3.126202821731567383e-01
-3.084039986133575439e-01
-3.133218884468078613e-01
-3.120467662811279297e-01
-3.050246834754943848e-01
-2.955452799797058105e-01
-3.029047846794128418e-01
-3.383217453956604004e-01
-3.438019156455993652e-01
-3.516267836093902588e-01
-3.465715646743774414e-01
-3.091632723808288574e-01
-3.025656938552856445e-01
-3.064527213573455811e-01
-3.170441389083862305e-01
-2.859962582588195801e-01
-2.723781168460845947e-01
-2.683997750282287598e-01
-2.876957058906555176e-01
-3.627786040306091309e-01
-3.603193461894989014e-01
-3.619164526462554932e-01
-3.659232258796691895e-01
-3.139182925224304199e-01
-3.047837018966674805e-01
-3.077707588672637939e-01
-3.135660886764526367e-01
-2.572438716888427734e-01
-2.509748339653015137e-01
-2.640364766120910645e-01
-2.681813240051269531e-01
-3.467977046966552734e-01
-3.675359189510345459e-01
-3.656035959720611572e-01
-3.493071198463439941e-01
-2.598195970058441162e-01
-2.896503210067749023e-01
-2.935110628604888916e-01
-2.624815702438354492e-01
-1.879434287548065186e-01
-2.159585803747177124e-01
-2.342998832464218140e-01
-2.015780955553054810e-01
-3.615190386772155762e-01
-3.565906286239624023e-01
-3.526088595390319824e-01
-3.527299165725708008e-01
-2.923873364925384521e-01
-3.087203502655029297e-01
-3.077520132064819336e-01
-2.906383574008941650e-01
-2.295170128345489502e-01
-2.609955966472625732e-01
-2.800026535987854004e-01
-2.498306632041931152e-01
-3.291491866111755371e-01
-3.191388249397277832e-01
-3.240960240364074707e-01
-3.345502018928527832e-01
-2.974590063095092773e-01
-3.071506023406982422e-01
-3.192633688449859619e-01
-3.084388971328735352e-01
-2.746467292308807373e-01
-2.954595088958740234e-01
-3.201843202114105225e-01
-2.898619174957275391e-01
-3.267588615417480469e-01
-3.201315999031066895e-01
-3.268875181674957275e-01
-3.301749825477600098e-01
-3.149741291999816895e-01
-3.124763965606689453e-01
-3.177389800548553467e-01
-3.147097826004028320e-01
-3.101820051670074463e-01
-3.092193007469177246e-01
-3.169684708118438721e-01
-3.038104176521301270e-01
-3.323019146919250488e-01
-3.247468471527099609e-01
-3.232651948928833008e-01
-3.313100039958953857e-01
-3.198864161968231201e-01
-3.154530525207519531e-01
-3.146283030509948730e-01
-3.149357438087463379e-01
-3.225862383842468262e-01
-3.080332875251770020e-01
-3.071141242980957031e-01
-3.130806684494018555e-01
-3.356165289878845215e-01
-3.457374572753906250e-01
-3.470235466957092285e-01
-3.420422971248626709e-01
-3.123213648796081543e-01
-3.058148622512817383e-01
-3.131989538669586182e-01
-3.211636543273925781e-01
-3.034712076187133789e-01
-2.710603475570678711e-01
-2.729420661926269531e-01
-2.966582179069519043e-01
-3.592399954795837402e-01
-3.618473410606384277e-01
-3.569827079772949219e-01
-3.587296307086944580e-01
-3.172216713428497314e-01
-3.042914569377899170e-01
-3.005494475364685059e-01
-3.084925115108489990e-01
-2.756187319755554199e-01
-2.521067261695861816e-01
-2.514059841632843018e-01
-2.695638239383697510e-01
