-3.683830797672271729e-01
-3.690347075462341309e-01
-3.703671097755432129e-01
-3.692872822284698486e-01
-3.520051836967468262e-01
-3.551287949085235596e-01
-3.543025851249694824e-01
-3.505182862281799316e-01
-3.337236940860748291e-01
-3.400980234146118164e-01
-3.370660841464996338e-01
-3.323498964309692383e-01
-3.707917928695678711e-01
-3.700412213802337646e-01
-3.706910908222198486e-01
-3.702872097492218018e-01
-3.546957969665527344e-01
-3.549815714359283447e-01
-3.544511795043945312e-01
-3.545338809490203857e-01
-3.362967967987060547e-01
-3.395661711692810059e-01
-3.427779376506805420e-01
-3.414386510848999023e-01
-3.689121901988983154e-01
-3.696288466453552246e-01
-3.683302402496337891e-01
-3.686061501502990723e-01
-3.556318283081054688e-01
-3.568865954875946045e-01
-3.585160672664642334e-01
-3.579647541046142578e-01
-3.429693579673767090e-01
-3.455243408679962158e-01
-3.514399826526641846e-01
-3.491736650466918945e-01
-3.676375448703765869e-01
-3.693017065525054932e-01
-3.687453269958496094e-01
-3.684056997299194336e-01
-3.579959869384765625e-01
-3.586204648017883301e-01
-3.594881892204284668e-01
-3.593783080577850342e-01
-3.500928878784179688e-01
-3.507571220397949219e-01
-3.520448803901672363e-01
-3.510584533214569092e-01
-3.684649765491485596e-01
-3.687844276428222656e-01
-3.676853179931640625e-01
-3.683346509933471680e-01
-3.585197031497955322e-01
-3.579781949520111084e-01
-3.583078384399414062e-01
-3.590227961540222168e-01
-3.512593805789947510e-01
-3.497197329998016357e-01
-3.507757782936096191e-01
-3.522142767906188965e-01
-3.680178225040435791e-01
-3.695241808891296387e-01
-3.704499602317810059e-01
-3.696815669536590576e-01
-3.581910133361816406e-01
-3.587525486946105957e-01
-3.581415116786956787e-01
-3.584976494312286377e-01
-3.501352965831756592e-01
-3.481668829917907715e-01
-3.464683294296264648e-01
-3.482622504234313965e-01
-3.716942667961120605e-01
-3.701522350311279297e-01
-3.705371618270874023e-01
-3.720721602439880371e-01
-3.564077615737915039e-01
-3.549709022045135498e-01
-3.522686362266540527e-01
-3.538169860839843750e-01
-3.426941931247711182e-01
-3.438083827495574951e-01
-3.370385468006134033e-01
-3.361580669879913330e-01
-3.675400614738464355e-01
-3.694431185722351074e-01
-3.711563348770141602e-01
-3.677464723587036133e-01
-3.497822284698486328e-01
-3.528356850147247314e-01
-3.516618907451629639e-01
-3.468330800533294678e-01
-3.317967057228088379e-01
-3.369696140289306641e-01
-3.370202183723449707e-01
-3.321895003318786621e-01
-3.703563511371612549e-01
-3.694849610328674316e-01
-3.684553503990173340e-01
-3.692536354064941406e-01
-3.545891344547271729e-01
-3.558482527732849121e-01
-3.557298183441162109e-01
-3.539408743381500244e-01
-3.390397131443023682e-01
-3.443148732185363770e-01
-3.458239138126373291e-01
-3.400161564350128174e-01
-3.668991625308990479e-01
-3.669748902320861816e-01
-3.668271899223327637e-01
-3.669539690017700195e-01
-3.571482300758361816e-01
-3.592880666255950928e-01
-3.585985302925109863e-01
-3.573968410491943359e-01
-3.490955233573913574e-01
-3.499908447265625000e-01
-3.515933752059936523e-01
-3.492798507213592529e-01
-3.669404387474060059e-01
-3.676626384258270264e-01
-3.670189976692199707e-01
-3.672804534435272217e-01
-3.602506518363952637e-01
-3.600738942623138428e-01
-3.594093620777130127e-01
-3.594203889369964600e-01
-3.533850610256195068e-01
-3.529634475708007812e-01
-3.540605306625366211e-01
-3.525421321392059326e-01
-3.668828904628753662e-01
-3.674009442329406738e-01
-3.671728372573852539e-01
-3.667810559272766113e-01
-3.595517277717590332e-01
-3.591309189796447754e-01
-3.585520684719085693e-01
-3.593098521232604980e-01
-3.547310531139373779e-01
-3.521833121776580811e-01
-3.519533872604370117e-01
-3.533766269683837891e-01
-3.682224750518798828e-01
-3.696931004524230957e-01
-3.711536526679992676e-01
-3.696802854537963867e-01
-3.571417331695556641e-01
-3.589133322238922119e-01
-3.597241640090942383e-01
-3.585379719734191895e-01
-3.501852452754974365e-01
-3.486769795417785645e-01
-3.484151065349578857e-01
-3.502463400363922119e-01
-3.719090819358825684e-01
-3.713348805904388428e-01
-3.719662129878997803e-01
-3.715525567531585693e-01
-3.585298657417297363e-01
-3.550074398517608643e-01
-3.539765477180480957e-01
-3.548471033573150635e-01
-3.429688513278961182e-01
-3.405694961547851562e-01
-3.344485163688659668e-01
-3.371001183986663818e-01
-3.672516644001007080e-01
-3.675384521484375000e-01
-3.705060780048370361e-01
-3.683805763721466064e-01
-3.478168249130249023e-01
-3.459249138832092285e-01
-3.515229225158691406e-01
-3.514823615550994873e-01
-3.304018378257751465e-01
-3.322919905185699463e-01
-3.375510573387145996e-01
-3.348965644836425781e-01
-3.701566159725189209e-01
-3.700796067714691162e-01
-3.695131838321685791e-01
-3.700175583362579346e-01
-3.561481535434722900e-01
-3.550967276096343994e-01
-3.550099134445190430e-01
-3.547948896884918213e-01
-3.428882658481597900e-01
-3.423597216606140137e-01
-3.432882428169250488e-01
-3.430998921394348145e-01
-3.686635494232177734e-01
-3.688915669918060303e-01
-3.682202100753784180e-01
-3.683442771434783936e-01
-3.569590151309967041e-01
-3.572036027908325195e-01
-3.580693602561950684e-01
-3.593800365924835205e-01
-3.485809564590454102e-01
-3.490385413169860840e-01
-3.507582545280456543e-01
-3.510979115962982178e-01
-3.687455356121063232e-01
-3.684140741825103760e-01
-3.681902587413787842e-01
-3.689844906330108643e-01
-3.594088256359100342e-01
-3.601179718971252441e-01
-3.605846762657165527e-01
-3.605122864246368408e-01
-3.521087169647216797e-01
-3.524824976921081543e-01
-3.537276387214660645e-01
-3.525449037551879883e-01
-3.680781126022338867e-01
-3.675648570060729980e-01
-3.679874837398529053e-01
-3.690142631530761719e-01
-3.598619401454925537e-01
-3.593668639659881592e-01
-3.586755990982055664e-01
-3.599703013896942139e-01
-3.540386855602264404e-01
-3.530205190181732178e-01
-3.513945639133453369e-01
-3.529831767082214355e-01
-3.693610727787017822e-01
-3.700861930847167969e-01
-3.714893460273742676e-01
-3.707716166973114014e-01
-3.574267327785491943e-01
-3.582111001014709473e-01
-3.602869808673858643e-01
-3.601059317588806152e-01
-3.497921526432037354e-01
-3.483807444572448730e-01
-3.488278090953826904e-01
-3.511723577976226807e-01
-3.734695315361022949e-01
-3.719615340232849121e-01
-3.727165162563323975e-01
-3.722417056560516357e-01
-3.578728139400482178e-01
-3.524535000324249268e-01
-3.523909449577331543e-01
-3.555909097194671631e-01
-3.423403799533843994e-01
-3.369917869567871094e-01
-3.331649899482727051e-01
-3.391499519348144531e-01
-3.701570630073547363e-01
-3.705993294715881348e-01
-3.735390603542327881e-01
-3.723956048488616943e-01
-3.507574498653411865e-01
-3.508999347686767578e-01
-3.568674921989440918e-01
-3.560578525066375732e-01
-3.322477340698242188e-01
-3.354018926620483398e-01
-3.416799902915954590e-01
-3.386753499507904053e-01
-3.735689818859100342e-01
-3.718137145042419434e-01
-3.704631924629211426e-01
-3.711786270141601562e-01
-3.574812412261962891e-01
-3.571617603302001953e-01
-3.571311533451080322e-01
-3.571039736270904541e-01
-3.419619500637054443e-01
-3.445589244365692139e-01
-3.469794988632202148e-01
-3.449813723564147949e-01
-3.677532672882080078e-01
-3.675465285778045654e-01
-3.679268658161163330e-01
-3.685498535633087158e-01
-3.586714565753936768e-01
-3.587880432605743408e-01
-3.596566319465637207e-01
-3.603082895278930664e-01
-3.504799306392669678e-01
-3.507443368434906006e-01
-3.525361120700836182e-01
-3.525369167327880859e-01
-3.687743544578552246e-01
-3.691667020320892334e-01
-3.698226213455200195e-01
-3.697954416275024414e-01
-3.604141473770141602e-01
-3.607058525085449219e-01
-3.610168695449829102e-01
-3.601331710815429688e-01
-3.525435328483581543e-01
-3.518626391887664795e-01
-3.538462519645690918e-01
-3.529441952705383301e-01
-3.681552112102508545e-01
-3.682099878787994385e-01
-3.678782284259796143e-01
-3.681498765945434570e-01
-3.599992990493774414e-01
-3.602027297019958496e-01
-3.599433898925781250e-01
-3.600153625011444092e-01
-3.533176779747009277e-01
-3.534868061542510986e-01
-3.536260724067687988e-01
-3.537155389785766602e-01
-3.684456944465637207e-01
-3.698085844516754150e-01
-3.711586594581604004e-01
-3.689894974231719971e-01
-3.572316169738769531e-01
-3.591035902500152588e-01
-3.598295748233795166e-01
-3.596356809139251709e-01
-3.496194183826446533e-01
-3.489499092102050781e-01
-3.485597670078277588e-01
-3.502388596534729004e-01
-3.729168772697448730e-01
-3.718591034412384033e-01
-3.727868497371673584e-01
-3.726622760295867920e-01
-3.567408323287963867e-01
-3.527393937110900879e-01
-3.528903722763061523e-01
-3.562121689319610596e-01
-3.429858088493347168e-01
-3.362812995910644531e-01
-3.325945138931274414e-01
-3.393269777297973633e-01
-3.701567351818084717e-01
-3.718389570713043213e-01
-3.732273578643798828e-01
-3.708930313587188721e-01
-3.517900705337524414e-01
-3.545963764190673828e-01
-3.562086224555969238e-01
-3.527413308620452881e-01
-3.332703113555908203e-01
-3.383486270904541016e-01
-3.421299457550048828e-01
-3.371161818504333496e-01
-3.731754720211029053e-01
-3.726482689380645752e-01
-3.710160553455352783e-01
-3.716299235820770264e-01
-3.586959540843963623e-01
-3.586474061012268066e-01
-3.577360510826110840e-01
-3.578295409679412842e-01
-3.446472585201263428e-01
-3.478087484836578369e-01
-3.480128347873687744e-01
-3.445801138877868652e-01
-3.681502640247344971e-01
-3.682990074157714844e-01
-3.678297698497772217e-01
-3.681928813457489014e-01
-3.594747781753540039e-01
-3.602040708065032959e-01
-3.608914017677307129e-01
-3.605186939239501953e-01
-3.502718210220336914e-01
-3.531545996665954590e-01
-3.547108173370361328e-01
-3.527674078941345215e-01
-3.682281374931335449e-01
-3.685563802719116211e-01
-3.685921132564544678e-01
-3.685890734195709229e-01
-3.604375123977661133e-01
-3.594310283660888672e-01
-3.609389960765838623e-01
-3.608590066432952881e-01
-3.528920412063598633e-01
-3.526642322540283203e-01
-3.540724813938140869e-01
-3.546522557735443115e-01
-3.677298426628112793e-01
-3.675891160964965820e-01
-3.677093684673309326e-01
-3.682095408439636230e-01
-3.608734011650085449e-01
-3.601386547088623047e-01
-3.591145277023315430e-01
-3.600181043148040771e-01
-3.539369404315948486e-01
-3.536575734615325928e-01
-3.523086905479431152e-01
-3.532959520816802979e-01
-3.692741394042968750e-01
-3.696038722991943359e-01
-3.717758655548095703e-01
-3.702813982963562012e-01
-3.572960793972015381e-01
-3.581731915473937988e-01
-3.596976995468139648e-01
-3.594107329845428467e-01
-3.497667908668518066e-01
-3.485111594200134277e-01
-3.478290438652038574e-01
-3.493822216987609863e-01
-3.731785714626312256e-01
-3.708895742893218994e-01
-3.714918494224548340e-01
-3.726935982704162598e-01
-3.574141860008239746e-01
-3.519304990768432617e-01
-3.524811267852783203e-01
-3.565851747989654541e-01
-3.426908850669860840e-01
-3.356319069862365723e-01
-3.349525332450866699e-01
-3.407981097698211670e-01
-3.667972683906555176e-01
-3.697237968444824219e-01
-3.715493381023406982e-01
-3.687066435813903809e-01
-3.507491350173950195e-01
-3.528988957405090332e-01
-3.562506139278411865e-01
-3.518929481506347656e-01
-3.357025682926177979e-01
-3.365140259265899658e-01
-3.427677452564239502e-01
-3.398842811584472656e-01
-3.719477057456970215e-01
-3.708975613117218018e-01
-3.698852956295013428e-01
-3.701959252357482910e-01
-3.588654398918151855e-01
-3.587648868560791016e-01
-3.579185605049133301e-01
-3.577653467655181885e-01
-3.456524014472961426e-01
-3.475911617279052734e-01
-3.519244194030761719e-01
-3.478980660438537598e-01
-3.680770397186279297e-01
-3.682484626770019531e-01
-3.675974309444427490e-01
-3.681113719940185547e-01
-3.603997230529785156e-01
-3.608911335468292236e-01
-3.593819141387939453e-01
-3.586748242378234863e-01
-3.538293242454528809e-01
-3.546766340732574463e-01
-3.543126285076141357e-01
-3.528701364994049072e-01
-3.674138784408569336e-01
-3.678335547447204590e-01
-3.672956824302673340e-01
-3.680084049701690674e-01
-3.606296181678771973e-01
-3.599987626075744629e-01
-3.599031865596771240e-01
-3.607112169265747070e-01
-3.548363447189331055e-01
-3.532609343528747559e-01
-3.536619544029235840e-01
-3.548200726509094238e-01
-3.681547343730926514e-01
-3.689428269863128662e-01
-3.683231174945831299e-01
-3.684729635715484619e-01
-3.602310717105865479e-01
-3.607438206672668457e-01
-3.597572147846221924e-01
-3.597587943077087402e-01
-3.551057279109954834e-01
-3.538769483566284180e-01
-3.511570990085601807e-01
-3.519980609416961670e-01
-3.699048757553100586e-01
-3.709413707256317139e-01
-3.726541399955749512e-01
-3.716438710689544678e-01
-3.581005632877349854e-01
-3.582054078578948975e-01
-3.591635525226593018e-01
-3.593211770057678223e-01
-3.483361005783081055e-01
-3.467649519443511963e-01
-3.481769263744354248e-01
-3.501335084438323975e-01
-3.740473389625549316e-01
-3.728544116020202637e-01
-3.728527128696441650e-01
-3.736019730567932129e-01
-3.588812053203582764e-01
-3.547948896884918213e-01
-3.552170395851135254e-01
-3.576004505157470703e-01
-3.421031832695007324e-01
-3.378125429153442383e-01
-3.395669460296630859e-01
-3.434243798255920410e-01
-3.669932186603546143e-01
-3.676944375038146973e-01
-3.701507449150085449e-01
-3.691706359386444092e-01
-3.501576185226440430e-01
-3.509494364261627197e-01
-3.560992479324340820e-01
-3.552902340888977051e-01
-3.376944065093994141e-01
-3.364768922328948975e-01
-3.448007404804229736e-01
-3.464069366455078125e-01
-3.716283142566680908e-01
-3.707660138607025146e-01
-3.713914155960083008e-01
-3.717728853225708008e-01
-3.598613142967224121e-01
-3.600842356681823730e-01
-3.618149161338806152e-01
-3.607396185398101807e-01
-3.476763665676116943e-01
-3.493872284889221191e-01
-3.526412844657897949e-01
-3.511682748794555664e-01
-3.700052499771118164e-01
-3.685488402843475342e-01
-3.690325617790222168e-01
-3.700864315032958984e-01
-3.615505397319793701e-01
-3.614639639854431152e-01
-3.623956739902496338e-01
-3.625680208206176758e-01
-3.535249531269073486e-01
-3.560144603252410889e-01
-3.570220768451690674e-01
-3.540011346340179443e-01
-3.681329190731048584e-01
-3.672843873500823975e-01
-3.680354952812194824e-01
-3.687771856784820557e-01
-3.620043694972991943e-01
-3.606699407100677490e-01
-3.613248467445373535e-01
-3.622978925704956055e-01
-3.568041920661926270e-01
-3.548313081264495850e-01
-3.545271456241607666e-01
-3.554542064666748047e-01
-3.685360550880432129e-01
-3.682448565959930420e-01
-3.682549297809600830e-01
-3.685095906257629395e-01
-3.607470393180847168e-01
-3.607807457447052002e-01
-3.587622046470642090e-01
-3.579548597335815430e-01
-3.548125326633453369e-01
-3.537102043628692627e-01
-3.505322933197021484e-01
-3.505436182022094727e-01
-3.684857487678527832e-01
-3.692308664321899414e-01
-3.695753812789916992e-01
-3.692961633205413818e-01
-3.573226034641265869e-01
-3.568904697895050049e-01
-3.577249050140380859e-01
-3.591920137405395508e-01
-3.492745161056518555e-01
-3.468829393386840820e-01
-3.481565117835998535e-01
-3.506755232810974121e-01
-3.728212714195251465e-01
-3.733302652835845947e-01
-3.740108907222747803e-01
-3.732427060604095459e-01
-3.591810762882232666e-01
-3.582181036472320557e-01
-3.584613204002380371e-01
-3.581913411617279053e-01
-3.458791971206665039e-01
-3.425917923450469971e-01
-3.421105444431304932e-01
-3.441075384616851807e-01
