1.365672796964645386e-01
1.388216912746429443e-01
1.327085345983505249e-01
1.348475366830825806e-01
1.981688439846038818e-01
1.994750499725341797e-01
1.941614151000976562e-01
1.956949830055236816e-01
2.427874654531478882e-01
2.454814016819000244e-01
2.444599717855453491e-01
2.419235408306121826e-01
1.362631767988204956e-01
1.405878663063049316e-01
1.378809511661529541e-01
1.344755291938781738e-01
1.860090047121047974e-01
1.846296489238739014e-01
1.839906722307205200e-01
1.886301934719085693e-01
2.308857589960098267e-01
2.211802303791046143e-01
2.225399613380432129e-01
2.338522523641586304e-01
1.332563459873199463e-01
1.297701299190521240e-01
1.287918984889984131e-01
1.334710568189620972e-01
1.859298348426818848e-01
1.788112670183181763e-01
1.693553179502487183e-01
1.753039062023162842e-01
2.227157801389694214e-01
2.131775766611099243e-01
1.992647647857666016e-01
2.062724828720092773e-01
1.263631880283355713e-01
1.237390041351318359e-01
1.264042705297470093e-01
1.269758641719818115e-01
1.678377985954284668e-01
1.635177582502365112e-01
1.657352000474929810e-01
1.706830263137817383e-01
2.024737000465393066e-01
1.940336972475051880e-01
1.926107257604598999e-01
2.058955281972885132e-01
1.301089525222778320e-01
1.319071650505065918e-01
1.345674842596054077e-01
1.324627995491027832e-01
1.703848689794540405e-01
1.708572804927825928e-01
1.795019209384918213e-01
1.757115274667739868e-01
1.985461264848709106e-01
1.990116983652114868e-01
2.153362631797790527e-01
2.124747484922409058e-01
1.421852409839630127e-01
1.391599178314208984e-01
1.430361866950988770e-01
1.407406330108642578e-01
1.874080002307891846e-01
1.887308061122894287e-01
2.001046687364578247e-01
1.983534395694732666e-01
2.207959741353988647e-01
2.166598588228225708e-01
2.415963858366012573e-01
2.452815920114517212e-01
1.501376628875732422e-01
1.486702561378479004e-01
1.499079018831253052e-01
1.495219320058822632e-01
1.978200227022171021e-01
1.874822974205017090e-01
2.008978575468063354e-01
2.099093496799468994e-01
2.395113408565521240e-01
2.180072069168090820e-01
2.390542775392532349e-01
2.589543163776397705e-01
1.328128874301910400e-01
1.302383542060852051e-01
1.247063726186752319e-01
1.282361298799514771e-01
1.896518766880035400e-01
1.882915794849395752e-01
1.794473826885223389e-01
1.817936748266220093e-01
2.427631914615631104e-01
2.380012124776840210e-01
2.323303818702697754e-01
2.292507588863372803e-01
1.301628947257995605e-01
1.315905153751373291e-01
1.328640729188919067e-01
1.333308666944503784e-01
1.789668798446655273e-01
1.773291826248168945e-01
1.811938434839248657e-01
1.848883479833602905e-01
2.327129244804382324e-01
2.182889729738235474e-01
2.190267294645309448e-01
2.337925136089324951e-01
1.378855407238006592e-01
1.361353993415832520e-01
1.357992440462112427e-01
1.374804973602294922e-01
1.798188984394073486e-01
1.775812357664108276e-01
1.739270687103271484e-01
1.769151687622070312e-01
2.170093059539794922e-01
2.139512151479721069e-01
2.050181627273559570e-01
2.125579118728637695e-01
1.328662037849426270e-01
1.303981542587280273e-01
1.330992430448532104e-01
1.326408237218856812e-01
1.733001172542572021e-01
1.723930239677429199e-01
1.733105778694152832e-01
1.747788041830062866e-01
2.091273069381713867e-01
2.084052115678787231e-01
2.064768821001052856e-01
2.100162655115127563e-01
1.361480802297592163e-01
1.375615298748016357e-01
1.384703665971755981e-01
1.374558508396148682e-01
1.729516088962554932e-01
1.782128810882568359e-01
1.911714971065521240e-01
1.852537393569946289e-01
2.068189233541488647e-01
2.158220410346984863e-01
2.350498884916305542e-01
2.285700887441635132e-01
1.439834833145141602e-01
1.461323201656341553e-01
1.451477706432342529e-01
1.442174464464187622e-01
1.999659538269042969e-01
2.074332684278488159e-01
2.159424722194671631e-01
2.085761576890945435e-01
2.414853721857070923e-01
2.526663541793823242e-01
2.690675258636474609e-01
2.561968863010406494e-01
1.522883325815200806e-01
1.527734994888305664e-01
1.547512561082839966e-01
1.569131910800933838e-01
2.156711071729660034e-01
2.160916924476623535e-01
2.261620908975601196e-01
2.287962883710861206e-01
2.698327302932739258e-01
2.606267929077148438e-01
2.774916291236877441e-01
2.850396335124969482e-01
1.347040832042694092e-01
1.288816928863525391e-01
1.267835348844528198e-01
1.355112493038177490e-01
1.864753663539886475e-01
1.896920204162597656e-01
1.878414452075958252e-01
1.842443197965621948e-01
2.288564145565032959e-01
2.367073744535446167e-01
2.371501326560974121e-01
2.264887988567352295e-01
1.261443793773651123e-01
1.273899674415588379e-01
1.306804418563842773e-01
1.275633871555328369e-01
1.848030388355255127e-01
1.858736127614974976e-01
1.903396397829055786e-01
1.895856857299804688e-01
2.357968837022781372e-01
2.279046177864074707e-01
2.288192361593246460e-01
2.371552288532257080e-01
1.358937919139862061e-01
1.351916193962097168e-01
1.378260403871536255e-01
1.360141336917877197e-01
1.876288056373596191e-01
1.815935671329498291e-01
1.765571683645248413e-01
1.819203197956085205e-01
2.243550419807434082e-01
2.178514003753662109e-01
2.072919756174087524e-01
2.175783067941665649e-01
1.355086565017700195e-01
1.362226456403732300e-01
1.336121559143066406e-01
1.327550262212753296e-01
1.767186969518661499e-01
1.771253347396850586e-01
1.746689677238464355e-01
1.786234676837921143e-01
2.129833698272705078e-01
2.157091051340103149e-01
2.106069177389144897e-01
2.158340215682983398e-01
1.354883462190628052e-01
1.377482414245605469e-01
1.393066048622131348e-01
1.365463882684707642e-01
1.800419390201568604e-01
1.844974011182785034e-01
1.896347850561141968e-01
1.853338778018951416e-01
2.176669538021087646e-01
2.284833192825317383e-01
2.335823774337768555e-01
2.242871671915054321e-01
1.463806778192520142e-01
1.494933515787124634e-01
1.466767191886901855e-01
1.468230634927749634e-01
2.046917527914047241e-01
2.129075229167938232e-01
2.123378813266754150e-01
2.066221684217453003e-01
2.453352659940719604e-01
2.626712024211883545e-01
2.650928497314453125e-01
2.464222908020019531e-01
1.520610153675079346e-01
1.552183628082275391e-01
1.557308733463287354e-01
1.575135439634323120e-01
2.173823416233062744e-01
2.286599129438400269e-01
2.273094505071640015e-01
2.237856090068817139e-01
2.727916836738586426e-01
2.791681289672851562e-01
2.770407795906066895e-01
2.729409933090209961e-01
1.416696459054946899e-01
1.374576985836029053e-01
1.314097940921783447e-01
1.391672492027282715e-01
1.934199482202529907e-01
1.914432495832443237e-01
1.795614063739776611e-01
1.810580492019653320e-01
2.271331250667572021e-01
2.329542785882949829e-01
2.242908030748367310e-01
2.186136245727539062e-01
1.274965554475784302e-01
1.315923631191253662e-01
1.314233988523483276e-01
1.327315270900726318e-01
1.818242073059082031e-01
1.863087415695190430e-01
1.838125288486480713e-01
1.809910535812377930e-01
2.305609732866287231e-01
2.308400869369506836e-01
2.268465310335159302e-01
2.253199070692062378e-01
1.334309726953506470e-01
1.338438987731933594e-01
1.332271397113800049e-01
1.349897235631942749e-01
1.753427386283874512e-01
1.757390946149826050e-01
1.751916408538818359e-01
1.783647984266281128e-01
2.150132805109024048e-01
2.145376652479171753e-01
2.112040966749191284e-01
2.131488919258117676e-01
1.321218013763427734e-01
1.333148181438446045e-01
1.298831254243850708e-01
1.305481493473052979e-01
1.752845346927642822e-01
1.756417453289031982e-01
1.729591935873031616e-01
1.755026876926422119e-01
2.122556269168853760e-01
2.196878641843795776e-01
2.125641554594039917e-01
2.096892446279525757e-01
1.337022483348846436e-01
1.349864900112152100e-01
1.370884776115417480e-01
1.342138350009918213e-01
1.773884445428848267e-01
1.840212196111679077e-01
1.845097243785858154e-01
1.804426014423370361e-01
2.183424532413482666e-01
2.280578613281250000e-01
2.259672880172729492e-01
2.133350968360900879e-01
1.431068927049636841e-01
1.452879458665847778e-01
1.408527195453643799e-01
1.403515189886093140e-01
1.967972368001937866e-01
2.064956724643707275e-01
2.008095085620880127e-01
1.871335506439208984e-01
2.344209998846054077e-01
2.512178421020507812e-01
2.432844489812850952e-01
2.240613698959350586e-01
1.422378867864608765e-01
1.498107612133026123e-01
1.437713950872421265e-01
1.386158019304275513e-01
2.024806588888168335e-01
2.154398560523986816e-01
2.062097787857055664e-01
1.950379014015197754e-01
2.478622794151306152e-01
2.634521722793579102e-01
2.570715546607971191e-01
2.472163587808609009e-01
1.364000290632247925e-01
1.345459818840026855e-01
1.282386481761932373e-01
1.322573572397232056e-01
1.854349672794342041e-01
1.856621801853179932e-01
1.795280724763870239e-01
1.779394447803497314e-01
2.183342278003692627e-01
2.260095179080963135e-01
2.218693643808364868e-01
2.120269834995269775e-01
1.216624230146408081e-01
1.271686553955078125e-01
1.259443908929824829e-01
1.235767900943756104e-01
1.757957339286804199e-01
1.797824651002883911e-01
1.787469089031219482e-01
1.770081222057342529e-01
2.232298552989959717e-01
2.213087230920791626e-01
2.185162752866744995e-01
2.206911742687225342e-01
1.282083541154861450e-01
1.314177811145782471e-01
1.336432099342346191e-01
1.320885717868804932e-01
1.748048961162567139e-01
1.751806586980819702e-01
1.741279959678649902e-01
1.752625405788421631e-01
2.143610268831253052e-01
2.115665078163146973e-01
2.055493146181106567e-01
2.077622711658477783e-01
1.344764530658721924e-01
1.352544873952865601e-01
1.355875879526138306e-01
1.356436908245086670e-01
1.751140356063842773e-01
1.790347993373870850e-01
1.753800809383392334e-01
1.749446839094161987e-01
2.088061571121215820e-01
2.109832465648651123e-01
2.074442952871322632e-01
2.053327560424804688e-01
1.354278028011322021e-01
1.351399719715118408e-01
1.360351145267486572e-01
1.348836272954940796e-01
1.788220852613449097e-01
1.815838813781738281e-01
1.811131536960601807e-01
1.785710602998733521e-01
2.099168896675109863e-01
2.152026295661926270e-01
2.203491479158401489e-01
2.098024636507034302e-01
1.346290707588195801e-01
1.355225741863250732e-01
1.275716572999954224e-01
1.322856545448303223e-01
1.814406365156173706e-01
1.848583668470382690e-01
1.803280115127563477e-01
1.779072433710098267e-01
2.165029048919677734e-01
2.259430736303329468e-01
2.270269393920898438e-01
2.184967249631881714e-01
1.205868348479270935e-01
1.270163059234619141e-01
1.257991641759872437e-01
1.227599829435348511e-01
1.744866818189620972e-01
1.864730566740036011e-01
1.858986318111419678e-01
1.791505962610244751e-01
2.267569154500961304e-01
2.359903156757354736e-01
2.368508726358413696e-01
2.299501746892929077e-01
1.324050128459930420e-01
1.291287988424301147e-01
1.243531033396720886e-01
1.287072151899337769e-01
1.753765642642974854e-01
1.743370145559310913e-01
1.703457981348037720e-01
1.734834462404251099e-01
2.156063616275787354e-01
2.169738858938217163e-01
2.160115987062454224e-01
2.156445086002349854e-01
1.208115518093109131e-01
1.226854920387268066e-01
1.236276552081108093e-01
1.227558553218841553e-01
1.693134605884552002e-01
1.722896546125411987e-01
1.719757318496704102e-01
1.695863157510757446e-01
2.174027562141418457e-01
2.205196917057037354e-01
2.098475098609924316e-01
2.120541036128997803e-01
1.272868216037750244e-01
1.307335793972015381e-01
1.315518319606781006e-01
1.298417150974273682e-01
1.695280522108078003e-01
1.693054139614105225e-01
1.701494753360748291e-01
1.694757342338562012e-01
2.058417201042175293e-01
2.042564302682876587e-01
1.986105442047119141e-01
2.008077353239059448e-01
1.333892941474914551e-01
1.356101781129837036e-01
1.357941031455993652e-01
1.334369927644729614e-01
1.698588579893112183e-01
1.727651953697204590e-01
1.741060316562652588e-01
1.714050918817520142e-01
2.049783319234848022e-01
2.045202255249023438e-01
2.052315771579742432e-01
2.059490382671356201e-01
1.353157162666320801e-01
1.356517076492309570e-01
1.342592090368270874e-01
1.333843469619750977e-01
1.728889048099517822e-01
1.780901253223419189e-01
1.835630685091018677e-01
1.795660704374313354e-01
2.013541311025619507e-01
2.119717448949813843e-01
2.200016528367996216e-01
2.126476913690567017e-01
1.317686140537261963e-01
1.296707540750503540e-01
1.278855651617050171e-01
1.294940263032913208e-01
1.804569363594055176e-01
1.793548017740249634e-01
1.786601394414901733e-01
1.813072860240936279e-01
2.218564003705978394e-01
2.200018614530563354e-01
2.232163250446319580e-01
2.268641442060470581e-01
1.237048506736755371e-01
1.228102743625640869e-01
1.252136230468750000e-01
1.245851889252662659e-01
1.747663021087646484e-01
1.776856780052185059e-01
1.787989139556884766e-01
1.807775646448135376e-01
2.310965359210968018e-01
2.293993085622787476e-01
2.254430353641510010e-01
2.287746816873550415e-01
1.297066211700439453e-01
1.273957490921020508e-01
1.257773786783218384e-01
1.276213675737380981e-01
1.799750924110412598e-01
1.753297299146652222e-01
1.790217608213424683e-01
1.824520230293273926e-01
2.152185738086700439e-01
2.183170914649963379e-01
2.235489934682846069e-01
2.219802141189575195e-01
1.243007183074951172e-01
1.265740692615509033e-01
1.283345818519592285e-01
1.268944740295410156e-01
1.752543151378631592e-01
1.754649579524993896e-01
1.768195033073425293e-01
1.785306632518768311e-01
2.234494239091873169e-01
2.197974324226379395e-01
2.100314944982528687e-01
2.122963666915893555e-01
1.292187869548797607e-01
1.287818998098373413e-01
1.270426362752914429e-01
1.275459229946136475e-01
1.755503416061401367e-01
1.697164475917816162e-01
1.598293781280517578e-01
1.655476242303848267e-01
2.109483480453491211e-01
2.019444108009338379e-01
1.871107071638107300e-01
1.968625485897064209e-01
1.258703768253326416e-01
1.284091621637344360e-01
1.270959228277206421e-01
1.247577294707298279e-01
1.642309576272964478e-01
1.633333861827850342e-01
1.565758734941482544e-01
1.614295691251754761e-01
1.932609677314758301e-01
1.922014653682708740e-01
1.835756003856658936e-01
1.933027356863021851e-01
1.317868083715438843e-01
1.337075680494308472e-01
1.355379968881607056e-01
1.332617402076721191e-01
1.650573313236236572e-01
1.746068894863128662e-01
1.760184615850448608e-01
1.692489683628082275e-01
1.928893923759460449e-01
2.045590430498123169e-01
2.041776329278945923e-01
1.950810849666595459e-01
1.382140964269638062e-01
1.348396241664886475e-01
1.367369741201400757e-01
1.369833350181579590e-01
1.834184825420379639e-01
1.872340142726898193e-01
1.910637319087982178e-01
1.874468028545379639e-01
2.150220274925231934e-01
2.294375598430633545e-01
2.245818078517913818e-01
2.173008769750595093e-01
1.380965709686279297e-01
1.366121917963027954e-01
1.388335824012756348e-01
1.384728252887725830e-01
1.882415860891342163e-01
1.892348378896713257e-01
1.922158151865005493e-01
1.952968239784240723e-01
2.308753132820129395e-01
2.376905828714370728e-01
2.295253276824951172e-01
2.257704436779022217e-01
