-7.734687924385070801e-01
-7.815123796463012695e-01
-8.100095391273498535e-01
-8.021156787872314453e-01
-3.873274922370910645e-01
-4.258731603622436523e-01
-3.905432522296905518e-01
-3.478968739509582520e-01
-7.867282629013061523e-02
-1.637805402278900146e-01
-4.699727892875671387e-02
1.392385363578796387e-02
-8.643442392349243164e-01
-8.566040992736816406e-01
-8.696013689041137695e-01
-8.579338192939758301e-01
-4.652632176876068115e-01
-5.044200420379638672e-01
-5.210582017898559570e-01
-4.676604866981506348e-01
-8.257526159286499023e-02
-2.344455122947692871e-01
-2.533263564109802246e-01
-1.224358677864074707e-01
-8.833999633789062500e-01
-8.931999802589416504e-01
-8.674843311309814453e-01
-8.611108660697937012e-01
-5.309223532676696777e-01
-5.855936408042907715e-01
-6.101482510566711426e-01
-5.599638223648071289e-01
-2.385601997375488281e-01
-3.197059631347656250e-01
-4.092857539653778076e-01
-3.255617916584014893e-01
-8.666964769363403320e-01
-8.933201432228088379e-01
-8.479855060577392578e-01
-8.303139209747314453e-01
-5.836471319198608398e-01
-6.001228690147399902e-01
-5.579580664634704590e-01
-5.347137451171875000e-01
-4.065806269645690918e-01
-4.170620441436767578e-01
-3.703671991825103760e-01
-3.347017765045166016e-01
-8.480949401855468750e-01
-8.684873580932617188e-01
-8.256222605705261230e-01
-8.285738229751586914e-01
-5.581274032592773438e-01
-5.948756337165832520e-01
-5.071082115173339844e-01
-4.928174614906311035e-01
-3.928207457065582275e-01
-4.330762624740600586e-01
-2.919189929962158203e-01
-2.604259550571441650e-01
-8.502785563468933105e-01
-8.839813470840454102e-01
-8.807817697525024414e-01
-8.880917429924011230e-01
-5.425208210945129395e-01
-5.989291667938232422e-01
-5.681645274162292480e-01
-5.347014665603637695e-01
-3.363558053970336914e-01
-4.221601784229278564e-01
-3.366407752037048340e-01
-2.551229596138000488e-01
-9.413137435913085938e-01
-9.603898525238037109e-01
-9.569283723831176758e-01
-9.609473347663879395e-01
-6.591842770576477051e-01
-7.268952131271362305e-01
-6.898761987686157227e-01
-6.282444000244140625e-01
-4.322775304317474365e-01
-5.795547962188720703e-01
-4.865282475948333740e-01
-3.389402627944946289e-01
-7.936586737632751465e-01
-8.345019817352294922e-01
-8.556841015815734863e-01
-8.271833658218383789e-01
-3.441318869590759277e-01
-3.941624164581298828e-01
-4.201164841651916504e-01
-3.561305999755859375e-01
5.377548933029174805e-02
-5.574989318847656250e-02
-5.343639850616455078e-02
1.148465275764465332e-02
-8.655806183815002441e-01
-8.717960119247436523e-01
-8.754371404647827148e-01
-8.736513257026672363e-01
-4.810261428356170654e-01
-4.991196691989898682e-01
-5.441929101943969727e-01
-5.218967795372009277e-01
-1.004234552383422852e-01
-1.728697121143341064e-01
-2.586820125579833984e-01
-1.910620033740997314e-01
-8.439482450485229492e-01
-8.431439399719238281e-01
-8.353260755538940430e-01
-8.387076258659362793e-01
-5.230966210365295410e-01
-5.269203782081604004e-01
-5.694305300712585449e-01
-5.697050094604492188e-01
-2.528778910636901855e-01
-2.625740468502044678e-01
-3.695957660675048828e-01
-3.311256170272827148e-01
-8.341020345687866211e-01
-8.304688930511474609e-01
-8.310896158218383789e-01
-8.392279148101806641e-01
-5.385025143623352051e-01
-5.239029526710510254e-01
-5.299276113510131836e-01
-5.295316576957702637e-01
-3.140479028224945068e-01
-3.046844601631164551e-01
-3.095909059047698975e-01
-2.869198024272918701e-01
-8.250169157981872559e-01
-8.125472068786621094e-01
-8.279742002487182617e-01
-8.332198858261108398e-01
-5.267837047576904297e-01
-5.046640038490295410e-01
-5.043655633926391602e-01
-5.268788337707519531e-01
-3.218135535717010498e-01
-2.785736620426177979e-01
-2.491562515497207642e-01
-2.884045243263244629e-01
-8.303132653236389160e-01
-8.564137220382690430e-01
-8.767703771591186523e-01
-8.578312397003173828e-01
-5.152689814567565918e-01
-5.527936220169067383e-01
-5.506390929222106934e-01
-5.248692035675048828e-01
-2.789554595947265625e-01
-2.898199558258056641e-01
-2.406042814254760742e-01
-2.474654912948608398e-01
-8.929923772811889648e-01
-9.130128622055053711e-01
-8.883844614028930664e-01
-8.663638234138488770e-01
-6.169345378875732422e-01
-6.430594325065612793e-01
-5.754249095916748047e-01
-5.309973955154418945e-01
-2.980821728706359863e-01
-4.046828150749206543e-01
-3.202830255031585693e-01
-2.383374124765396118e-01
-8.002562522888183594e-01
-8.157336711883544922e-01
-8.480113148689270020e-01
-8.038737773895263672e-01
-3.449667394161224365e-01
-3.833771944046020508e-01
-4.466916024684906006e-01
-4.167900383472442627e-01
5.474606156349182129e-02
-1.394098997116088867e-02
-9.135121107101440430e-02
-6.895789504051208496e-02
-8.693139553070068359e-01
-8.559969663619995117e-01
-8.394616842269897461e-01
-8.545318245887756348e-01
-5.230079293251037598e-01
-5.199659466743469238e-01
-5.074689388275146484e-01
-5.029995441436767578e-01
-1.743168532848358154e-01
-2.059928178787231445e-01
-2.115045785903930664e-01
-1.882794797420501709e-01
-8.666279315948486328e-01
-8.686462640762329102e-01
-8.692701458930969238e-01
-8.723236918449401855e-01
-5.759957432746887207e-01
-5.668794512748718262e-01
-5.466504693031311035e-01
-5.740219950675964355e-01
-3.149119615554809570e-01
-3.029919266700744629e-01
-2.591345906257629395e-01
-2.941391170024871826e-01
-9.185902476310729980e-01
-9.030454158782958984e-01
-9.163311719894409180e-01
-9.370359182357788086e-01
-5.969610810279846191e-01
-5.898596644401550293e-01
-5.815854668617248535e-01
-5.896580815315246582e-01
-2.989073097705841064e-01
-2.847885489463806152e-01
-2.685902118682861328e-01
-2.791831493377685547e-01
-8.934988975524902344e-01
-8.763252496719360352e-01
-8.853819370269775391e-01
-9.101902246475219727e-01
-5.655739903450012207e-01
-5.525033473968505859e-01
-5.477040410041809082e-01
-5.887609124183654785e-01
-2.680568397045135498e-01
-2.710364162921905518e-01
-2.579817175865173340e-01
-2.939038276672363281e-01
-8.674408197402954102e-01
-8.641157150268554688e-01
-8.791189193725585938e-01
-8.874069452285766602e-01
-4.994237422943115234e-01
-5.181649923324584961e-01
-5.194771885871887207e-01
-5.196310281753540039e-01
-1.936209499835968018e-01
-2.337064594030380249e-01
-2.166895866394042969e-01
-2.126568257808685303e-01
-8.487137556076049805e-01
-8.253062963485717773e-01
-8.177731037139892578e-01
-8.320411443710327148e-01
-4.818042814731597900e-01
-4.630646407604217529e-01
-4.213510453701019287e-01
-4.358945786952972412e-01
-1.534240841865539551e-01
-2.205462455749511719e-01
-1.482468247413635254e-01
-9.160348773002624512e-02
-7.797163724899291992e-01
-8.067230582237243652e-01
-8.486444950103759766e-01
-8.062216043472290039e-01
-3.135363161563873291e-01
-3.380739688873291016e-01
-4.161416888236999512e-01
-3.985213041305541992e-01
3.714758157730102539e-02
-1.921415328979492188e-02
-8.363273739814758301e-02
-6.976932287216186523e-02
-8.926969766616821289e-01
-8.735575079917907715e-01
-8.659855127334594727e-01
-8.637552857398986816e-01
-4.786363542079925537e-01
-5.072521567344665527e-01
-5.037494301795959473e-01
-4.741854667663574219e-01
-1.086375713348388672e-01
-1.842083930969238281e-01
-1.939638257026672363e-01
-1.098116040229797363e-01
-8.707140684127807617e-01
-8.816503882408142090e-01
-8.821206092834472656e-01
-8.698349595069885254e-01
-5.310808420181274414e-01
-5.866082906723022461e-01
-5.974287390708923340e-01
-5.552013516426086426e-01
-2.534026801586151123e-01
-2.961699068546295166e-01
-3.101967871189117432e-01
-2.864234447479248047e-01
-9.045112133026123047e-01
-9.199564456939697266e-01
-9.027882814407348633e-01
-8.906098008155822754e-01
-5.962959527969360352e-01
-6.136598587036132812e-01
-5.915931463241577148e-01
-5.650804042816162109e-01
-2.871380448341369629e-01
-2.982324957847595215e-01
-3.059941530227661133e-01
-2.647663354873657227e-01
-8.673067092895507812e-01
-8.843801021575927734e-01
-8.628950715065002441e-01
-8.592700362205505371e-01
-5.866215229034423828e-01
-5.919579267501831055e-01
-5.436690449714660645e-01
-5.456229448318481445e-01
-2.984271049499511719e-01
-2.860191166400909424e-01
-2.520238757133483887e-01
-2.879996597766876221e-01
-8.481056690216064453e-01
-8.710728883743286133e-01
-8.638820648193359375e-01
-8.490281701087951660e-01
-4.669255614280700684e-01
-4.998261928558349609e-01
-4.723114073276519775e-01
-4.859550297260284424e-01
-1.741544306278228760e-01
-1.736601591110229492e-01
-1.467590034008026123e-01
-1.641090512275695801e-01
-8.275165557861328125e-01
-8.106536269187927246e-01
-7.877544164657592773e-01
-8.052104711532592773e-01
-4.204398691654205322e-01
-3.743793368339538574e-01
-3.365002870559692383e-01
-3.790725469589233398e-01
-9.871941804885864258e-02
-6.525069475173950195e-02
-4.027456045150756836e-03
-1.395758986473083496e-02
-7.872268557548522949e-01
-8.074321746826171875e-01
-8.491816520690917969e-01
-8.103986978530883789e-01
-3.430095613002777100e-01
-3.794954419136047363e-01
-4.438418745994567871e-01
-4.226898849010467529e-01
2.201199531555175781e-03
-3.886407613754272461e-02
-1.129752695560455322e-01
-1.135646104812622070e-01
-8.960014581680297852e-01
-8.829911947250366211e-01
-8.627361059188842773e-01
-8.757933378219604492e-01
-5.094027519226074219e-01
-5.002210140228271484e-01
-5.150433778762817383e-01
-4.976515173912048340e-01
-1.211082339286804199e-01
-1.777868866920471191e-01
-2.449717670679092407e-01
-1.515291929244995117e-01
-8.456404209136962891e-01
-8.473244309425354004e-01
-8.461412191390991211e-01
-8.427637815475463867e-01
-5.284249782562255859e-01
-5.489923357963562012e-01
-5.840456485748291016e-01
-5.729809999465942383e-01
-2.752925455570220947e-01
-2.885090708732604980e-01
-3.494888544082641602e-01
-3.621871471405029297e-01
-8.560416698455810547e-01
-8.532319068908691406e-01
-8.427338600158691406e-01
-8.476849794387817383e-01
-5.682932138442993164e-01
-5.570247769355773926e-01
-5.384930968284606934e-01
-5.151814222335815430e-01
-2.857879996299743652e-01
-2.994622588157653809e-01
-2.895544767379760742e-01
-2.665794193744659424e-01
-8.072934150695800781e-01
-8.010189533233642578e-01
-7.880493402481079102e-01
-8.074673414230346680e-01
-5.359693169593811035e-01
-4.990806281566619873e-01
-4.674803316593170166e-01
-5.117858052253723145e-01
-3.149331808090209961e-01
-2.713606953620910645e-01
-2.058775722980499268e-01
-2.626641094684600830e-01
-8.153398036956787109e-01
-8.105126619338989258e-01
-8.565807938575744629e-01
-8.346909284591674805e-01
-4.461776912212371826e-01
-4.420818090438842773e-01
-4.661815166473388672e-01
-4.770788848400115967e-01
-1.836519837379455566e-01
-1.384093761444091797e-01
-1.185293793678283691e-01
-1.763901114463806152e-01
-8.446817398071289062e-01
-7.985167503356933594e-01
-7.854472398757934570e-01
-8.281161785125732422e-01
-4.658414125442504883e-01
-3.844110369682312012e-01
-3.561542630195617676e-01
-4.126411080360412598e-01
-1.089586019515991211e-01
-7.964554429054260254e-02
-8.132129907608032227e-03
-2.509027719497680664e-02
-7.908163070678710938e-01
-8.240844011306762695e-01
-8.640358448028564453e-01
-8.334672451019287109e-01
-3.309521079063415527e-01
-3.934746682643890381e-01
-4.473185241222381592e-01
-3.778247237205505371e-01
4.772296547889709473e-02
-1.082435250282287598e-02
-2.754467725753784180e-02
-1.054438948631286621e-02
-9.243910908699035645e-01
-9.007798433303833008e-01
-8.888329267501831055e-01
-9.086567163467407227e-01
-5.203957557678222656e-01
-5.484557747840881348e-01
-5.295912027359008789e-01
-5.096465349197387695e-01
-9.095531702041625977e-02
-1.860606968402862549e-01
-2.453346550464630127e-01
-1.349157094955444336e-01
-8.745855093002319336e-01
-8.730798959732055664e-01
-8.863226175308227539e-01
-9.032944440841674805e-01
-5.769045352935791016e-01
-5.903204679489135742e-01
-6.118296384811401367e-01
-6.362396478652954102e-01
-3.004022240638732910e-01
-3.178380131721496582e-01
-3.789008557796478271e-01
-3.893451094627380371e-01
-9.246500134468078613e-01
-8.996213674545288086e-01
-9.110666513442993164e-01
-9.206342697143554688e-01
-5.922873616218566895e-01
-5.501151680946350098e-01
-5.861108899116516113e-01
-6.183277368545532227e-01
-2.982369065284729004e-01
-2.801256477832794189e-01
-2.993131875991821289e-01
-3.319460749626159668e-01
-8.359007835388183594e-01
-8.181929588317871094e-01
-7.952421903610229492e-01
-8.337376713752746582e-01
-5.650095939636230469e-01
-5.109857320785522461e-01
-4.768379628658294678e-01
-5.445390939712524414e-01
-3.421190679073333740e-01
-2.674641907215118408e-01
-2.047834098339080811e-01
-2.747299075126647949e-01
-8.163483142852783203e-01
-8.355815410614013672e-01
-8.598539233207702637e-01
-8.609194755554199219e-01
-4.495024085044860840e-01
-4.148605465888977051e-01
-4.281154572963714600e-01
-4.775823056697845459e-01
-1.778600215911865234e-01
-8.035799860954284668e-02
-4.898840188980102539e-02
-1.626842021942138672e-01
-8.908498287200927734e-01
-8.615442514419555664e-01
-8.607884645462036133e-01
-8.799976110458374023e-01
-4.770115017890930176e-01
-4.392510354518890381e-01
-4.178641438484191895e-01
-4.279305636882781982e-01
-3.941696882247924805e-02
-3.911414742469787598e-02
-4.343354701995849609e-02
-5.589574575424194336e-02
-7.130277156829833984e-01
-7.673336267471313477e-01
-7.895990014076232910e-01
-7.406976222991943359e-01
-2.549929022789001465e-01
-3.229679465293884277e-01
-3.028879761695861816e-01
-2.564756870269775391e-01
5.800503492355346680e-02
6.630367040634155273e-02
1.115164160728454590e-01
8.444085717201232910e-02
-8.627260327339172363e-01
-8.886206746101379395e-01
-8.599238395690917969e-01
-8.371394276618957520e-01
-4.280554652214050293e-01
-5.031375885009765625e-01
-4.608054459095001221e-01
-3.566102385520935059e-01
1.435241103172302246e-02
-1.029852330684661865e-01
-1.452744901180267334e-01
-2.150470018386840820e-02
-8.653149008750915527e-01
-9.175817966461181641e-01
-9.213237166404724121e-01
-8.894456624984741211e-01
-5.212808847427368164e-01
-6.312265396118164062e-01
-6.693402528762817383e-01
-5.910373330116271973e-01
-2.252055406570434570e-01
-3.691811263561248779e-01
-4.433471858501434326e-01
-3.263185024261474609e-01
-9.779324531555175781e-01
-9.673717021942138672e-01
-9.835481643676757812e-01
-9.848713874816894531e-01
-6.455548405647277832e-01
-6.601797342300415039e-01
-7.002384662628173828e-01
-6.810228228569030762e-01
-3.735579848289489746e-01
-3.725439608097076416e-01
-4.358347356319427490e-01
-4.055442810058593750e-01
-9.242178201675415039e-01
-8.913851976394653320e-01
-8.592681884765625000e-01
-9.040127992630004883e-01
-6.577420830726623535e-01
-6.146129369735717773e-01
-5.397725105285644531e-01
-5.866155624389648438e-01
-4.048594534397125244e-01
-3.636145293712615967e-01
-2.880670428276062012e-01
-3.004250526428222656e-01
-8.007957935333251953e-01
-8.193726539611816406e-01
-8.014870882034301758e-01
-8.273874521255493164e-01
-4.602921009063720703e-01
-4.387480020523071289e-01
-3.838757276535034180e-01
-4.385472536087036133e-01
-2.023068964481353760e-01
-9.307637810707092285e-02
-6.763410568237304688e-02
-1.818808615207672119e-01
-8.089328408241271973e-01
-8.283967375755310059e-01
-7.970196008682250977e-01
-8.102451562881469727e-01
-3.995203971862792969e-01
-3.991189301013946533e-01
-3.691418170928955078e-01
-3.839703798294067383e-01
-4.053679108619689941e-02
1.085752248764038086e-02
-6.269970536231994629e-02
-1.164149940013885498e-01
