-1.472776174545288086e+00
-1.555679559707641602e+00
-1.979046821594238281e+00
-1.821141958236694336e+00
2.583997488021850586e+00
2.381583929061889648e+00
1.782883286476135254e+00
2.123810529708862305e+00
5.763657093048095703e+00
5.269826889038085938e+00
4.912072181701660156e+00
5.168434619903564453e+00
-2.528436899185180664e+00
-2.329805850982666016e+00
-2.589700222015380859e+00
-2.656052827835083008e+00
1.034535527229309082e+00
5.086785554885864258e-01
-1.697031557559967041e-01
6.227398514747619629e-01
4.504228591918945312e+00
2.894512414932250977e+00
1.614825367927551270e+00
3.395441532135009766e+00
-2.787649631500244141e+00
-3.064641714096069336e+00
-3.193183660507202148e+00
-2.933910846710205078e+00
-4.442408680915832520e-01
-1.219677090644836426e+00
-1.838764190673828125e+00
-9.851887822151184082e-01
1.771858096122741699e+00
4.848121404647827148e-01
-6.427257061004638672e-01
6.766587495803833008e-01
-3.282892704010009766e+00
-3.423503637313842773e+00
-3.054322481155395508e+00
-2.877097845077514648e+00
-1.496307253837585449e+00
-1.535285711288452148e+00
-1.459748744964599609e+00
-1.330492019653320312e+00
-5.841571092605590820e-02
1.049539446830749512e-01
-1.362886428833007812e-01
-1.415676176548004150e-01
-2.669299602508544922e+00
-2.665279626846313477e+00
-2.256374597549438477e+00
-2.377194166183471680e+00
-1.527727603912353516e+00
-1.036745309829711914e+00
-3.222010731697082520e-01
-9.514962434768676758e-01
-6.494721174240112305e-01
4.150086045265197754e-01
1.158460140228271484e+00
4.763936996459960938e-02
-2.377264261245727539e+00
-2.537731409072875977e+00
-2.712089061737060547e+00
-2.807651042938232422e+00
-5.665993690490722656e-01
-4.257476329803466797e-01
-2.034345865249633789e-01
-5.379936695098876953e-01
6.077200174331665039e-01
1.492937445640563965e+00
2.265901327133178711e+00
1.380768299102783203e+00
-3.313961982727050781e+00
-2.973020792007446289e+00
-3.236286163330078125e+00
-3.642999410629272461e+00
-1.614005565643310547e-01
8.862190246582031250e-01
4.432886540889739990e-01
-3.562616109848022461e-01
2.584163427352905273e+00
3.723965644836425781e+00
3.723716020584106445e+00
2.756973981857299805e+00
-1.630492329597473145e+00
-1.957503080368041992e+00
-2.497703790664672852e+00
-1.981437802314758301e+00
1.805073380470275879e+00
1.173812866210937500e+00
3.678019642829895020e-01
1.299280762672424316e+00
5.061006546020507812e+00
4.069648742675781250e+00
3.167567729949951172e+00
3.975750207901000977e+00
-2.967924594879150391e+00
-2.908020973205566406e+00
-2.922245264053344727e+00
-2.855314254760742188e+00
-5.190910100936889648e-01
-4.780665636062622070e-01
-5.127505064010620117e-01
-2.817110121250152588e-01
2.298414468765258789e+00
1.803691506385803223e+00
1.554175972938537598e+00
2.510842561721801758e+00
-2.885120153427124023e+00
-2.891838073730468750e+00
-2.832605838775634766e+00
-2.851865768432617188e+00
-8.318500518798828125e-01
-7.964302301406860352e-01
-9.457670450210571289e-01
-9.962192773818969727e-01
1.004715800285339355e+00
1.138104915618896484e+00
4.910758435726165771e-01
6.808140277862548828e-01
-2.575097799301147461e+00
-2.493168115615844727e+00
-2.437511920928955078e+00
-2.614775180816650391e+00
-6.231120824813842773e-01
-6.159675121307373047e-01
-5.500182509422302246e-01
-5.455551743507385254e-01
8.726608753204345703e-01
8.144017457962036133e-01
7.129445075988769531e-01
8.941547870635986328e-01
-2.143801689147949219e+00
-2.109931945800781250e+00
-2.193606376647949219e+00
-2.219996929168701172e+00
-6.581419706344604492e-01
-6.511957645416259766e-01
-2.105139940977096558e-01
-3.201158940792083740e-01
3.899801671504974365e-01
4.822366535663604736e-01
1.140250444412231445e+00
1.038702607154846191e+00
-2.752252578735351562e+00
-3.150046825408935547e+00
-3.579607963562011719e+00
-3.198032379150390625e+00
-6.758586764335632324e-01
-1.098897933959960938e+00
-1.456369876861572266e+00
-1.097794294357299805e+00
6.123223304748535156e-01
8.783503174781799316e-01
1.016420602798461914e+00
6.551741957664489746e-01
-4.140115737915039062e+00
-4.053586006164550781e+00
-4.111329555511474609e+00
-4.027211189270019531e+00
-1.757033586502075195e+00
-1.311508893966674805e+00
-1.421399235725402832e+00
-1.531204223632812500e+00
1.189563751220703125e+00
1.860316514968872070e+00
1.638943076133728027e+00
9.554829001426696777e-01
-2.242186307907104492e+00
-2.457807540893554688e+00
-3.141153097152709961e+00
-2.627221345901489258e+00
1.420364856719970703e+00
9.488922953605651855e-01
-1.352156102657318115e-01
5.738890171051025391e-01
4.694165229797363281e+00
3.574041604995727539e+00
2.726672649383544922e+00
3.745840072631835938e+00
-3.403706550598144531e+00
-3.144104003906250000e+00
-2.973593235015869141e+00
-3.159917831420898438e+00
-6.425610780715942383e-01
-4.983814656734466553e-01
-4.130733907222747803e-01
-3.188959360122680664e-01
2.066549539566040039e+00
1.772474408149719238e+00
1.693084478378295898e+00
2.295042753219604492e+00
-2.640073537826538086e+00
-2.695737600326538086e+00
-2.458634138107299805e+00
-2.582671642303466797e+00
-7.969717979431152344e-01
-4.566690921783447266e-01
-4.525797665119171143e-01
-1.017515301704406738e+00
7.695061564445495605e-01
1.339342594146728516e+00
1.137361526489257812e+00
5.046495199203491211e-01
-2.650341272354125977e+00
-2.729833602905273438e+00
-2.804623126983642578e+00
-2.678439855575561523e+00
-3.908740580081939697e-01
-4.397408962249755859e-01
-4.880322813987731934e-01
-4.686092138290405273e-01
1.283317685127258301e+00
1.431120276451110840e+00
1.223648786544799805e+00
1.149689912796020508e+00
-2.616264820098876953e+00
-2.578559398651123047e+00
-2.618380546569824219e+00
-2.659927129745483398e+00
-4.366325736045837402e-01
-8.597974777221679688e-01
-9.368796944618225098e-01
-5.874944925308227539e-01
1.248065233230590820e+00
4.532390832901000977e-01
4.483858644962310791e-01
1.259660482406616211e+00
-2.677103042602539062e+00
-2.983703613281250000e+00
-3.240549802780151367e+00
-2.815555572509765625e+00
-7.739479541778564453e-01
-1.124469637870788574e+00
-1.441316127777099609e+00
-1.122050881385803223e+00
7.929633855819702148e-01
6.278106570243835449e-01
4.389796853065490723e-01
5.396541953086853027e-01
-3.708292007446289062e+00
-3.643517732620239258e+00
-3.585536479949951172e+00
-3.442873954772949219e+00
-1.565404772758483887e+00
-1.091567277908325195e+00
-8.058019876480102539e-01
-9.381189346313476562e-01
6.799166202545166016e-01
1.043030142784118652e+00
1.983498573303222656e+00
1.636204957962036133e+00
-2.633724689483642578e+00
-3.149688959121704102e+00
-3.665726900100708008e+00
-2.958395957946777344e+00
1.203328371047973633e+00
6.181520223617553711e-01
-5.014543533325195312e-01
2.538267970085144043e-01
4.666829109191894531e+00
3.789911508560180664e+00
2.603108882904052734e+00
3.523977041244506836e+00
-3.817579746246337891e+00
-3.448324680328369141e+00
-3.113174200057983398e+00
-3.290190219879150391e+00
-7.091289162635803223e-01
-6.230778694152832031e-01
-5.010461807250976562e-01
-4.747853279113769531e-01
2.425695419311523438e+00
1.837836027145385742e+00
1.487540245056152344e+00
2.312002658843994141e+00
-2.269304275512695312e+00
-2.226803064346313477e+00
-2.146046161651611328e+00
-2.196849107742309570e+00
-5.806133747100830078e-01
-6.868996620178222656e-01
-6.349941492080688477e-01
-7.144294977188110352e-01
1.035655975341796875e+00
1.003869056701660156e+00
6.748306751251220703e-01
5.422493815422058105e-01
-2.392670869827270508e+00
-2.569206237792968750e+00
-2.677523612976074219e+00
-2.521607875823974609e+00
-4.538155496120452881e-01
-4.995847940444946289e-01
-6.942250132560729980e-01
-6.348961591720581055e-01
1.132471323013305664e+00
1.165670871734619141e+00
9.061102867126464844e-01
8.945434689521789551e-01
-2.868743896484375000e+00
-2.845370292663574219e+00
-2.871699810028076172e+00
-2.934374332427978516e+00
-9.963619709014892578e-01
-1.036990165710449219e+00
-9.906216263771057129e-01
-9.033476114273071289e-01
7.916455268859863281e-01
5.292098522186279297e-01
6.391562223434448242e-01
9.307464361190795898e-01
-2.754791259765625000e+00
-2.853773355484008789e+00
-3.065918684005737305e+00
-2.947277545928955078e+00
-6.372517347335815430e-01
-9.531807303428649902e-01
-7.676000595092773438e-01
-6.949081420898437500e-01
9.666930437088012695e-01
6.568595767021179199e-01
1.375268101692199707e+00
1.608201384544372559e+00
-3.148795127868652344e+00
-3.089525222778320312e+00
-2.959002256393432617e+00
-2.967027664184570312e+00
-2.858590483665466309e-01
-1.542651355266571045e-01
5.378620624542236328e-01
5.023634433746337891e-01
1.954149007797241211e+00
2.089953899383544922e+00
3.506935358047485352e+00
3.574182987213134766e+00
-2.407384157180786133e+00
-2.813592433929443359e+00
-3.438781738281250000e+00
-2.784652948379516602e+00
8.553339242935180664e-01
2.157441377639770508e-01
-6.223573088645935059e-01
4.957379698753356934e-01
4.125307559967041016e+00
3.068271398544311523e+00
2.072553396224975586e+00
3.526988267898559570e+00
-3.502060413360595703e+00
-3.035200595855712891e+00
-2.673748731613159180e+00
-3.018839836120605469e+00
-1.157103061676025391e+00
-5.400444269180297852e-01
-1.824426203966140747e-01
-4.196353554725646973e-01
1.463737964630126953e+00
1.670305013656616211e+00
1.690579056739807129e+00
1.846923947334289551e+00
-2.153670310974121094e+00
-2.079059362411499023e+00
-1.995670795440673828e+00
-2.198531627655029297e+00
-5.737420320510864258e-01
-5.702187418937683105e-01
-3.391323983669281006e-01
-4.926642179489135742e-01
7.031316757202148438e-01
5.779850482940673828e-01
9.593243598937988281e-01
8.547095656394958496e-01
-2.322535276412963867e+00
-2.439312696456909180e+00
-2.586752653121948242e+00
-2.497452259063720703e+00
-3.382948040962219238e-01
-5.093163251876831055e-01
-7.073236703872680664e-01
-3.141441643238067627e-01
1.196604490280151367e+00
9.402279257774353027e-01
1.067538976669311523e+00
1.280461311340332031e+00
-2.858879566192626953e+00
-2.878444433212280273e+00
-2.803693294525146484e+00
-2.859844207763671875e+00
-1.027940511703491211e+00
-8.325247764587402344e-01
-7.274088263511657715e-01
-8.953964710235595703e-01
7.389087677001953125e-01
8.737482428550720215e-01
1.037690401077270508e+00
7.957565784454345703e-01
-2.887873888015747070e+00
-2.929639101028442383e+00
-3.064270496368408203e+00
-2.910589218139648438e+00
-3.236953616142272949e-01
-3.717441856861114502e-01
-5.525085330009460449e-01
-5.246508121490478516e-01
1.614168167114257812e+00
1.690679550170898438e+00
1.545460104942321777e+00
1.517803788185119629e+00
-2.668444156646728516e+00
-2.370080947875976562e+00
-2.049130916595458984e+00
-2.298926353454589844e+00
5.397095084190368652e-01
1.050595641136169434e+00
1.220072388648986816e+00
1.068525433540344238e+00
3.209985256195068359e+00
3.619715452194213867e+00
3.952113866806030273e+00
4.011336326599121094e+00
-2.693226337432861328e+00
-3.021295547485351562e+00
-3.557054281234741211e+00
-3.182666778564453125e+00
9.338020086288452148e-01
4.947425127029418945e-01
-1.609231233596801758e-01
9.063619375228881836e-01
4.756576538085937500e+00
4.094430446624755859e+00
3.214567184448242188e+00
4.372284412384033203e+00
-3.439842224121093750e+00
-2.959095001220703125e+00
-2.722147703170776367e+00
-3.145600795745849609e+00
-6.509062647819519043e-01
-5.081638097763061523e-01
-3.364208936691284180e-01
-5.621414780616760254e-01
2.299495220184326172e+00
2.021373271942138672e+00
1.487017154693603516e+00
2.113414049148559570e+00
-2.214810848236083984e+00
-2.248231410980224609e+00
-2.187383651733398438e+00
-2.302675724029541016e+00
-4.661501646041870117e-01
-6.711296439170837402e-01
-5.030010938644409180e-01
-5.570066571235656738e-01
1.061047554016113281e+00
7.078511714935302734e-01
8.679931759834289551e-01
1.091155767440795898e+00
-2.576246023178100586e+00
-2.650356292724609375e+00
-2.631113052368164062e+00
-2.531360626220703125e+00
-3.556849360466003418e-01
-4.735344946384429932e-01
-5.295714139938354492e-01
-2.507675290107727051e-01
1.396846055984497070e+00
1.094601392745971680e+00
1.202703595161437988e+00
1.544001340866088867e+00
-2.513122081756591797e+00
-2.540564060211181641e+00
-2.270571708679199219e+00
-2.357755661010742188e+00
-5.680707693099975586e-01
-6.098220944404602051e-01
-5.480651259422302246e-01
-6.149463057518005371e-01
1.003916025161743164e+00
1.190326094627380371e+00
8.792825937271118164e-01
7.851341366767883301e-01
-2.436928272247314453e+00
-2.635103225708007812e+00
-2.971803426742553711e+00
-2.845281600952148438e+00
-3.104546368122100830e-01
-1.734075844287872314e-01
-5.044920444488525391e-01
-5.928896665573120117e-01
1.484624266624450684e+00
2.105428218841552734e+00
2.042124271392822266e+00
1.405780076980590820e+00
-3.084283590316772461e+00
-2.531034469604492188e+00
-2.687143564224243164e+00
-3.036353588104248047e+00
-3.357405066490173340e-01
9.491665363311767578e-01
1.279951453208923340e+00
5.222939252853393555e-01
2.969392538070678711e+00
4.147218704223632812e+00
4.699540615081787109e+00
3.805199623107910156e+00
-2.344763994216918945e+00
-2.767792463302612305e+00
-2.906949520111083984e+00
-2.357937335968017578e+00
1.372894644737243652e+00
1.351582169532775879e+00
6.999754309654235840e-01
9.807537198066711426e-01
4.278707981109619141e+00
5.169620037078857422e+00
3.493864774703979492e+00
2.924731254577636719e+00
-2.964025020599365234e+00
-2.872460842132568359e+00
-2.646275043487548828e+00
-2.755573034286499023e+00
-1.574210077524185181e-01
-3.468923568725585938e-01
-4.526311159133911133e-01
-8.227935433387756348e-02
2.636735677719116211e+00
2.216927289962768555e+00
1.196204185485839844e+00
1.952478408813476562e+00
-2.518452405929565430e+00
-2.589843034744262695e+00
-2.717990159988403320e+00
-2.662155628204345703e+00
-4.428525567054748535e-01
-8.711512088775634766e-01
-1.154048562049865723e+00
-6.987279653549194336e-01
1.115810394287109375e+00
4.249675273895263672e-01
-3.331302106380462646e-01
6.327239274978637695e-01
-2.825069904327392578e+00
-2.615876197814941406e+00
-2.645531654357910156e+00
-2.747019290924072266e+00
-6.437686085700988770e-01
-3.735061883926391602e-01
-1.054990291595458984e+00
-1.054809570312500000e+00
6.837428212165832520e-01
1.093926429748535156e+00
-3.194866180419921875e-01
-3.395572304725646973e-02
-2.179534912109375000e+00
-2.081629276275634766e+00
-2.007073402404785156e+00
-2.139451265335083008e+00
-9.053124189376831055e-01
-6.021811962127685547e-01
-4.891424775123596191e-01
-6.203843951225280762e-01
-2.591728568077087402e-01
5.267946720123291016e-01
5.894583463668823242e-01
3.195462822914123535e-01
-2.425356864929199219e+00
-2.729650259017944336e+00
-2.802827358245849609e+00
-2.684667825698852539e+00
-6.913005113601684570e-01
-2.940510213375091553e-01
1.903782784938812256e-01
-1.536501199007034302e-01
3.491942584514617920e-01
1.872237801551818848e+00
2.810669422149658203e+00
1.648153781890869141e+00
-3.457915782928466797e+00
-3.441328048706054688e+00
-3.264251708984375000e+00
-3.426198482513427734e+00
-3.199171125888824463e-01
5.223241448402404785e-01
9.017984867095947266e-01
2.317049205303192139e-01
2.543354511260986328e+00
4.416683197021484375e+00
4.209326267242431641e+00
2.626125574111938477e+00
