-1.695277690887451172e-01
-1.769355982542037964e-01
-2.231932282447814941e-01
-2.000550031661987305e-01
3.866219520568847656e-02
9.654566645622253418e-03
-1.109462976455688477e-02
4.982767999172210693e-02
1.983921229839324951e-01
1.674519926309585571e-01
2.080510258674621582e-01
2.505419552326202393e-01
-2.100756317377090454e-01
-1.849651485681533813e-01
-1.814081072807312012e-01
-1.980511844158172607e-01
-2.620619535446166992e-02
-5.176544189453125000e-02
-4.420196264982223511e-02
-1.028954982757568359e-02
1.553788483142852783e-01
7.361173629760742188e-02
6.988082826137542725e-02
1.692544668912887573e-01
-1.392589211463928223e-01
-1.679587066173553467e-01
-1.588231027126312256e-01
-1.379457861185073853e-01
-2.772894501686096191e-02
-6.938701868057250977e-02
-8.105488121509552002e-02
-5.737701058387756348e-02
1.044922173023223877e-01
4.644046723842620850e-02
-2.775901556015014648e-02
8.616760373115539551e-03
-1.926333457231521606e-01
-2.023472636938095093e-01
-1.811468005180358887e-01
-1.687262654304504395e-01
-7.916113734245300293e-02
-1.168460175395011902e-01
-9.083748608827590942e-02
-4.935377836227416992e-02
1.718999445438385010e-02
-1.611754298210144043e-03
-5.212515592575073242e-03
2.242329716682434082e-02
-1.762617528438568115e-01
-1.753610968589782715e-01
-1.545262932777404785e-01
-1.577711403369903564e-01
-1.116116344928741455e-01
-8.664370328187942505e-02
-1.143467426300048828e-02
-3.529968857765197754e-02
-3.712451457977294922e-02
2.725692093372344971e-02
8.800432085990905762e-02
2.813959121704101562e-02
-1.513415277004241943e-01
-1.577518284320831299e-01
-1.626269966363906860e-01
-1.757861822843551636e-01
-2.265904843807220459e-02
-2.305662631988525391e-02
-6.836250424385070801e-03
-1.652216911315917969e-02
6.559215486049652100e-02
8.226980268955230713e-02
1.179905682802200317e-01
1.056073158979415894e-01
-1.873069703578948975e-01
-1.775349676609039307e-01
-1.994927525520324707e-01
-2.064194381237030029e-01
-8.827403187751770020e-03
-3.399622440338134766e-02
-6.267797946929931641e-02
-8.799910545349121094e-03
1.532825380563735962e-01
7.227627933025360107e-02
1.075628697872161865e-01
1.945648044347763062e-01
-1.643710881471633911e-01
-1.912338286638259888e-01
-2.179779410362243652e-01
-1.746449768543243408e-01
5.783616006374359131e-02
1.870568096637725830e-02
-3.221444785594940186e-02
3.057420253753662109e-02
2.822246253490447998e-01
2.011558115482330322e-01
1.735125929117202759e-01
2.452180385589599609e-01
-2.048283517360687256e-01
-1.962118893861770630e-01
-1.768764853477478027e-01
-1.795924454927444458e-01
-5.638318508863449097e-02
-3.275632858276367188e-02
-2.344380319118499756e-02
-2.695588767528533936e-02
1.374437659978866577e-01
1.167993396520614624e-01
8.685652911663055420e-02
1.323102116584777832e-01
-1.255041956901550293e-01
-1.284540891647338867e-01
-1.283756196498870850e-01
-1.236463263630867004e-01
-1.524065434932708740e-02
-4.070331901311874390e-02
-4.717588424682617188e-02
-2.305091917514801025e-02
6.639571487903594971e-02
2.757942676544189453e-02
4.452243447303771973e-03
5.733464658260345459e-02
-1.485199332237243652e-01
-1.561342179775238037e-01
-1.638435423374176025e-01
-1.638331562280654907e-01
-4.608575254678726196e-02
-3.430320322513580322e-02
-5.014966428279876709e-02
-4.395630955696105957e-02
4.405869543552398682e-02
6.299868226051330566e-02
3.995832800865173340e-02
5.868862569332122803e-02
-1.415629684925079346e-01
-1.289481222629547119e-01
-1.400248259305953979e-01
-1.425700932741165161e-01
-4.928818345069885254e-02
-3.957493603229522705e-02
-2.580206096172332764e-02
-4.290565848350524902e-02
1.166678965091705322e-02
4.002852737903594971e-02
5.219624936580657959e-02
3.559468686580657959e-02
-1.538743376731872559e-01
-1.729894578456878662e-01
-1.965003758668899536e-01
-1.776012182235717773e-01
-3.476540744304656982e-02
-4.385235905647277832e-02
-4.628030955791473389e-02
-4.107084870338439941e-02
4.124842584133148193e-02
8.127468824386596680e-02
1.244925111532211304e-01
8.049316704273223877e-02
-2.306344211101531982e-01
-2.301419079303741455e-01
-2.125694900751113892e-01
-2.063989192247390747e-01
-6.972371786832809448e-02
-6.346616894006729126e-02
-2.357792854309082031e-02
-4.635900259017944336e-03
1.302481293678283691e-01
1.065569669008255005e-01
1.963648051023483276e-01
2.221053838729858398e-01
-1.392634958028793335e-01
-1.597836613655090332e-01
-1.812485009431838989e-01
-1.499902606010437012e-01
1.001454740762710571e-01
6.720358133316040039e-02
1.713478565216064453e-02
6.636413931846618652e-02
3.159744739532470703e-01
2.591403722763061523e-01
2.201119959354400635e-01
2.868607640266418457e-01
-1.884476691484451294e-01
-1.760677397251129150e-01
-1.618523299694061279e-01
-1.750048696994781494e-01
-3.101480007171630859e-02
-3.927141427993774414e-03
2.917650341987609863e-02
1.308235526084899902e-02
1.298100948333740234e-01
1.269196569919586182e-01
1.589044034481048584e-01
1.782389283180236816e-01
-1.610227823257446289e-01
-1.599906533956527710e-01
-1.652700901031494141e-01
-1.700399816036224365e-01
-2.258159220218658447e-02
-3.950859606266021729e-02
-4.495681822299957275e-02
-3.536410629749298096e-02
6.925638020038604736e-02
5.183419585227966309e-02
6.388452649116516113e-02
7.600302994251251221e-02
-1.814095079898834229e-01
-1.791910529136657715e-01
-1.848998367786407471e-01
-1.863942593336105347e-01
-6.024031341075897217e-02
-5.141502618789672852e-02
-7.040631026029586792e-02
-8.354229480028152466e-02
7.703618705272674561e-02
7.322022318840026855e-02
2.399100363254547119e-02
4.311844706535339355e-02
-1.598389148712158203e-01
-1.485251337289810181e-01
-1.499380320310592651e-01
-1.599967479705810547e-01
-5.385136604309082031e-02
-4.971742630004882812e-02
-5.873203277587890625e-02
-6.373290717601776123e-02
3.720206022262573242e-02
1.956644654273986816e-02
2.389398217201232910e-02
3.929951786994934082e-02
-1.523068100214004517e-01
-1.595790386199951172e-01
-1.677182018756866455e-01
-1.567438840866088867e-01
-2.155704796314239502e-02
-2.856503427028656006e-02
-2.610155940055847168e-02
-1.519872248172760010e-02
7.785721123218536377e-02
7.144200801849365234e-02
9.489153325557708740e-02
8.204504847526550293e-02
-1.822882890701293945e-01
-1.749815642833709717e-01
-1.743964403867721558e-01
-1.634054481983184814e-01
3.436654806137084961e-04
4.348440468311309814e-02
6.489452719688415527e-02
5.510176718235015869e-02
1.749244332313537598e-01
2.381118386983871460e-01
3.107677698135375977e-01
2.674067914485931396e-01
-1.459590792655944824e-01
-1.665266007184982300e-01
-2.002530395984649658e-01
-1.594758480787277222e-01
1.128797903656959534e-01
1.108930110931396484e-01
1.442521810531616211e-02
4.852224886417388916e-02
3.297471404075622559e-01
3.169391751289367676e-01
2.158398032188415527e-01
2.695066630840301514e-01
-2.082278579473495483e-01
-1.845235079526901245e-01
-1.662635207176208496e-01
-1.731863617897033691e-01
-2.090513706207275391e-02
-8.072882890701293945e-03
-8.040323853492736816e-03
5.716502666473388672e-03
1.678878664970397949e-01
1.422155201435089111e-01
1.375281065702438354e-01
1.849412322044372559e-01
-1.528078615665435791e-01
-1.569812297821044922e-01
-1.556898951530456543e-01
-1.419076323509216309e-01
-3.280831873416900635e-02
-3.131143748760223389e-02
-5.365705490112304688e-02
-4.546862840652465820e-02
6.883196532726287842e-02
8.000551164150238037e-02
4.691931605339050293e-02
4.306189715862274170e-02
-1.756679117679595947e-01
-1.906551718711853027e-01
-1.836864799261093140e-01
-1.679292619228363037e-01
-7.012334465980529785e-02
-8.619002997875213623e-02
-8.123345673084259033e-02
-6.929230690002441406e-02
3.644743561744689941e-02
3.855761885643005371e-02
2.463410794734954834e-02
3.085112571716308594e-02
-1.796136349439620972e-01
-1.829984784126281738e-01
-1.698176562786102295e-01
-1.684966236352920532e-01
-8.006089925765991211e-02
-8.378639817237854004e-02
-6.751133501529693604e-02
-6.370238214731216431e-02
3.625357151031494141e-02
2.167458832263946533e-02
2.485227584838867188e-02
3.314113616943359375e-02
-1.581027209758758545e-01
-1.723667085170745850e-01
-1.692938208580017090e-01
-1.568872630596160889e-01
-2.088460326194763184e-02
-2.162297070026397705e-02
-3.022497892379760742e-02
-4.850613325834274292e-02
8.430266380310058594e-02
9.098498523235321045e-02
9.538385272026062012e-02
8.499518036842346191e-02
-1.579802632331848145e-01
-1.480723470449447632e-01
-1.436358541250228882e-01
-1.511969864368438721e-01
3.701314330101013184e-02
1.109219044446945190e-01
1.076805889606475830e-01
5.609779059886932373e-02
1.999966502189636230e-01
3.179757595062255859e-01
3.557404577732086182e-01
2.618621587753295898e-01
-1.646609902381896973e-01
-1.630814075469970703e-01
-2.129534780979156494e-01
-2.005343139171600342e-01
3.806066513061523438e-02
4.505847394466400146e-02
6.228342652320861816e-03
8.549422025680541992e-03
2.396325469017028809e-01
2.538939714431762695e-01
1.969164907932281494e-01
1.931992471218109131e-01
-2.107928842306137085e-01
-1.933079659938812256e-01
-1.698956936597824097e-01
-1.839287132024765015e-01
-1.540409028530120850e-02
-1.472379267215728760e-02
-1.488719880580902100e-02
-2.085790038108825684e-02
1.676994115114212036e-01
1.546896994113922119e-01
1.042514741420745850e-01
1.195724159479141235e-01
-1.369219273328781128e-01
-1.235840171575546265e-01
-1.250029206275939941e-01
-1.268734633922576904e-01
-2.232821285724639893e-02
-4.250426590442657471e-02
-6.020022928714752197e-02
-3.231638669967651367e-02
8.435718715190887451e-02
3.068612515926361084e-02
5.604848265647888184e-03
5.318368971347808838e-02
-1.406884044408798218e-01
-1.413930654525756836e-01
-1.439963579177856445e-01
-1.299051344394683838e-01
-6.954070925712585449e-02
-5.153231322765350342e-02
-3.849316388368606567e-02
-3.446419537067413330e-02
1.623466610908508301e-02
3.489728271961212158e-02
4.427948594093322754e-02
4.126009345054626465e-02
-1.500520557165145874e-01
-1.533903479576110840e-01
-1.441074609756469727e-01
-1.496858894824981689e-01
-5.542146414518356323e-02
-3.264029324054718018e-02
-3.500227630138397217e-02
-6.105080991983413696e-02
1.090924441814422607e-02
3.717052936553955078e-02
4.771262407302856445e-02
2.372938394546508789e-02
-1.615302562713623047e-01
-1.557981073856353760e-01
-1.797808408737182617e-01
-1.697652041912078857e-01
-2.372010052204132080e-02
-3.823503851890563965e-02
-2.937590330839157104e-02
-1.278160512447357178e-02
6.596679985523223877e-02
7.268212735652923584e-02
1.161415725946426392e-01
1.152534037828445435e-01
-1.682941019535064697e-01
-1.450631171464920044e-01
-1.369285434484481812e-01
-1.635905206203460693e-01
-6.265491247177124023e-03
8.944612741470336914e-02
1.367479264736175537e-01
5.994500219821929932e-02
1.654217392206192017e-01
2.968044877052307129e-01
3.748523890972137451e-01
2.655718922615051270e-01
-1.703546494245529175e-01
-1.865061223506927490e-01
-1.828487366437911987e-01
-1.688043177127838135e-01
5.917266011238098145e-03
2.028086781501770020e-02
-1.430538296699523926e-02
-1.037362217903137207e-02
1.826855391263961792e-01
2.381895184516906738e-01
1.449039727449417114e-01
1.012971699237823486e-01
-1.743117123842239380e-01
-1.674507856369018555e-01
-1.635153591632843018e-01
-1.675459295511245728e-01
-1.195767521858215332e-02
9.709462523460388184e-03
8.402764797210693359e-03
-1.418137550354003906e-02
1.327894330024719238e-01
1.566092073917388916e-01
1.119884401559829712e-01
8.796624094247817993e-02
-1.527610421180725098e-01
-1.631033718585968018e-01
-1.674984395503997803e-01
-1.562353819608688354e-01
-9.985357522964477539e-03
-5.249504745006561279e-02
-5.059557408094406128e-02
-6.075710058212280273e-03
7.866862416267395020e-02
3.251440823078155518e-02
4.324795305728912354e-02
9.385676681995391846e-02
-1.640758067369461060e-01
-1.493412852287292480e-01
-1.377585828304290771e-01
-1.540672779083251953e-01
-3.859099745750427246e-02
-3.927770256996154785e-02
-4.838822782039642334e-02
-3.595114499330520630e-02
6.545619666576385498e-02
3.188566863536834717e-02
2.634710073471069336e-02
5.224132537841796875e-02
-1.317831128835678101e-01
-1.344902217388153076e-01
-1.235731244087219238e-01
-1.335054785013198853e-01
-4.302060604095458984e-02
-4.454205185174942017e-02
-3.687083721160888672e-02
-5.003535747528076172e-02
1.767651736736297607e-02
4.370261728763580322e-02
5.171605944633483887e-02
2.540498971939086914e-02
-1.730943322181701660e-01
-1.856696009635925293e-01
-1.997294872999191284e-01
-1.811497360467910767e-01
-2.907566726207733154e-02
-1.502132415771484375e-02
-9.483680129051208496e-03
-1.526932418346405029e-02
9.352208673954010010e-02
1.342885196208953857e-01
1.379848420619964600e-01
1.070525422692298889e-01
-1.716162562370300293e-01
-1.454804986715316772e-01
-1.280311495065689087e-01
-1.430240422487258911e-01
4.828572273254394531e-04
5.818369984626770020e-02
1.076201647520065308e-01
6.011947989463806152e-02
1.965085566043853760e-01
2.707408070564270020e-01
3.059055209159851074e-01
2.545329928398132324e-01
-1.530031859874725342e-01
-1.428827792406082153e-01
-1.397530883550643921e-01
-1.443040370941162109e-01
-4.190978407859802246e-02
-1.209914684295654297e-02
-3.234779834747314453e-02
-5.375821143388748169e-02
4.972377419471740723e-02
1.084474474191665649e-01
3.896109759807586670e-02
-1.935376226902008057e-02
-1.386665701866149902e-01
-1.327045559883117676e-01
-1.352836638689041138e-01
-1.279425919055938721e-01
-5.536633729934692383e-02
-1.856051385402679443e-02
-2.322244644165039062e-02
-5.063645541667938232e-02
9.907528758049011230e-03
7.709764689207077026e-02
4.745645821094512939e-02
3.869831562042236328e-05
-1.786517947912216187e-01
-1.753834038972854614e-01
-1.862532496452331543e-01
-1.786021590232849121e-01
-3.446289896965026855e-02
-4.379756003618240356e-02
-7.982690632343292236e-02
-5.356808006763458252e-02
4.009437561035156250e-02
6.357771158218383789e-02
1.397958397865295410e-02
1.548556983470916748e-02
-1.821840554475784302e-01
-1.714838743209838867e-01
-1.709134280681610107e-01
-1.852058172225952148e-01
-8.231158554553985596e-02
-6.380842626094818115e-02
-8.169513940811157227e-02
-9.352900087833404541e-02
-7.501885294914245605e-03
2.360542118549346924e-02
-1.926742494106292725e-02
-3.034919500350952148e-03
-1.548095643520355225e-01
-1.376235634088516235e-01
-1.307041347026824951e-01
-1.465403735637664795e-01
-6.421621888875961304e-02
-6.775152683258056641e-02
-4.632144421339035034e-02
-3.634552657604217529e-02
-6.391167640686035156e-03
2.633050084114074707e-03
1.742570102214813232e-02
1.454107463359832764e-02
-1.425642967224121094e-01
-1.501255333423614502e-01
-1.651102602481842041e-01
-1.736678183078765869e-01
-7.216602563858032227e-03
1.786205172538757324e-02
-2.374812960624694824e-03
-3.311043977737426758e-02
7.192257046699523926e-02
1.493547111749649048e-01
1.248249262571334839e-01
5.745758116245269775e-02
-1.618072390556335449e-01
-1.467090547084808350e-01
-1.431390494108200073e-01
-1.606927663087844849e-01
-1.256266236305236816e-02
4.082502424716949463e-02
6.674598157405853271e-02
3.856377303600311279e-02
1.487078368663787842e-01
2.435369640588760376e-01
2.640559673309326172e-01
2.057488262653350830e-01
