-9.049543142318725586e-01
-9.178053736686706543e-01
-1.100351333618164062e+00
-1.034352779388427734e+00
8.894385397434234619e-02
3.251826763153076172e-02
-1.644961684942245483e-01
-2.517271041870117188e-02
8.583164215087890625e-01
8.609617352485656738e-01
8.428389430046081543e-01
8.248856663703918457e-01
-1.142003417015075684e+00
-1.010554909706115723e+00
-1.010006189346313477e+00
-1.044600725173950195e+00
-1.993338167667388916e-01
-2.656828165054321289e-01
-2.640488445758819580e-01
-1.103247702121734619e-01
7.699171304702758789e-01
3.594284951686859131e-01
2.917677164077758789e-01
7.098970413208007812e-01
-7.992162704467773438e-01
-9.130614995956420898e-01
-8.192609548568725586e-01
-7.425506114959716797e-01
-2.795356512069702148e-01
-5.097564458847045898e-01
-5.450506210327148438e-01
-3.721535205841064453e-01
2.350732684135437012e-01
-1.079867631196975708e-01
-3.394672870635986328e-01
-1.064116880297660828e-01
-1.031599283218383789e+00
-1.230775713920593262e+00
-1.171455621719360352e+00
-9.629499912261962891e-01
-5.530384778976440430e-01
-7.415040135383605957e-01
-6.154402494430541992e-01
-3.912535607814788818e-01
-2.091859877109527588e-01
-3.270633220672607422e-01
-1.968471854925155640e-01
-7.433172315359115601e-02
-1.212112665176391602e+00
-1.220291376113891602e+00
-1.037782430648803711e+00
-1.045430898666381836e+00
-6.664010286331176758e-01
-7.405658960342407227e-01
-4.799603223800659180e-01
-4.472519159317016602e-01
-2.416455745697021484e-01
-3.829392194747924805e-01
-1.106093823909759521e-01
4.153476655483245850e-02
-8.862818479537963867e-01
-9.009588360786437988e-01
-8.833527565002441406e-01
-9.295501708984375000e-01
-3.327457606792449951e-01
-3.981297016143798828e-01
-2.761439085006713867e-01
-2.523187100887298584e-01
3.273606300354003906e-02
-4.401323199272155762e-02
1.790823936462402344e-01
3.128427863121032715e-01
-7.780658006668090820e-01
-7.097852230072021484e-01
-7.461544871330261230e-01
-8.307468891143798828e-01
-9.961564838886260986e-02
4.497863352298736572e-02
2.088987082242965698e-01
1.754356920719146729e-01
5.040765404701232910e-01
5.961166620254516602e-01
9.579041600227355957e-01
1.007561564445495605e+00
-1.062336206436157227e+00
-1.138319849967956543e+00
-1.243042588233947754e+00
-1.133908033370971680e+00
-1.001801490783691406e-01
-2.067592740058898926e-01
-4.109586775302886963e-01
-2.792124450206756592e-01
8.983718752861022949e-01
7.285727858543395996e-01
4.661512970924377441e-01
5.255626440048217773e-01
-1.163932323455810547e+00
-1.063951373100280762e+00
-9.923064708709716797e-01
-1.062221527099609375e+00
-3.403536081314086914e-01
-2.189260125160217285e-01
-2.079754173755645752e-01
-2.857936620712280273e-01
5.416215062141418457e-01
3.898932039737701416e-01
2.920857965946197510e-01
4.841323494911193848e-01
-6.402020454406738281e-01
-6.100946664810180664e-01
-5.825010538101196289e-01
-6.437967419624328613e-01
-1.053768470883369446e-01
-2.387847155332565308e-01
-1.995294094085693359e-01
-1.177538335323333740e-01
2.958728075027465820e-01
3.144177794456481934e-02
-4.413211345672607422e-02
2.438462972640991211e-01
-6.591627001762390137e-01
-7.210083007812500000e-01
-7.836504578590393066e-01
-7.200242280960083008e-01
-5.492810904979705811e-02
-1.162313222885131836e-01
-1.912261098623275757e-01
-5.348316580057144165e-02
2.554508745670318604e-01
2.359096109867095947e-01
1.421822905540466309e-01
2.781556248664855957e-01
-7.954128384590148926e-01
-7.769241333007812500e-01
-7.848138809204101562e-01
-7.703328728675842285e-01
-3.382941484451293945e-01
-2.433932572603225708e-01
-1.657520234584808350e-01
-2.442556917667388916e-01
9.239643812179565430e-03
2.281448096036911011e-01
3.306313753128051758e-01
1.849865913391113281e-01
-9.001352787017822266e-01
-9.782862663269042969e-01
-1.082879066467285156e+00
-1.010848522186279297e+00
-2.771533131599426270e-01
-2.117251306772232056e-01
-1.818852871656417847e-01
-2.386286705732345581e-01
1.488962620496749878e-01
4.515795111656188965e-01
6.666037440299987793e-01
3.427882492542266846e-01
-1.163667440414428711e+00
-1.056605815887451172e+00
-1.091604590415954590e+00
-1.142108917236328125e+00
-2.789352238178253174e-01
-2.679690718650817871e-03
1.264052987098693848e-01
-1.924221217632293701e-02
6.568421721458435059e-01
8.858141899108886719e-01
1.211124062538146973e+00
1.018303394317626953e+00
-9.146373271942138672e-01
-1.041568040847778320e+00
-1.106847524642944336e+00
-9.252892732620239258e-01
2.022561430931091309e-02
-1.807530820369720459e-01
-3.392075896263122559e-01
-1.334832310676574707e-01
8.823650479316711426e-01
6.299158334732055664e-01
4.914849996566772461e-01
6.701499819755554199e-01
-1.112462520599365234e+00
-1.049487829208374023e+00
-9.550173878669738770e-01
-1.019057035446166992e+00
-3.994458913803100586e-01
-2.611541152000427246e-01
-1.355453729629516602e-01
-2.293402403593063354e-01
4.470898807048797607e-01
4.279040992259979248e-01
4.650965332984924316e-01
4.912323355674743652e-01
-8.382612466812133789e-01
-8.271995782852172852e-01
-7.815104126930236816e-01
-8.188214302062988281e-01
-2.772489488124847412e-01
-2.106178998947143555e-01
-1.785326451063156128e-01
-2.820902466773986816e-01
1.724349409341812134e-01
2.187321782112121582e-01
2.698888778686523438e-01
2.770353555679321289e-01
-8.703824281692504883e-01
-8.219008445739746094e-01
-9.350958466529846191e-01
-9.329123497009277344e-01
-1.244669482111930847e-01
-2.908504009246826172e-02
-2.377749234437942505e-01
-2.582570016384124756e-01
3.748451471328735352e-01
5.123805999755859375e-01
2.634175717830657959e-01
2.370718121528625488e-01
-9.022305011749267578e-01
-8.501864075660705566e-01
-8.632119894027709961e-01
-9.093077182769775391e-01
-2.843053638935089111e-01
-2.430361956357955933e-01
-3.463108539581298828e-01
-3.719742298126220703e-01
2.096965163946151733e-01
2.653422653675079346e-01
1.256202906370162964e-01
7.797785103321075439e-02
-9.757592082023620605e-01
-1.055603384971618652e+00
-1.165260553359985352e+00
-1.050833702087402344e+00
-3.065199255943298340e-01
-3.185428380966186523e-01
-4.429373145103454590e-01
-4.464194476604461670e-01
1.889222115278244019e-01
3.141866624355316162e-01
3.062753677368164062e-01
1.591096818447113037e-01
-1.254220247268676758e+00
-1.177541375160217285e+00
-1.157054424285888672e+00
-1.136571884155273438e+00
-3.386104106903076172e-01
-9.916010499000549316e-02
-2.444484829902648926e-02
-1.585471034049987793e-01
5.340827703475952148e-01
7.764240503311157227e-01
1.004631042480468750e+00
7.800971269607543945e-01
-7.348908185958862305e-01
-8.660579323768615723e-01
-9.712388515472412109e-01
-7.754102349281311035e-01
3.348736763000488281e-01
1.653653234243392944e-01
2.100719511508941650e-02
2.458057403564453125e-01
1.151373147964477539e+00
9.152768850326538086e-01
8.382041454315185547e-01
1.091667532920837402e+00
-1.146041154861450195e+00
-1.080349087715148926e+00
-1.060867905616760254e+00
-1.066042900085449219e+00
-2.422397732734680176e-01
-2.121678292751312256e-01
-2.230551242828369141e-01
-2.254061400890350342e-01
5.687919855117797852e-01
4.340116679668426514e-01
4.370494782924652100e-01
6.258342266082763672e-01
-9.730798602104187012e-01
-9.590157270431518555e-01
-9.602607488632202148e-01
-9.516361355781555176e-01
-3.567199707031250000e-01
-4.393853247165679932e-01
-4.496563971042633057e-01
-3.971303105354309082e-01
1.515721380710601807e-01
6.886783242225646973e-02
4.789279401302337646e-02
1.110796034336090088e-01
-1.016915202140808105e+00
-1.016062021255493164e+00
-1.062040686607360840e+00
-1.058408617973327637e+00
-4.207820892333984375e-01
-3.404855728149414062e-01
-4.753476381301879883e-01
-5.480754375457763672e-01
1.130764037370681763e-01
2.347675412893295288e-01
-1.202759146690368652e-02
-6.745916604995727539e-02
-1.007048010826110840e+00
-1.024553418159484863e+00
-1.005486011505126953e+00
-1.034003973007202148e+00
-4.852499067783355713e-01
-5.203127264976501465e-01
-5.031298995018005371e-01
-4.931168556213378906e-01
1.474380493164062500e-03
-4.716299474239349365e-02
-9.013110399246215820e-02
-8.521601557731628418e-02
-1.032736063003540039e+00
-1.100903272628784180e+00
-1.172304630279541016e+00
-1.120147705078125000e+00
-3.822744488716125488e-01
-4.177883863449096680e-01
-5.011490583419799805e-01
-5.561481714248657227e-01
1.412549912929534912e-01
1.978334784507751465e-01
1.400948613882064819e-01
5.880282819271087646e-02
-1.156725645065307617e+00
-1.050316452980041504e+00
-1.037234425544738770e+00
-1.114457368850708008e+00
-2.139068245887756348e-01
1.378740370273590088e-02
8.970016241073608398e-02
-9.837743639945983887e-02
5.595893263816833496e-01
7.880780696868896484e-01
9.287221431732177734e-01
7.301649451255798340e-01
-6.183928251266479492e-01
-6.990358233451843262e-01
-8.510144352912902832e-01
-6.885116100311279297e-01
5.336578488349914551e-01
3.540055751800537109e-01
8.345077931880950928e-02
3.369131088256835938e-01
1.400856375694274902e+00
1.179179787635803223e+00
8.562459945678710938e-01
1.151054263114929199e+00
-1.011875152587890625e+00
-1.002502679824829102e+00
-9.705255031585693359e-01
-9.179854989051818848e-01
-2.222229391336441040e-01
-2.588905692100524902e-01
-2.929237484931945801e-01
-1.634294390678405762e-01
5.799604058265686035e-01
4.284603893756866455e-01
3.524979948997497559e-01
5.771371722221374512e-01
-9.873569011688232422e-01
-9.593152403831481934e-01
-9.442427158355712891e-01
-9.349820613861083984e-01
-4.530861377716064453e-01
-5.113010406494140625e-01
-4.975641369819641113e-01
-3.936630487442016602e-01
8.438585698604583740e-02
-5.362885445356369019e-02
-9.886601567268371582e-02
4.446688294410705566e-02
-9.554378986358642578e-01
-9.878831505775451660e-01
-1.001684427261352539e+00
-9.498988389968872070e-01
-4.956294000148773193e-01
-5.083120465278625488e-01
-6.037052869796752930e-01
-5.491511821746826172e-01
-8.200798928737640381e-02
-4.227955639362335205e-02
-2.017758339643478394e-01
-2.123487442731857300e-01
-1.010094761848449707e+00
-1.008807063102722168e+00
-9.841867089271545410e-01
-9.869591593742370605e-01
-5.529875755310058594e-01
-5.864202380180358887e-01
-5.542043447494506836e-01
-4.873125851154327393e-01
-1.792646199464797974e-01
-2.416367530822753906e-01
-1.519773006439208984e-01
-1.128888577222824097e-01
-1.037669420242309570e+00
-1.062800049781799316e+00
-1.148968100547790527e+00
-1.068931698799133301e+00
-4.651460051536560059e-01
-4.485740661621093750e-01
-4.941132068634033203e-01
-5.009737610816955566e-01
-1.104092597961425781e-02
1.603056043386459351e-01
1.331122219562530518e-01
-2.268456667661666870e-02
-1.169091463088989258e+00
-1.046405673027038574e+00
-1.017852783203125000e+00
-1.117862820625305176e+00
-3.923769891262054443e-01
-2.634447813034057617e-02
3.903391957283020020e-02
-2.559460699558258057e-01
3.644087314605712891e-01
8.748301863670349121e-01
9.801793098449707031e-01
4.963378906250000000e-01
-6.812319159507751465e-01
-6.839054822921752930e-01
-8.068640232086181641e-01
-7.838373780250549316e-01
3.740270137786865234e-01
3.846978247165679932e-01
8.111467957496643066e-02
1.586153805255889893e-01
1.313826084136962891e+00
1.266658902168273926e+00
7.732884883880615234e-01
9.082822799682617188e-01
-9.887956976890563965e-01
-9.487498998641967773e-01
-9.805274009704589844e-01
-9.925298690795898438e-01
-1.135768592357635498e-01
-1.890775859355926514e-01
-2.681399881839752197e-01
-1.342447549104690552e-01
6.821142435073852539e-01
5.268140435218811035e-01
2.247696071863174438e-01
5.408552885055541992e-01
-9.264819622039794922e-01
-9.093526601791381836e-01
-9.011456966400146484e-01
-9.120678305625915527e-01
-4.352195560932159424e-01
-4.148647785186767578e-01
-4.578738808631896973e-01
-4.626490175724029541e-01
1.783296465873718262e-03
-3.548294305801391602e-02
-2.080978304147720337e-01
-1.065849140286445618e-01
-9.334502220153808594e-01
-9.314464926719665527e-01
-9.649376273155212402e-01
-9.626536965370178223e-01
-5.451333522796630859e-01
-5.229682326316833496e-01
-5.785458087921142578e-01
-5.929533243179321289e-01
-2.685312032699584961e-01
-2.006360888481140137e-01
-2.054478228092193604e-01
-2.513808012008666992e-01
-1.054935812950134277e+00
-1.009811878204345703e+00
-1.021943807601928711e+00
-1.043624997138977051e+00
-5.797100663185119629e-01
-5.285109877586364746e-01
-4.708680510520935059e-01
-4.910334944725036621e-01
-2.195746600627899170e-01
-1.557928621768951416e-01
1.186612248420715332e-02
-4.289850592613220215e-03
-1.045930266380310059e+00
-1.071258306503295898e+00
-1.134864330291748047e+00
-1.130340099334716797e+00
-4.680438041687011719e-01
-4.656946063041687012e-01
-4.320511817932128906e-01
-4.451816380023956299e-01
4.985606670379638672e-02
1.282228976488113403e-01
2.729894816875457764e-01
1.524115651845932007e-01
-1.171119093894958496e+00
-1.082617640495300293e+00
-1.071662664413452148e+00
-1.144502162933349609e+00
-4.255027770996093750e-01
-1.847493946552276611e-01
-5.449469387531280518e-02
-2.277710735797882080e-01
4.334625005722045898e-01
6.749818921089172363e-01
8.261719942092895508e-01
5.465537309646606445e-01
-8.534049391746520996e-01
-8.765475153923034668e-01
-1.012542605400085449e+00
-9.679602384567260742e-01
-6.222575157880783081e-02
3.649590909481048584e-02
-1.785157024860382080e-01
-2.472001314163208008e-01
6.523206830024719238e-01
8.676624894142150879e-01
6.203354597091674805e-01
4.090235531330108643e-01
-1.146168828010559082e+00
-1.119400143623352051e+00
-1.123923778533935547e+00
-1.132333993911743164e+00
-3.213478326797485352e-01
-2.696354985237121582e-01
-4.155605137348175049e-01
-4.351525902748107910e-01
4.930618703365325928e-01
4.636717438697814941e-01
1.495095193386077881e-01
1.018741279840469360e-01
-1.058940529823303223e+00
-9.945111274719238281e-01
-9.934144020080566406e-01
-1.056577920913696289e+00
-4.792957305908203125e-01
-5.142799615859985352e-01
-5.978261232376098633e-01
-5.734603404998779297e-01
3.874497115612030029e-02
-1.237530857324600220e-01
-3.805027008056640625e-01
-1.418431401252746582e-01
-1.012221217155456543e+00
-1.023680210113525391e+00
-1.089207530021667480e+00
-1.059528112411499023e+00
-5.993843078613281250e-01
-6.063356995582580566e-01
-6.660456061363220215e-01
-6.029572486877441406e-01
-3.835510015487670898e-01
-2.391633093357086182e-01
-2.340339422225952148e-01
-2.646087706089019775e-01
-1.120881557464599609e+00
-1.076860666275024414e+00
-1.031822085380554199e+00
-1.071895956993103027e+00
-6.038682460784912109e-01
-5.111624598503112793e-01
-3.991162776947021484e-01
-4.850805401802062988e-01
-2.083525657653808594e-01
-6.387843191623687744e-02
1.523511111736297607e-01
6.318318843841552734e-02
-1.018232583999633789e+00
-1.050695896148681641e+00
-1.016471385955810547e+00
-1.019724249839782715e+00
-2.917600274085998535e-01
-3.140353560447692871e-01
-1.969709992408752441e-01
-2.073976397514343262e-01
2.743188738822937012e-01
3.317445814609527588e-01
4.615688920021057129e-01
3.775837123394012451e-01
-9.519426822662353516e-01
-9.920338392257690430e-01
-9.194611907005310059e-01
-9.316094517707824707e-01
-1.635892391204833984e-01
-1.211589127779006958e-01
7.538616657257080078e-02
3.086386620998382568e-02
6.384984254837036133e-01
6.847098469734191895e-01
7.441650032997131348e-01
7.308535575866699219e-01
