1.957681030035018921e-01
1.774918287992477417e-01
1.766372174024581909e-01
1.964584290981292725e-01
1.334119439125061035e-01
1.072231456637382507e-01
7.992188632488250732e-02
1.070379167795181274e-01
6.155658885836601257e-02
5.682344734668731689e-02
1.249786466360092163e-02
2.453004196286201477e-02
1.369147598743438721e-01
1.098533570766448975e-01
1.247475668787956238e-01
1.465332508087158203e-01
6.276565790176391602e-02
5.297053977847099304e-02
5.079064145684242249e-02
6.312187016010284424e-02
8.777275681495666504e-03
4.202600941061973572e-02
1.982738822698593140e-02
-2.552531659603118896e-03
1.074183732271194458e-01
1.065509617328643799e-01
1.196565628051757812e-01
1.194448769092559814e-01
5.487759038805961609e-02
5.090994387865066528e-02
8.537365496158599854e-02
8.781041204929351807e-02
2.392272278666496277e-02
2.633486315608024597e-02
5.888340994715690613e-02
5.532540753483772278e-02
1.047260612249374390e-01
1.027514636516571045e-01
8.421255648136138916e-02
9.479701519012451172e-02
8.545739948749542236e-02
8.234220743179321289e-02
7.968056946992874146e-02
8.707499504089355469e-02
6.536088883876800537e-02
7.033116370439529419e-02
1.028455495834350586e-01
9.459005296230316162e-02
8.883342891931533813e-02
1.089996099472045898e-01
1.190426796674728394e-01
1.076406538486480713e-01
8.157901465892791748e-02
9.665895998477935791e-02
1.028269305825233459e-01
8.870771527290344238e-02
1.004299521446228027e-01
7.112056016921997070e-02
7.659341394901275635e-02
1.035007163882255554e-01
1.430407464504241943e-01
1.427496671676635742e-01
1.489104628562927246e-01
1.512323319911956787e-01
1.077283918857574463e-01
8.878958970308303833e-02
9.479245543479919434e-02
1.166965365409851074e-01
6.732350587844848633e-02
2.180907875299453735e-02
2.767080441117286682e-02
7.396076619625091553e-02
1.360519826412200928e-01
1.046026200056076050e-01
1.143835932016372681e-01
1.429362595081329346e-01
7.099245488643646240e-02
3.052294626832008362e-02
1.234189048409461975e-02
4.925281181931495667e-02
-3.516711294651031494e-03
-2.307229675352573395e-02
-7.972410321235656738e-02
-6.773112714290618896e-02
1.798499524593353271e-01
1.951745748519897461e-01
1.911149621009826660e-01
1.694967895746231079e-01
1.053721979260444641e-01
1.201528012752532959e-01
1.192635148763656616e-01
9.108318388462066650e-02
2.829825133085250854e-02
5.032763630151748657e-02
1.497909799218177795e-02
-7.064497098326683044e-03
1.727839857339859009e-01
1.659723222255706787e-01
1.531482338905334473e-01
1.597294807434082031e-01
1.176850795745849609e-01
1.082997173070907593e-01
7.939849793910980225e-02
8.280789852142333984e-02
4.698660597205162048e-02
5.432437360286712646e-02
3.031013906002044678e-02
1.862781494855880737e-02
1.213000640273094177e-01
1.160186380147933960e-01
1.048441082239151001e-01
1.104919016361236572e-01
7.507143914699554443e-02
8.384989202022552490e-02
9.823450446128845215e-02
9.584517776966094971e-02
3.002318739891052246e-02
3.446712344884872437e-02
9.636639058589935303e-02
8.643104881048202515e-02
7.940429449081420898e-02
7.957875728607177734e-02
7.442862540483474731e-02
8.068147301673889160e-02
9.067251533269882202e-02
9.921398758888244629e-02
9.412538260221481323e-02
8.586789667606353760e-02
8.984936773777008057e-02
9.861308336257934570e-02
1.024953722953796387e-01
8.811484277248382568e-02
8.305755257606506348e-02
8.885810524225234985e-02
9.128413349390029907e-02
8.881396055221557617e-02
1.016916781663894653e-01
8.843745291233062744e-02
8.866117894649505615e-02
1.070823967456817627e-01
1.057480499148368835e-01
8.717421442270278931e-02
8.823941648006439209e-02
1.056143641471862793e-01
1.266140192747116089e-01
1.464022696018218994e-01
1.578086465597152710e-01
1.341736465692520142e-01
9.078522026538848877e-02
9.152379631996154785e-02
7.561588287353515625e-02
7.564592361450195312e-02
7.390984892845153809e-02
2.798923105001449585e-02
-4.833940416574478149e-03
5.540408939123153687e-02
2.007868289947509766e-01
2.029345333576202393e-01
2.056715488433837891e-01
2.010395228862762451e-01
1.192522644996643066e-01
8.259548991918563843e-02
8.684937655925750732e-02
1.048985868692398071e-01
2.901871129870414734e-02
-3.082717768847942352e-02
-7.804338634014129639e-02
-1.727497577667236328e-02
1.687567830085754395e-01
1.678130179643630981e-01
1.910027861595153809e-01
1.788788139820098877e-01
8.844074606895446777e-02
1.007664799690246582e-01
9.507972002029418945e-02
6.068516150116920471e-02
-2.644313126802444458e-02
2.733328938484191895e-02
-9.381812065839767456e-03
-6.106241792440414429e-02
1.690141260623931885e-01
1.505972445011138916e-01
1.374382078647613525e-01
1.554090976715087891e-01
1.139100193977355957e-01
8.437679708003997803e-02
7.750877737998962402e-02
1.060504019260406494e-01
5.389327183365821838e-02
5.156781896948814392e-02
4.397550225257873535e-02
4.702216759324073792e-02
9.672272950410842896e-02
9.469835460186004639e-02
1.000534817576408386e-01
1.095508337020874023e-01
9.038540720939636230e-02
7.108823955059051514e-02
6.907680630683898926e-02
9.507517516613006592e-02
7.525610178709030151e-02
7.092370092868804932e-02
6.652612239122390747e-02
7.746212184429168701e-02
9.702020138502120972e-02
9.155584871768951416e-02
9.062931686639785767e-02
9.738264232873916626e-02
7.514026761054992676e-02
7.583656907081604004e-02
7.497818768024444580e-02
7.525739073753356934e-02
8.598965406417846680e-02
8.613865077495574951e-02
9.277596324682235718e-02
7.826743274927139282e-02
8.803520351648330688e-02
9.752028435468673706e-02
1.026913151144981384e-01
9.751112759113311768e-02
8.453860878944396973e-02
9.521997720003128052e-02
9.752441942691802979e-02
9.323532134294509888e-02
9.547191113233566284e-02
8.855286240577697754e-02
7.732935249805450439e-02
7.768234610557556152e-02
1.344471275806427002e-01
1.483626663684844971e-01
1.694824993610382080e-01
1.492924094200134277e-01
6.507934629917144775e-02
8.611609041690826416e-02
1.085928082466125488e-01
9.535351395606994629e-02
3.208845481276512146e-02
5.656103789806365967e-02
4.720745608210563660e-02
4.678815603256225586e-02
1.890496313571929932e-01
1.812962293624877930e-01
1.705433130264282227e-01
1.746578812599182129e-01
1.166267395019531250e-01
1.064924001693725586e-01
1.066576987504959106e-01
1.053666025400161743e-01
2.249811962246894836e-02
1.504489406943321228e-02
-7.282577455043792725e-03
1.645259559154510498e-03
1.764831244945526123e-01
1.995953023433685303e-01
2.105729430913925171e-01
1.871710121631622314e-01
3.250748664140701294e-02
5.053745582699775696e-02
9.780262410640716553e-02
6.765185296535491943e-02
-8.708561956882476807e-02
-5.621864646673202515e-02
-3.447379916906356812e-03
-5.364029109477996826e-02
1.598910689353942871e-01
1.511508971452713013e-01
1.322851628065109253e-01
1.404211968183517456e-01
9.456014633178710938e-02
9.699094295501708984e-02
9.056337177753448486e-02
9.029909968376159668e-02
1.789242401719093323e-02
3.745552524924278259e-02
5.859930440783500671e-02
3.565616160631179810e-02
1.065849959850311279e-01
1.030930951237678528e-01
9.973128885030746460e-02
1.019686609506607056e-01
9.730498492717742920e-02
9.917410463094711304e-02
7.837180793285369873e-02
7.950963079929351807e-02
6.928254663944244385e-02
7.375805079936981201e-02
7.679171115159988403e-02
6.675612926483154297e-02
9.310424327850341797e-02
9.096975624561309814e-02
8.937537670135498047e-02
9.406137466430664062e-02
8.156605064868927002e-02
8.203104138374328613e-02
8.381214737892150879e-02
8.020258694887161255e-02
8.435897529125213623e-02
7.865054160356521606e-02
8.223454654216766357e-02
7.855107635259628296e-02
9.932778775691986084e-02
1.108023375272750854e-01
1.088030338287353516e-01
9.984873980283737183e-02
9.442848712205886841e-02
1.051097586750984192e-01
9.507808089256286621e-02
9.250529110431671143e-02
9.475462883710861206e-02
9.175047278404235840e-02
9.158234298229217529e-02
1.012829169631004333e-01
1.368370801210403442e-01
1.529637277126312256e-01
1.634498536586761475e-01
1.492837369441986084e-01
7.616437971591949463e-02
7.923070341348648071e-02
1.169434562325477600e-01
1.213057264685630798e-01
4.325634986162185669e-02
3.524981439113616943e-02
5.701326951384544373e-02
7.761874794960021973e-02
1.838071346282958984e-01
1.895202398300170898e-01
1.901985555887222290e-01
1.825652420520782471e-01
1.016529649496078491e-01
9.563963860273361206e-02
9.434659779071807861e-02
8.764301985502243042e-02
8.364057168364524841e-03
1.710988581180572510e-03
-3.216572850942611694e-02
-2.526099607348442078e-02
1.620258092880249023e-01
1.599278748035430908e-01
1.858753263950347900e-01
1.722046732902526855e-01
8.413198590278625488e-02
7.671567797660827637e-02
1.055339127779006958e-01
9.538184106349945068e-02
-2.899853698909282684e-02
-4.497300833463668823e-02
1.507662609219551086e-02
1.849282160401344299e-02
1.659869402647018433e-01
1.376613080501556396e-01
1.297046989202499390e-01
1.539429873228073120e-01
1.386968344449996948e-01
1.054255589842796326e-01
6.165795028209686279e-02
9.116435050964355469e-02
8.633697032928466797e-02
7.561150193214416504e-02
3.244765102863311768e-02
2.821056544780731201e-02
1.045159399509429932e-01
9.861715137958526611e-02
9.521839767694473267e-02
1.080484017729759216e-01
7.508630305528640747e-02
6.609879434108734131e-02
7.595017552375793457e-02
9.381639957427978516e-02
7.503707706928253174e-02
6.567855179309844971e-02
6.959871202707290649e-02
9.413591027259826660e-02
7.976479083299636841e-02
8.325591683387756348e-02
7.977776229381561279e-02
7.836514711380004883e-02
7.889866828918457031e-02
8.378094434738159180e-02
8.044210076332092285e-02
6.973956525325775146e-02
7.574509084224700928e-02
8.551844209432601929e-02
9.973380714654922485e-02
8.694054931402206421e-02
8.730677515268325806e-02
9.392682462930679321e-02
9.725773334503173828e-02
9.624334424734115601e-02
8.174526691436767578e-02
9.991997480392456055e-02
1.031964346766471863e-01
8.392775058746337891e-02
1.033260971307754517e-01
1.062996163964271545e-01
9.388723969459533691e-02
9.148370474576950073e-02
1.273924708366394043e-01
1.466687917709350586e-01
1.666406393051147461e-01
1.389838159084320068e-01
9.471605718135833740e-02
1.176470965147018433e-01
1.169318333268165588e-01
1.028581857681274414e-01
6.595070660114288330e-02
7.036669552326202393e-02
5.838230997323989868e-02
6.829631328582763672e-02
2.068857848644256592e-01
1.943986415863037109e-01
1.864116936922073364e-01
1.923356056213378906e-01
1.165005564689636230e-01
8.415504544973373413e-02
6.774971634149551392e-02
8.030934631824493408e-02
1.513615250587463379e-02
-2.324344962835311890e-02
-4.546094685792922974e-02
-2.207952365279197693e-02
1.868967115879058838e-01
1.928739249706268311e-01
2.152745723724365234e-01
2.044882476329803467e-01
6.386064738035202026e-02
7.734628021717071533e-02
9.181074798107147217e-02
7.438765466213226318e-02
-5.265691131353378296e-02
-2.857952751219272614e-02
-2.032064460217952728e-02
-3.233635425567626953e-02
1.881953775882720947e-01
1.593086421489715576e-01
1.323289722204208374e-01
1.639771312475204468e-01
9.252828359603881836e-02
1.045921146869659424e-01
9.914961457252502441e-02
9.408439695835113525e-02
-5.550224334001541138e-03
4.009836167097091675e-02
7.835540175437927246e-02
3.660310804843902588e-02
8.864965289831161499e-02
9.028364717960357666e-02
9.033420681953430176e-02
9.640539437532424927e-02
8.822356909513473511e-02
8.856845647096633911e-02
9.244866669178009033e-02
1.032551005482673645e-01
6.618536263704299927e-02
8.160294592380523682e-02
9.847934544086456299e-02
8.741252124309539795e-02
8.154454827308654785e-02
7.964692264795303345e-02
7.328885793685913086e-02
7.139877229928970337e-02
8.507041633129119873e-02
9.410956501960754395e-02
7.548746466636657715e-02
7.362060248851776123e-02
9.116523712873458862e-02
1.074013784527778625e-01
8.507011830806732178e-02
6.497661769390106201e-02
8.675990998744964600e-02
9.116690605878829956e-02
8.693921566009521484e-02
8.993008732795715332e-02
9.013737738132476807e-02
7.445809245109558105e-02
7.833421975374221802e-02
9.383364021778106689e-02
9.398488700389862061e-02
7.485470175743103027e-02
8.167311549186706543e-02
9.575858712196350098e-02
1.278598010540008545e-01
1.432394534349441528e-01
1.735901385545730591e-01
1.531165838241577148e-01
6.759604066610336304e-02
1.006810292601585388e-01
1.194553971290588379e-01
8.831146359443664551e-02
4.572512954473495483e-02
5.283480882644653320e-02
4.072136431932449341e-02
4.103459790349006653e-02
1.946641206741333008e-01
1.809840351343154907e-01
1.800472438335418701e-01
1.869941949844360352e-01
1.278564035892486572e-01
7.474845647811889648e-02
8.674414455890655518e-02
1.182380765676498413e-01
2.025685086846351624e-02
-3.384994715452194214e-02
-2.861739322543144226e-02
1.605428382754325867e-02
1.381223201751708984e-01
1.567563116550445557e-01
1.638522148132324219e-01
1.315101683139801025e-01
8.578467369079589844e-02
5.881511420011520386e-02
9.264907240867614746e-02
8.810010552406311035e-02
4.110402241349220276e-02
-3.570132702589035034e-02
2.560342848300933838e-02
8.618193864822387695e-02
1.429027616977691650e-01
1.337582617998123169e-01
1.200891956686973572e-01
1.237176060676574707e-01
1.164863705635070801e-01
9.057927876710891724e-02
8.021396398544311523e-02
9.652139246463775635e-02
7.552731037139892578e-02
4.414245858788490295e-02
6.478372961282730103e-02
7.776142656803131104e-02
1.021742895245552063e-01
1.016156896948814392e-01
1.077680960297584534e-01
1.050196588039398193e-01
9.000399708747863770e-02
9.852220118045806885e-02
8.298192918300628662e-02
7.709087431430816650e-02
8.494281768798828125e-02
9.376326948404312134e-02
7.367891818284988403e-02
6.031955033540725708e-02
1.107249781489372253e-01
9.571975469589233398e-02
9.489451348781585693e-02
1.091224104166030884e-01
8.723445981740951538e-02
8.346949517726898193e-02
8.376083523035049438e-02
7.536992430686950684e-02
7.581252604722976685e-02
8.611664175987243652e-02
8.500689268112182617e-02
5.766079574823379517e-02
8.340327441692352295e-02
9.166923910379409790e-02
9.594199061393737793e-02
9.420363605022430420e-02
8.607844263315200806e-02
8.884821832180023193e-02
9.283299744129180908e-02
9.214399009943008423e-02
1.011176928877830505e-01
9.106820076704025269e-02
8.638550341129302979e-02
8.644073456525802612e-02
1.408403366804122925e-01
1.547755897045135498e-01
1.668790578842163086e-01
1.517642140388488770e-01
8.380709588527679443e-02
8.562240749597549438e-02
9.296023100614547729e-02
8.893282711505889893e-02
5.843761190772056580e-02
4.421290010213851929e-02
3.779322654008865356e-02
5.124071985483169556e-02
1.784483641386032104e-01
1.663994491100311279e-01
1.535982489585876465e-01
1.699045747518539429e-01
1.212719082832336426e-01
7.355844974517822266e-02
7.324443757534027100e-02
1.101599931716918945e-01
3.308765962719917297e-02
-3.315534815192222595e-02
2.725628018379211426e-02
7.374813407659530640e-02
