-6.396600604057312012e-01
-7.284123897552490234e-01
-8.231868147850036621e-01
-6.170580983161926270e-01
3.658424913883209229e-01
-8.783163130283355713e-02
1.188575476408004761e-01
7.470526099205017090e-01
1.533990979194641113e+00
7.266786694526672363e-01
1.140846729278564453e+00
2.088964223861694336e+00
-8.532637357711791992e-01
-6.987420320510864258e-01
-6.617227792739868164e-01
-6.893426179885864258e-01
-1.313364505767822266e-01
-1.526744812726974487e-01
2.210600078105926514e-01
3.521127402782440186e-01
9.438576698303222656e-01
3.181713521480560303e-01
8.711783885955810547e-01
1.478358983993530273e+00
-4.761336147785186768e-01
-4.677544236183166504e-01
-3.760308325290679932e-01
-3.610756397247314453e-01
1.937936842441558838e-01
1.111653819680213928e-01
1.165962219238281250e-01
2.256736159324645996e-01
7.206753492355346680e-01
4.055109620094299316e-01
4.781453907489776611e-01
7.217506170272827148e-01
-2.645411789417266846e-01
-3.792179822921752930e-01
-2.660833299160003662e-01
-1.801175624132156372e-01
7.783062756061553955e-02
-2.943371236324310303e-02
4.835726320743560791e-02
1.598007380962371826e-01
4.029297828674316406e-01
4.070355296134948730e-01
3.427822887897491455e-01
3.545405268669128418e-01
-3.474083840847015381e-01
-4.441643953323364258e-01
-4.382788538932800293e-01
-3.981159031391143799e-01
8.175241202116012573e-02
1.506667882204055786e-01
2.207198143005371094e-01
1.478818804025650024e-01
4.658929407596588135e-01
6.255199909210205078e-01
8.488294482231140137e-01
6.746162176132202148e-01
-6.143357157707214355e-01
-6.169762611389160156e-01
-6.274059414863586426e-01
-6.976669430732727051e-01
3.239986300468444824e-01
1.810293495655059814e-01
3.585254251956939697e-01
4.612407088279724121e-01
1.133173346519470215e+00
8.806843757629394531e-01
1.214132666587829590e+00
1.395792245864868164e+00
-5.793634653091430664e-01
-3.561098575592041016e-01
-4.297564625740051270e-01
-6.867976188659667969e-01
4.477069675922393799e-01
5.930391550064086914e-01
9.801977872848510742e-01
9.755791425704956055e-01
1.506245732307434082e+00
1.357884645462036133e+00
2.296889305114746094e+00
2.708235263824462891e+00
-4.014201164245605469e-01
-5.608499050140380859e-01
-7.334660291671752930e-01
-5.077857971191406250e-01
1.386287450790405273e+00
1.090516686439514160e+00
8.558854460716247559e-01
1.334687829017639160e+00
2.945866346359252930e+00
2.244252681732177734e+00
2.231383800506591797e+00
2.946843862533569336e+00
-8.268486261367797852e-01
-8.269678354263305664e-01
-7.850989699363708496e-01
-8.040550947189331055e-01
4.247701168060302734e-01
3.164874315261840820e-01
4.294750690460205078e-01
5.280079245567321777e-01
1.679569721221923828e+00
1.224530696868896484e+00
1.386090278625488281e+00
1.835910558700561523e+00
-3.954273462295532227e-01
-3.311458230018615723e-01
-1.948190182447433472e-01
-3.165361881256103516e-01
4.075991511344909668e-01
3.738530278205871582e-01
4.005454778671264648e-01
3.905113339424133301e-01
1.092216014862060547e+00
8.473923206329345703e-01
6.487044095993041992e-01
9.070899486541748047e-01
-8.518338203430175781e-03
-3.724595904350280762e-02
2.185353636741638184e-02
-5.000719428062438965e-02
3.946281075477600098e-01
4.533204436302185059e-01
4.494834542274475098e-01
3.079369664192199707e-01
5.840858221054077148e-01
6.796368956565856934e-01
5.358757972717285156e-01
5.398354530334472656e-01
-6.426626443862915039e-02
-1.602103263139724731e-01
-2.072427421808242798e-01
-1.101021468639373779e-01
4.538077116012573242e-01
4.428136050701141357e-01
5.306102633476257324e-01
4.894436299800872803e-01
6.953035593032836914e-01
9.579147100448608398e-01
1.088738679885864258e+00
8.866739869117736816e-01
-5.948349237442016602e-01
-7.671077251434326172e-01
-9.847528934478759766e-01
-8.021785020828247070e-01
5.898855924606323242e-01
5.361076593399047852e-01
4.645241796970367432e-01
4.349533915519714355e-01
1.323017001152038574e+00
1.662361264228820801e+00
1.899080038070678711e+00
1.410833120346069336e+00
-1.112090587615966797e+00
-9.357037544250488281e-01
-8.912081718444824219e-01
-9.937527179718017578e-01
3.379678130149841309e-01
7.529374361038208008e-01
8.744803071022033691e-01
7.256941199302673340e-01
2.044399261474609375e+00
2.289132118225097656e+00
2.772161960601806641e+00
2.519080162048339844e+00
-1.871280968189239502e-01
-3.595325350761413574e-01
-5.795948505401611328e-01
-2.632277607917785645e-01
1.656711339950561523e+00
1.279103040695190430e+00
7.888023853302001953e-01
1.238576173782348633e+00
3.513135194778442383e+00
2.763340711593627930e+00
2.343557119369506836e+00
2.962927103042602539e+00
-7.604100108146667480e-01
-6.955739259719848633e-01
-5.956636667251586914e-01
-6.029690504074096680e-01
4.403465688228607178e-01
4.542497992515563965e-01
6.943670511245727539e-01
7.717232108116149902e-01
1.939347267150878906e+00
1.620446681976318359e+00
1.690724134445190430e+00
1.959830045700073242e+00
-3.637849390506744385e-01
-2.844209372997283936e-01
-1.218607202172279358e-01
-2.553769648075103760e-01
4.387224018573760986e-01
4.338535666465759277e-01
4.463669061660766602e-01
4.260441660881042480e-01
1.090090870857238770e+00
9.659612774848937988e-01
8.536220788955688477e-01
1.035901904106140137e+00
2.923750877380371094e-02
4.145175963640213013e-02
4.762545228004455566e-02
3.244413435459136963e-02
2.849496603012084961e-01
3.856940865516662598e-01
4.000701308250427246e-01
3.660371601581573486e-01
4.914471805095672607e-01
6.365716457366943359e-01
6.083921194076538086e-01
6.194089651107788086e-01
-1.688247919082641602e-01
-2.707625031471252441e-01
-3.615696132183074951e-01
-2.654674649238586426e-01
3.821036219596862793e-01
4.150702357292175293e-01
3.664196133613586426e-01
3.673239350318908691e-01
7.511762976646423340e-01
9.097447991371154785e-01
1.059598326683044434e+00
9.385360479354858398e-01
-5.491892099380493164e-01
-7.150946855545043945e-01
-9.630330204963684082e-01
-7.425422668457031250e-01
5.900843739509582520e-01
4.232233166694641113e-01
1.706390082836151123e-01
1.739266514778137207e-01
1.353174448013305664e+00
1.457926750183105469e+00
1.398769974708557129e+00
1.056339025497436523e+00
-1.171374678611755371e+00
-9.016675949096679688e-01
-8.706823587417602539e-01
-9.859187602996826172e-01
1.568209528923034668e-01
7.117274999618530273e-01
9.016109704971313477e-01
5.793888568878173828e-01
1.863389968872070312e+00
2.283561229705810547e+00
2.792790412902832031e+00
2.335605859756469727e+00
-1.718305051326751709e-01
-3.106952309608459473e-01
-6.048133373260498047e-01
-3.368124365806579590e-01
1.874550342559814453e+00
1.559961676597595215e+00
1.058585524559020996e+00
1.495024681091308594e+00
3.761205911636352539e+00
2.931751251220703125e+00
2.487326622009277344e+00
3.205022573471069336e+00
-7.700213193893432617e-01
-5.699379444122314453e-01
-5.720244646072387695e-01
-6.279244422912597656e-01
7.111551165580749512e-01
8.420482277870178223e-01
7.419131994247436523e-01
7.390756607055664062e-01
2.115453958511352539e+00
1.799795269966125488e+00
1.764566898345947266e+00
2.110805511474609375e+00
-3.038421571254730225e-01
-1.955508738756179810e-01
-1.712353825569152832e-01
-2.595609426498413086e-01
4.552862346172332764e-01
5.900319218635559082e-01
4.557996392250061035e-01
4.330472648143768311e-01
1.092680335044860840e+00
1.143673062324523926e+00
9.470654726028442383e-01
1.040114164352416992e+00
-3.092475980520248413e-02
-4.718570411205291748e-02
-1.089082285761833191e-01
-1.032597273588180542e-01
4.735690951347351074e-01
3.718693256378173828e-01
4.051102697849273682e-01
4.975529313087463379e-01
6.758160591125488281e-01
6.894466876983642578e-01
7.212760448455810547e-01
8.541499376296997070e-01
-1.747196763753890991e-01
-2.115413993597030640e-01
-2.753995060920715332e-01
-2.305873930454254150e-01
4.016011953353881836e-01
4.072149395942687988e-01
4.121756851673126221e-01
4.118747711181640625e-01
8.261178731918334961e-01
8.662440180778503418e-01
8.538999557495117188e-01
7.657611966133117676e-01
-5.346913933753967285e-01
-7.181913852691650391e-01
-8.580960035324096680e-01
-6.397066712379455566e-01
6.178290843963623047e-01
4.305362701416015625e-01
2.952261269092559814e-01
2.642376422882080078e-01
1.338567614555358887e+00
1.422777414321899414e+00
1.356150865554809570e+00
1.068583130836486816e+00
-1.215494871139526367e+00
-1.032374501228332520e+00
-1.017537951469421387e+00
-1.148261308670043945e+00
3.939278721809387207e-01
7.668446898460388184e-01
8.819190263748168945e-01
7.150298357009887695e-01
1.789515376091003418e+00
2.201568365097045898e+00
2.765794515609741211e+00
2.522125482559204102e+00
-3.592438101768493652e-01
-4.604772627353668213e-01
-9.187246561050415039e-01
-6.383881568908691406e-01
1.662712931632995605e+00
1.419050455093383789e+00
8.709889650344848633e-01
1.309925556182861328e+00
3.441110849380493164e+00
3.107432842254638672e+00
2.694248676300048828e+00
3.111532449722290039e+00
-1.031313061714172363e+00
-8.141165971755981445e-01
-7.198385596275329590e-01
-8.824917078018188477e-01
3.451077938079833984e-01
4.170853495597839355e-01
5.085989832878112793e-01
4.836870431900024414e-01
2.021619081497192383e+00
1.765825629234313965e+00
1.611869812011718750e+00
1.864081621170043945e+00
-3.369747102260589600e-01
-2.522184848785400391e-01
-1.369293928146362305e-01
-3.107766807079315186e-01
2.765065431594848633e-01
4.217196106910705566e-01
3.585364520549774170e-01
2.232432961463928223e-01
1.075451493263244629e+00
1.015872716903686523e+00
7.670544385910034180e-01
7.487007975578308105e-01
-4.851770401000976562e-02
-5.367365479469299316e-02
-4.468767344951629639e-02
-6.117489933967590332e-02
5.079721808433532715e-01
5.554655790328979492e-01
4.628034830093383789e-01
4.612618684768676758e-01
8.421173095703125000e-01
8.448321819305419922e-01
7.260900735855102539e-01
7.892171144485473633e-01
-6.309188902378082275e-02
-1.404549330472946167e-01
-1.189109534025192261e-01
-1.298951208591461182e-01
4.523478746414184570e-01
5.082276463508605957e-01
3.957561254501342773e-01
4.489767551422119141e-01
8.340882062911987305e-01
9.252862334251403809e-01
7.856587171554565430e-01
8.006980419158935547e-01
-4.472170770168304443e-01
-5.934379696846008301e-01
-1.006948709487915039e+00
-7.319512367248535156e-01
4.718607962131500244e-01
3.830378651618957520e-01
5.488832294940948486e-02
6.641240417957305908e-02
1.055369377136230469e+00
1.288063049316406250e+00
1.253472208976745605e+00
9.360977411270141602e-01
-1.436598539352416992e+00
-1.182308793067932129e+00
-1.173835277557373047e+00
-1.318530440330505371e+00
3.092630207538604736e-02
6.208490729331970215e-01
7.270513772964477539e-01
3.696216940879821777e-01
1.649314403533935547e+00
2.164279460906982422e+00
2.682595729827880859e+00
2.195937633514404297e+00
-6.935825347900390625e-01
-8.300093412399291992e-01
-1.053668856620788574e+00
-8.634930849075317383e-01
1.194184541702270508e+00
1.281383156776428223e+00
8.141480088233947754e-01
9.161269664764404297e-01
3.024091243743896484e+00
3.349624872207641602e+00
2.611544609069824219e+00
2.334603786468505859e+00
-1.015825271606445312e+00
-8.495528101921081543e-01
-7.579394578933715820e-01
-9.196170568466186523e-01
5.495944023132324219e-01
5.337613821029663086e-01
4.842739701271057129e-01
4.432215392589569092e-01
2.189365625381469727e+00
1.852877378463745117e+00
1.324768781661987305e+00
1.731160879135131836e+00
-2.812415957450866699e-01
-2.354029566049575806e-01
-1.455218493938446045e-01
-2.433601170778274536e-01
4.216240048408508301e-01
2.961202859878540039e-01
2.718389928340911865e-01
3.043257594108581543e-01
1.024213910102844238e+00
8.193928003311157227e-01
5.203698277473449707e-01
7.912023663520812988e-01
-9.324344992637634277e-02
-8.717375993728637695e-02
-1.210452467203140259e-01
-1.110363900661468506e-01
3.512439131736755371e-01
4.629855751991271973e-01
4.274328649044036865e-01
3.231406211853027344e-01
6.070390939712524414e-01
7.617847919464111328e-01
7.763794660568237305e-01
7.275431156158447266e-01
-2.625489234924316406e-01
-2.369914650917053223e-01
-1.530083417892456055e-01
-2.749226689338684082e-01
2.794266045093536377e-01
3.401960134506225586e-01
4.331699013710021973e-01
3.745606839656829834e-01
7.005092501640319824e-01
7.647235989570617676e-01
8.795195221900939941e-01
8.513976335525512695e-01
-5.179222822189331055e-01
-7.635007500648498535e-01
-1.041018366813659668e+00
-8.855084180831909180e-01
3.819091618061065674e-01
2.105968892574310303e-01
3.363773226737976074e-02
1.352301090955734253e-01
1.069267272949218750e+00
1.181806325912475586e+00
1.302382588386535645e+00
1.159388780593872070e+00
-1.504580497741699219e+00
-1.342335581779479980e+00
-1.259388923645019531e+00
-1.338864803314208984e+00
-1.609106361865997314e-02
4.070334434509277344e-01
7.814463376998901367e-01
6.328638792037963867e-01
1.858826160430908203e+00
2.224340915679931641e+00
2.692878246307373047e+00
2.328633546829223633e+00
-5.100112557411193848e-01
-5.394624471664428711e-01
-6.493864655494689941e-01
-5.523827672004699707e-01
6.581210494041442871e-01
1.018270015716552734e+00
4.093512296676635742e-01
2.150354385375976562e-01
1.798824906349182129e+00
2.283502101898193359e+00
1.323973059654235840e+00
7.559246420860290527e-01
-7.094857692718505859e-01
-6.958938241004943848e-01
-5.925335884094238281e-01
-5.426203608512878418e-01
2.443257272243499756e-01
5.019772052764892578e-01
3.716986179351806641e-01
2.207578718662261963e-01
1.255661249160766602e+00
1.697060942649841309e+00
1.014666199684143066e+00
6.004157066345214844e-01
-3.621597290039062500e-01
-2.507131993770599365e-01
-3.071570992469787598e-01
-4.053014516830444336e-01
2.462074756622314453e-01
1.477252542972564697e-01
3.719188272953033447e-02
2.575185298919677734e-01
7.320979833602905273e-01
4.689379036426544189e-01
2.451702207326889038e-01
7.069254517555236816e-01
-2.712258100509643555e-01
-2.084324955940246582e-01
-2.622096240520477295e-01
-2.989705801010131836e-01
1.487765014171600342e-01
2.425372302532196045e-01
1.623710244894027710e-01
1.350069791078567505e-01
3.012018203735351562e-01
5.614590644836425781e-01
5.531219244003295898e-01
5.480381846427917480e-01
-2.817065715789794922e-01
-2.810995280742645264e-01
-2.517770528793334961e-01
-2.920271456241607666e-01
1.324164569377899170e-01
2.328721582889556885e-01
4.183034598827362061e-01
3.703078329563140869e-01
4.091670513153076172e-01
6.365237236022949219e-01
1.046629428863525391e+00
9.229745864868164062e-01
-5.374374389648437500e-01
-8.222320675849914551e-01
-9.535105824470520020e-01
-7.717351913452148438e-01
4.390998184680938721e-01
2.931399643421173096e-01
4.197137355804443359e-01
4.104186296463012695e-01
1.192494392395019531e+00
1.355430364608764648e+00
1.646342277526855469e+00
1.390329003334045410e+00
-1.055364847183227539e+00
-9.843986630439758301e-01
-7.946777343750000000e-01
-9.055044054985046387e-01
5.087159276008605957e-01
7.752809524536132812e-01
9.993971586227416992e-01
8.204697370529174805e-01
2.272839546203613281e+00
2.658137798309326172e+00
2.506820201873779297e+00
2.170548439025878906e+00
