-1.354513645172119141e+00
-1.299672365188598633e+00
-1.522003173828125000e+00
-1.479516744613647461e+00
-6.221577525138854980e-02
-2.468080520629882812e-01
-2.559273540973663330e-01
1.403380930423736572e-01
1.196871995925903320e+00
4.478498101234436035e-01
9.481810927391052246e-01
1.848628759384155273e+00
-1.310222983360290527e+00
-1.097255349159240723e+00
-1.147978782653808594e+00
-1.247134566307067871e+00
-3.536378145217895508e-01
-2.406463027000427246e-01
-1.508883237838745117e-01
-1.804201900959014893e-01
6.427104473114013672e-01
4.044421315193176270e-01
6.972857713699340820e-01
9.725592136383056641e-01
-9.916736483573913574e-01
-1.046683788299560547e+00
-1.002952456474304199e+00
-9.804068803787231445e-01
-2.369779944419860840e-01
-1.879453361034393311e-01
-3.337834477424621582e-01
-4.597859382629394531e-01
3.736419379711151123e-01
3.835616111755371094e-01
8.637747168540954590e-02
-2.601087093353271484e-02
-1.091675758361816406e+00
-1.265041470527648926e+00
-1.149065256118774414e+00
-1.072881817817687988e+00
-4.934097528457641602e-01
-5.923283696174621582e-01
-6.089098453521728516e-01
-5.173728466033935547e-01
-2.084693312644958496e-02
7.737609744071960449e-02
-6.132656335830688477e-02
-7.943761348724365234e-02
-1.093445420265197754e+00
-1.128684401512145996e+00
-9.997407197952270508e-01
-1.012680768966674805e+00
-4.707246720790863037e-01
-4.104700088500976562e-01
-3.571421504020690918e-01
-4.609192013740539551e-01
2.358582615852355957e-02
3.088527321815490723e-01
1.532026827335357666e-01
-1.152477264404296875e-01
-9.344010949134826660e-01
-1.036350250244140625e+00
-1.062489748001098633e+00
-1.091765522956848145e+00
-2.234698832035064697e-01
-2.834404110908508301e-01
-3.087764382362365723e-01
-3.770330250263214111e-01
3.389338850975036621e-01
2.864591479301452637e-01
4.802640676498413086e-01
4.245578050613403320e-01
-1.375809192657470703e+00
-1.416906833648681641e+00
-1.523214101791381836e+00
-1.423591136932373047e+00
-2.208895087242126465e-01
-3.820156753063201904e-01
-4.172013401985168457e-01
-1.146939396858215332e-01
7.700690627098083496e-01
4.634804427623748779e-01
9.069135785102844238e-01
1.201816320419311523e+00
-1.620414495468139648e+00
-1.793589472770690918e+00
-1.948470354080200195e+00
-1.672021389007568359e+00
1.482596844434738159e-01
-1.438157856464385986e-01
-2.943296432495117188e-01
2.792168259620666504e-01
2.147127389907836914e+00
1.360881805419921875e+00
1.335909485816955566e+00
2.323564529418945312e+00
-1.695921897888183594e+00
-1.512037277221679688e+00
-1.378256440162658691e+00
-1.535478711128234863e+00
-4.111423790454864502e-01
-4.262256026268005371e-01
-2.426469922065734863e-01
-1.986422836780548096e-01
9.657977223396301270e-01
5.083293914794921875e-01
4.815638661384582520e-01
1.115234851837158203e+00
-7.504170536994934082e-01
-7.900434732437133789e-01
-7.178881764411926270e-01
-7.596654295921325684e-01
-1.770141720771789551e-02
-1.964625716209411621e-01
-3.132446408271789551e-01
-2.711377143859863281e-01
5.214194059371948242e-01
2.626389563083648682e-01
-1.741542816162109375e-01
4.583278298377990723e-02
-7.282574772834777832e-01
-8.286021947860717773e-01
-7.506537437438964844e-01
-7.268244624137878418e-01
-2.673206925392150879e-01
-3.525766730308532715e-01
-4.510337412357330322e-01
-3.450657725334167480e-01
8.670803904533386230e-02
8.157762885093688965e-02
-1.856185495853424072e-01
-7.058078050613403320e-02
-7.953180074691772461e-01
-8.106834292411804199e-01
-8.186500668525695801e-01
-8.063993453979492188e-01
-4.474937915802001953e-01
-3.778658509254455566e-01
-2.225475609302520752e-01
-3.738383948802947998e-01
-3.066632747650146484e-01
-2.557954192161560059e-02
2.364907264709472656e-01
-1.470640301704406738e-02
-1.107824802398681641e+00
-1.190296649932861328e+00
-1.395161151885986328e+00
-1.291041493415832520e+00
-3.607119917869567871e-01
-4.960781633853912354e-01
-3.724176585674285889e-01
-2.891773581504821777e-01
1.765818297863006592e-01
1.901641339063644409e-01
6.370749473571777344e-01
5.971967577934265137e-01
-1.737292408943176270e+00
-1.594217896461486816e+00
-1.706142783164978027e+00
-1.704437494277954102e+00
-3.384116291999816895e-01
-2.984344959259033203e-01
-1.069439053535461426e-01
6.743067502975463867e-02
1.064139127731323242e+00
8.233069777488708496e-01
1.352635979652404785e+00
1.616086959838867188e+00
-1.073217868804931641e+00
-1.409316301345825195e+00
-1.586398839950561523e+00
-1.096302986145019531e+00
5.583039522171020508e-01
2.662254273891448975e-01
-3.415299654006958008e-01
3.377435803413391113e-01
2.360494136810302734e+00
1.893652558326721191e+00
1.225380301475524902e+00
1.925213098526000977e+00
-1.480024933815002441e+00
-1.363642930984497070e+00
-1.123837471008300781e+00
-1.216399431228637695e+00
-6.441476941108703613e-01
-3.175107538700103760e-01
-6.495532393455505371e-02
-2.251704037189483643e-01
5.357991456985473633e-01
5.937896966934204102e-01
7.012315988540649414e-01
7.559107542037963867e-01
-7.659138441085815430e-01
-7.293209433555603027e-01
-6.447272896766662598e-01
-7.288714051246643066e-01
-2.455249726772308350e-01
-2.408896684646606445e-01
-1.732231378555297852e-01
-2.303647696971893311e-01
1.769459247589111328e-01
6.323564052581787109e-02
3.023386001586914062e-03
9.504681825637817383e-02
-7.048770189285278320e-01
-7.084624767303466797e-01
-7.736330032348632812e-01
-7.869344949722290039e-01
-3.691450655460357666e-01
-2.563332915306091309e-01
-3.207327127456665039e-01
-3.742716014385223389e-01
-1.116593778133392334e-01
8.611744642257690430e-02
-6.262534856796264648e-02
-8.446955680847167969e-02
-8.880853652954101562e-01
-8.851205110549926758e-01
-8.979296684265136719e-01
-9.199261069297790527e-01
-3.697123229503631592e-01
-3.345438838005065918e-01
-2.986340820789337158e-01
-3.600967228412628174e-01
-9.580111503601074219e-02
7.931183278560638428e-02
1.650296896696090698e-01
3.839880228042602539e-02
-1.162310719490051270e+00
-1.418980360031127930e+00
-1.541698813438415527e+00
-1.256664991378784180e+00
-2.068289220333099365e-01
-3.578993678092956543e-01
-4.826646149158477783e-01
-3.788622319698333740e-01
4.525400400161743164e-01
5.978624224662780762e-01
6.553239822387695312e-01
3.850858509540557861e-01
-1.645076990127563477e+00
-1.579423546791076660e+00
-1.533409714698791504e+00
-1.442917108535766602e+00
-1.528781950473785400e-01
2.589167356491088867e-01
-4.609715938568115234e-02
-2.104549705982208252e-01
1.352557182312011719e+00
1.676406383514404297e+00
1.391746997833251953e+00
1.133414983749389648e+00
-9.428470134735107422e-01
-1.074503660202026367e+00
-1.404504179954528809e+00
-1.132125377655029297e+00
7.773293256759643555e-01
5.992997288703918457e-01
-9.887570142745971680e-02
3.536156415939331055e-01
2.357627630233764648e+00
2.011475801467895508e+00
1.247483253479003906e+00
1.804778814315795898e+00
-1.419704198837280273e+00
-1.170922994613647461e+00
-1.057353973388671875e+00
-1.203348636627197266e+00
-4.951067566871643066e-01
-2.523190081119537354e-01
2.553954720497131348e-02
-1.021676361560821533e-01
5.499824285507202148e-01
5.388863086700439453e-01
8.259147405624389648e-01
9.863219857215881348e-01
-8.594757318496704102e-01
-8.343952894210815430e-01
-8.373672962188720703e-01
-8.735852837562561035e-01
-2.865436673164367676e-01
-3.193553090095520020e-01
-2.671443819999694824e-01
-3.192150592803955078e-01
1.147475540637969971e-01
2.610138058662414551e-02
1.825686544179916382e-01
1.902593225240707397e-01
-8.425797224044799805e-01
-8.797756433486938477e-01
-8.947110176086425781e-01
-8.795520663261413574e-01
-3.364610075950622559e-01
-4.520222544670104980e-01
-4.447534978389739990e-01
-3.688439130783081055e-01
6.348207592964172363e-02
4.217386245727539062e-03
-2.968022227287292480e-02
6.506690382957458496e-02
-8.878999948501586914e-01
-9.301172494888305664e-01
-9.536730051040649414e-01
-9.331955909729003906e-01
-3.394191563129425049e-01
-4.233700037002563477e-01
-4.051644802093505859e-01
-4.155521988868713379e-01
1.502925455570220947e-01
9.418368339538574219e-03
2.602019906044006348e-02
5.374550819396972656e-04
-1.073504924774169922e+00
-1.162805080413818359e+00
-1.269877910614013672e+00
-1.133908629417419434e+00
-9.830728173255920410e-02
-2.569649517536163330e-01
-3.784672319889068604e-01
-3.820387125015258789e-01
6.030689477920532227e-01
5.434080362319946289e-01
4.011332392692565918e-01
3.310756981372833252e-01
-1.429194211959838867e+00
-1.290698051452636719e+00
-1.388020992279052734e+00
-1.454657554626464844e+00
-2.865394949913024902e-01
7.797080278396606445e-02
1.782881617546081543e-01
-6.474542617797851562e-02
7.584444284439086914e-01
1.284448862075805664e+00
1.716091156005859375e+00
1.319308996200561523e+00
-1.276493430137634277e+00
-1.334875345230102539e+00
-1.692016243934631348e+00
-1.504364609718322754e+00
2.808386087417602539e-01
3.258464932441711426e-01
-1.965480744838714600e-01
-1.064807176589965820e-03
1.807379484176635742e+00
1.910688400268554688e+00
1.161992907524108887e+00
1.302752494812011719e+00
-1.470061063766479492e+00
-1.248336315155029297e+00
-9.955915212631225586e-01
-1.207806825637817383e+00
-3.279103040695190430e-01
-1.312911808490753174e-01
7.528537511825561523e-02
-5.275323987007141113e-02
8.593595027923583984e-01
7.921344637870788574e-01
7.037159204483032227e-01
8.968564271926879883e-01
-6.468514204025268555e-01
-7.094196677207946777e-01
-7.074155211448669434e-01
-7.053556442260742188e-01
-6.447240710258483887e-02
-1.441238224506378174e-01
-2.409225702285766602e-01
-2.199442386627197266e-01
3.307221829891204834e-01
1.867989003658294678e-01
9.671121835708618164e-03
9.052672982215881348e-02
-6.281791925430297852e-01
-6.889059543609619141e-01
-6.219588518142700195e-01
-5.937789082527160645e-01
-1.588961780071258545e-01
-2.809255123138427734e-01
-2.883943915367126465e-01
-1.098068356513977051e-01
1.567938625812530518e-01
1.568445563316345215e-02
-1.357677876949310303e-01
1.019898653030395508e-01
-5.972578525543212891e-01
-7.009975910186767578e-01
-6.838135123252868652e-01
-6.504995226860046387e-01
-2.581928670406341553e-01
-2.732731699943542480e-01
-2.608085274696350098e-01
-2.560500502586364746e-01
-2.406916022300720215e-02
5.016872286796569824e-02
7.671865820884704590e-02
-3.115591406822204590e-02
-9.880903959274291992e-01
-1.085628628730773926e+00
-1.295334219932556152e+00
-1.079751968383789062e+00
-1.493295282125473022e-01
-2.296591103076934814e-01
-3.980984687805175781e-01
-3.595372438430786133e-01
3.121272921562194824e-01
4.797329604625701904e-01
4.564495384693145752e-01
3.176506161689758301e-01
-1.550369262695312500e+00
-1.467228651046752930e+00
-1.442891716957092285e+00
-1.430823206901550293e+00
-3.760432004928588867e-01
-8.568575978279113770e-02
1.379462778568267822e-01
6.842586398124694824e-02
7.029533386230468750e-01
1.167766332626342773e+00
1.826003551483154297e+00
1.613733530044555664e+00
-1.499041676521301270e+00
-1.593964934349060059e+00
-1.845044732093811035e+00
-1.704393863677978516e+00
-1.159092783927917480e-01
-3.587672114372253418e-02
-4.561444222927093506e-01
-3.855833411216735840e-01
1.415943622589111328e+00
1.659226655960083008e+00
1.105582952499389648e+00
8.339047431945800781e-01
-1.541507244110107422e+00
-1.201344490051269531e+00
-1.039581656455993652e+00
-1.326145172119140625e+00
-4.402021169662475586e-01
-2.572214305400848389e-01
4.875513911247253418e-02
-1.705615818500518799e-01
9.614912867546081543e-01
6.629417538642883301e-01
5.407025814056396484e-01
8.213072419166564941e-01
-6.611865758895874023e-01
-6.506871581077575684e-01
-6.267856359481811523e-01
-7.342393994331359863e-01
-1.557353138923645020e-01
-2.046253681182861328e-01
-2.464137673377990723e-01
-3.145461678504943848e-01
3.214526772499084473e-01
1.918936222791671753e-01
-1.098309159278869629e-01
-4.364103078842163086e-02
-6.436589360237121582e-01
-6.210542917251586914e-01
-6.961447000503540039e-01
-7.317396998405456543e-01
-2.195356488227844238e-01
-1.426728963851928711e-01
-2.090145945549011230e-01
-2.478322982788085938e-01
-3.705984354019165039e-02
7.632875442504882812e-02
1.651515960693359375e-01
1.626438349485397339e-01
-7.258517146110534668e-01
-7.117631435394287109e-01
-6.981077194213867188e-01
-7.517697811126708984e-01
-2.647746205329895020e-01
-2.514972090721130371e-01
-2.054103016853332520e-01
-2.620384097099304199e-01
-3.471344709396362305e-03
5.404731631278991699e-02
2.013992369174957275e-01
1.013792306184768677e-01
-1.043940663337707520e+00
-1.115061998367309570e+00
-1.361442089080810547e+00
-1.316954016685485840e+00
-2.421357035636901855e-01
-2.571952342987060547e-01
-5.233652591705322266e-01
-4.920871853828430176e-01
3.904275596141815186e-01
5.111023783683776855e-01
4.313510358333587646e-01
3.020233511924743652e-01
-1.667396545410156250e+00
-1.429906964302062988e+00
-1.508428812026977539e+00
-1.646871805191040039e+00
-4.194082617759704590e-01
-4.574415087699890137e-02
1.086268872022628784e-01
1.144737005233764648e-02
1.136321306228637695e+00
1.347921729087829590e+00
1.705109477043151855e+00
1.682362318038940430e+00
-1.168388366699218750e+00
-1.383652925491333008e+00
-1.468153476715087891e+00
-1.221090912818908691e+00
-1.149392127990722656e-02
9.850808978080749512e-02
8.573035895824432373e-02
-3.611209988594055176e-02
7.423887252807617188e-01
1.503131270408630371e+00
1.382282018661499023e+00
6.326205134391784668e-01
-1.434793353080749512e+00
-1.291042566299438477e+00
-1.080376863479614258e+00
-1.163796186447143555e+00
-2.239700257778167725e-01
-2.379862070083618164e-01
9.799897670745849609e-04
1.339722722768783569e-01
1.035533905029296875e+00
7.863762974739074707e-01
7.160133123397827148e-01
9.517889022827148438e-01
-7.589342594146728516e-01
-7.987537384033203125e-01
-8.632733225822448730e-01
-8.854927420616149902e-01
-2.240970134735107422e-01
-4.281671047210693359e-01
-5.343179106712341309e-01
-3.988022804260253906e-01
3.336464464664459229e-01
-1.488682329654693604e-01
-3.944330811500549316e-01
9.081903100013732910e-02
-9.377922415733337402e-01
-8.911923170089721680e-01
-9.680985212326049805e-01
-9.495570659637451172e-01
-4.560750424861907959e-01
-4.265893101692199707e-01
-5.064802169799804688e-01
-4.881748855113983154e-01
-1.180221140384674072e-01
-6.665071845054626465e-02
-1.848126053810119629e-01
-4.855352640151977539e-02
-9.467083215713500977e-01
-8.744828701019287109e-01
-8.471698760986328125e-01
-9.371739029884338379e-01
-5.032386779785156250e-01
-3.861649036407470703e-01
-2.657454311847686768e-01
-3.553228974342346191e-01
-2.788152098655700684e-01
-4.086208343505859375e-02
2.433260679244995117e-01
1.269443035125732422e-01
-1.141876578330993652e+00
-1.330453872680664062e+00
-1.409418821334838867e+00
-1.239573836326599121e+00
-2.976536452770233154e-01
-3.269402682781219482e-01
-3.458517193794250488e-01
-3.889257609844207764e-01
2.416485697031021118e-01
6.541066765785217285e-01
6.652417182922363281e-01
2.551825344562530518e-01
-1.675474882125854492e+00
-1.639954805374145508e+00
-1.539869546890258789e+00
-1.620585322380065918e+00
-3.326851427555084229e-01
2.517663240432739258e-01
3.560242354869842529e-01
-1.196073889732360840e-01
1.155071020126342773e+00
2.227834224700927734e+00
1.901921391487121582e+00
1.151401758193969727e+00
