-6.531910300254821777e-01
-6.445729136466979980e-01
-7.540821433067321777e-01
-7.060798406600952148e-01
1.163778305053710938e-01
4.557627439498901367e-02
2.356809377670288086e-02
1.058412194252014160e-01
8.199509382247924805e-01
6.733238697052001953e-01
8.383916616439819336e-01
9.369748234748840332e-01
-7.510919570922851562e-01
-6.663050651550292969e-01
-6.560300588607788086e-01
-6.985878944396972656e-01
-5.512529611587524414e-02
-8.267927169799804688e-02
-1.170161366462707520e-01
-7.390588521957397461e-02
7.207337617874145508e-01
4.515035152435302734e-01
3.262733221054077148e-01
5.198619961738586426e-01
-6.225603818893432617e-01
-6.247519254684448242e-01
-5.977699756622314453e-01
-5.967039465904235840e-01
-8.843505382537841797e-02
-9.056472778320312500e-02
-2.820269167423248291e-01
-2.567521929740905762e-01
4.146416187286376953e-01
3.455642461776733398e-01
-2.355623245239257812e-02
3.859019279479980469e-02
-5.392531752586364746e-01
-5.819811820983886719e-01
-4.893566668033599854e-01
-4.844776391983032227e-01
-2.708774209022521973e-01
-3.432437777519226074e-01
-2.855251133441925049e-01
-1.943047046661376953e-01
2.806782722473144531e-03
-6.427645683288574219e-02
-1.532764434814453125e-01
-6.933987140655517578e-03
-5.373462438583374023e-01
-6.152066588401794434e-01
-6.028593778610229492e-01
-5.680434703826904297e-01
-2.694762945175170898e-01
-3.097971677780151367e-01
-2.970805466175079346e-01
-2.750096619129180908e-01
-1.285429000854492188e-01
-8.259534835815429688e-02
-5.465340614318847656e-02
-1.090072393417358398e-01
-6.932439208030700684e-01
-6.802283525466918945e-01
-6.776236295700073242e-01
-7.391804456710815430e-01
-3.159123361110687256e-01
-2.675041854381561279e-01
-1.733242869377136230e-01
-2.403687834739685059e-01
5.242222547531127930e-02
9.638273715972900391e-02
2.193293571472167969e-01
1.985377669334411621e-01
-6.000956296920776367e-01
-4.970828890800476074e-01
-5.299198627471923828e-01
-6.566372513771057129e-01
-1.025996208190917969e-01
-1.308123469352722168e-01
6.329149007797241211e-02
7.068383693695068359e-02
2.890273332595825195e-01
1.225951910018920898e-01
5.669379234313964844e-01
7.351864576339721680e-01
-6.649493575096130371e-01
-7.522137165069580078e-01
-8.324112296104431152e-01
-6.908444166183471680e-01
1.437339782714843750e-01
3.024619817733764648e-02
-3.959041833877563477e-02
1.458450555801391602e-01
9.113954901695251465e-01
7.086391448974609375e-01
6.268039345741271973e-01
8.300337791442871094e-01
-7.531912922859191895e-01
-7.374395728111267090e-01
-6.807109117507934570e-01
-7.158015370368957520e-01
-1.260826587677001953e-01
-1.873498558998107910e-01
-1.598731875419616699e-01
-1.231094598770141602e-01
4.147420525550842285e-01
2.723149657249450684e-01
2.449701428413391113e-01
4.203634858131408691e-01
-5.226019024848937988e-01
-5.121532678604125977e-01
-5.132331252098083496e-01
-5.516993999481201172e-01
-1.698899269104003906e-01
-1.725422739982604980e-01
-2.588158547878265381e-01
-2.334548234939575195e-01
1.615704298019409180e-01
1.272192001342773438e-01
-7.049447298049926758e-02
4.588133096694946289e-02
-4.368589520454406738e-01
-4.599254131317138672e-01
-4.376451373100280762e-01
-4.629754424095153809e-01
-1.976333856582641602e-01
-1.933759450912475586e-01
-1.720624566078186035e-01
-1.941886544227600098e-01
-5.020678043365478516e-03
-5.958795547485351562e-02
-5.667644739151000977e-02
1.789283752441406250e-02
-4.493322372436523438e-01
-4.659191966056823730e-01
-4.925732016563415527e-01
-4.746742844581604004e-01
-1.600697636604309082e-01
-1.945920586585998535e-01
-2.110622525215148926e-01
-2.070904374122619629e-01
-1.912903785705566406e-02
3.169381618499755859e-02
5.926632881164550781e-02
-7.259488105773925781e-03
-6.667339801788330078e-01
-7.481262087821960449e-01
-8.262133002281188965e-01
-7.354407906532287598e-01
-2.627584934234619141e-01
-2.127009630203247070e-01
-1.757461428642272949e-01
-2.508234083652496338e-01
6.751507520675659180e-02
3.226773738861083984e-01
4.301798343658447266e-01
1.382941603660583496e-01
-8.734919428825378418e-01
-8.300615549087524414e-01
-7.811196446418762207e-01
-8.055951595306396484e-01
-1.879549622535705566e-01
-8.899730443954467773e-02
3.245347738265991211e-02
-1.833552122116088867e-02
5.279184579849243164e-01
4.848706126213073730e-01
7.146652936935424805e-01
7.053917646408081055e-01
-5.726902484893798828e-01
-6.262512207031250000e-01
-7.397221922874450684e-01
-5.857992172241210938e-01
9.757775068283081055e-02
4.153710603713989258e-02
-1.596388816833496094e-01
-3.513097763061523438e-02
8.298888206481933594e-01
6.742070913314819336e-01
5.006309151649475098e-01
5.639395117759704590e-01
-6.626325845718383789e-01
-6.196179986000061035e-01
-5.006904602050781250e-01
-5.560743808746337891e-01
-2.801188528537750244e-01
-2.017361521720886230e-01
-9.220510721206665039e-02
-1.710128784179687500e-01
2.126357555389404297e-01
2.335962057113647461e-01
2.637352943420410156e-01
2.026769518852233887e-01
-4.931703209877014160e-01
-5.196926593780517578e-01
-4.528358876705169678e-01
-4.576834142208099365e-01
-2.201510667800903320e-01
-2.088118195533752441e-01
-1.473879814147949219e-01
-1.491701602935791016e-01
5.454218387603759766e-02
1.091240644454956055e-01
5.849397182464599609e-02
5.156493186950683594e-02
-4.667562842369079590e-01
-4.768685102462768555e-01
-4.736907184123992920e-01
-4.574137330055236816e-01
-1.544080376625061035e-01
-1.821082830429077148e-01
-1.468349695205688477e-01
-1.062587499618530273e-01
1.936030387878417969e-02
4.501271247863769531e-02
4.928970336914062500e-02
9.562051296234130859e-02
-4.830308854579925537e-01
-5.091965198516845703e-01
-5.186557173728942871e-01
-5.133936405181884766e-01
-1.362594366073608398e-01
-1.885566711425781250e-01
-2.307707667350769043e-01
-1.901146769523620605e-01
7.879596948623657227e-02
2.713799476623535156e-04
3.694295883178710938e-03
1.039970517158508301e-01
-6.224155426025390625e-01
-7.020276188850402832e-01
-7.868346571922302246e-01
-6.983467936515808105e-01
-1.568891406059265137e-01
-2.267310917377471924e-01
-3.521196842193603516e-01
-3.298930823802947998e-01
1.802476048469543457e-01
2.201370596885681152e-01
1.590764522552490234e-01
1.041090488433837891e-02
-8.279520869255065918e-01
-7.277864217758178711e-01
-7.743162512779235840e-01
-7.887452840805053711e-01
-2.469894289970397949e-01
-7.359927892684936523e-02
-7.703846693038940430e-02
-1.933180689811706543e-01
3.463659882545471191e-01
4.840593338012695312e-01
6.975516080856323242e-01
4.968451857566833496e-01
-6.231060624122619629e-01
-6.803114414215087891e-01
-8.272548913955688477e-01
-7.427462339401245117e-01
1.919763684272766113e-01
4.859101772308349609e-02
-1.436932682991027832e-01
-3.782492876052856445e-02
9.326096773147583008e-01
6.287912130355834961e-01
4.776149988174438477e-01
7.229484915733337402e-01
-6.881827712059020996e-01
-5.829997062683105469e-01
-5.320999622344970703e-01
-6.366834640502929688e-01
-1.516985297203063965e-01
-1.553077101707458496e-01
-1.147530674934387207e-01
-1.321343183517456055e-01
4.059660434722900391e-01
1.733243465423583984e-01
2.111108303070068359e-01
3.776944875717163086e-01
-4.329975545406341553e-01
-3.921007513999938965e-01
-4.090049862861633301e-01
-4.357649385929107666e-01
-1.320906877517700195e-01
-1.080998182296752930e-01
-1.558276414871215820e-01
-1.755426526069641113e-01
1.504988074302673340e-01
1.562584638595581055e-01
7.412159442901611328e-02
7.121139764785766602e-02
-4.313297271728515625e-01
-4.387034177780151367e-01
-4.577462375164031982e-01
-4.603346586227416992e-01
-1.720618605613708496e-01
-1.608845591545104980e-01
-1.776295304298400879e-01
-1.754385828971862793e-01
1.327764987945556641e-02
5.659204721450805664e-02
7.882839441299438477e-02
1.126909852027893066e-01
-5.220572948455810547e-01
-5.303779840469360352e-01
-5.260390639305114746e-01
-5.200488567352294922e-01
-1.982222199440002441e-01
-1.956839561462402344e-01
-2.012150883674621582e-01
-2.062878608703613281e-01
6.884330511093139648e-02
5.223548412322998047e-02
7.431572675704956055e-02
9.765267372131347656e-03
-6.021497249603271484e-01
-6.742073893547058105e-01
-7.721496820449829102e-01
-7.041438817977905273e-01
-1.733877062797546387e-01
-2.138451337814331055e-01
-2.561232745647430420e-01
-3.061643838882446289e-01
1.983321905136108398e-01
1.825665831565856934e-01
2.280532121658325195e-01
1.336426138877868652e-01
-9.045476913452148438e-01
-8.851373195648193359e-01
-8.611393570899963379e-01
-8.765625357627868652e-01
-2.034431695938110352e-01
-1.135995984077453613e-01
-4.393661022186279297e-02
-1.307988762855529785e-01
3.563508391380310059e-01
5.182292461395263672e-01
7.422809004783630371e-01
5.661041736602783203e-01
-7.252873778343200684e-01
-8.002157211303710938e-01
-9.062350392341613770e-01
-7.666692733764648438e-01
7.494181394577026367e-02
4.274600744247436523e-02
-2.772510051727294922e-03
8.642822504043579102e-02
7.489255666732788086e-01
7.712256908416748047e-01
7.454698681831359863e-01
7.710161209106445312e-01
-7.805888056755065918e-01
-7.153620719909667969e-01
-5.769029259681701660e-01
-6.647907495498657227e-01
-1.297081708908081055e-01
-1.062188148498535156e-01
-1.624333858489990234e-02
-7.376646995544433594e-02
4.505194425582885742e-01
3.831374049186706543e-01
3.622533679008483887e-01
4.298692345619201660e-01
-4.908393025398254395e-01
-4.413806796073913574e-01
-4.522335529327392578e-01
-5.144289731979370117e-01
-4.478549957275390625e-02
-1.071879863739013672e-01
-1.259434819221496582e-01
-4.707324504852294922e-02
2.235982418060302734e-01
1.392390727996826172e-01
1.568889617919921875e-01
2.755809426307678223e-01
-4.632585048675537109e-01
-4.694299101829528809e-01
-4.587079584598541260e-01
-4.731276333332061768e-01
-1.357070803642272949e-01
-7.663846015930175781e-02
-9.912806749343872070e-02
-1.044054627418518066e-01
1.229801774024963379e-01
1.599279642105102539e-01
1.314092874526977539e-01
1.022865772247314453e-01
-4.958036839962005615e-01
-4.948617815971374512e-01
-5.017912387847900391e-01
-5.114575624465942383e-01
-7.764023542404174805e-02
-1.048810482025146484e-01
-1.466820240020751953e-01
-1.439042687416076660e-01
1.455616354942321777e-01
1.370337605476379395e-01
1.223823428153991699e-01
1.079173088073730469e-01
-6.289917230606079102e-01
-6.859672069549560547e-01
-8.388236761093139648e-01
-7.267632484436035156e-01
-1.101272106170654297e-01
-2.149288654327392578e-01
-2.973836958408355713e-01
-2.100347280502319336e-01
2.523710727691650391e-01
2.007715106010437012e-01
2.359408736228942871e-01
2.569251656532287598e-01
-8.986548781394958496e-01
-8.383821249008178711e-01
-7.902759909629821777e-01
-8.248451948165893555e-01
-1.937001347541809082e-01
-7.872849702835083008e-02
-4.302722215652465820e-02
-1.366730928421020508e-01
4.828395247459411621e-01
6.077620983123779297e-01
6.867350339889526367e-01
5.330045819282531738e-01
-7.318834662437438965e-01
-7.258981466293334961e-01
-8.474313616752624512e-01
-7.814654707908630371e-01
-1.400667428970336914e-02
3.308361768722534180e-02
-1.045301556587219238e-01
-4.021161794662475586e-02
7.438521385192871094e-01
7.642513513565063477e-01
5.968601703643798828e-01
6.345828771591186523e-01
-6.901368498802185059e-01
-6.086724996566772461e-01
-5.355005264282226562e-01
-6.073964834213256836e-01
-2.038856744766235352e-01
-1.503815650939941406e-01
-9.470784664154052734e-02
-1.791185736656188965e-01
3.596398830413818359e-01
3.639582395553588867e-01
2.768368721008300781e-01
2.811130881309509277e-01
-5.215800404548645020e-01
-5.354587435722351074e-01
-5.094702243804931641e-01
-4.902574419975280762e-01
-1.269478797912597656e-01
-1.784454584121704102e-01
-1.717701554298400879e-01
-8.401727676391601562e-02
1.991031765937805176e-01
1.121755838394165039e-01
1.498115062713623047e-02
1.755469441413879395e-01
-3.979358673095703125e-01
-4.096517562866210938e-01
-3.647649288177490234e-01
-3.815222382545471191e-01
-1.297639012336730957e-01
-1.389381885528564453e-01
-1.541042923927307129e-01
-1.360751390457153320e-01
8.681756258010864258e-02
8.798509836196899414e-02
2.290338277816772461e-02
6.797182559967041016e-02
-4.087259769439697266e-01
-4.610197544097900391e-01
-4.187808036804199219e-01
-4.052975475788116455e-01
-1.676110029220581055e-01
-1.391230821609497070e-01
-9.885311126708984375e-02
-1.187205910682678223e-01
-1.531994342803955078e-02
6.164568662643432617e-02
1.057835221290588379e-01
3.595441579818725586e-02
-6.016424894332885742e-01
-6.930072307586669922e-01
-7.667672038078308105e-01
-6.903896927833557129e-01
-1.017108559608459473e-01
-1.487457752227783203e-01
-2.121944129467010498e-01
-1.416674256324768066e-01
2.783910036087036133e-01
3.537294864654541016e-01
3.297328948974609375e-01
2.474161386489868164e-01
-8.246469497680664062e-01
-7.633972167968750000e-01
-7.630809545516967773e-01
-7.936631441116333008e-01
-2.343481481075286865e-01
-6.224536895751953125e-02
-5.272579193115234375e-02
-1.171751022338867188e-01
4.002415537834167480e-01
5.947190523147583008e-01
5.745424032211303711e-01
4.450150728225708008e-01
-7.154802680015563965e-01
-7.662304043769836426e-01
-8.096648454666137695e-01
-7.380997538566589355e-01
-1.049685478210449219e-02
6.935477256774902344e-02
-6.463944911956787109e-03
-6.112378835678100586e-02
6.170837879180908203e-01
7.880349159240722656e-01
5.360158681869506836e-01
3.571034669876098633e-01
-6.504064202308654785e-01
-5.879755020141601562e-01
-5.436418652534484863e-01
-6.271624565124511719e-01
-1.835088729858398438e-01
-1.726719141006469727e-01
-2.014198899269104004e-01
-1.873677372932434082e-01
3.311963081359863281e-01
2.759806513786315918e-01
1.198112964630126953e-01
2.017145752906799316e-01
-5.264543294906616211e-01
-4.841598272323608398e-01
-5.493475198745727539e-01
-5.654510259628295898e-01
-9.546715021133422852e-02
-7.586550712585449219e-02
-1.937568783760070801e-01
-1.823500990867614746e-01
1.387809514999389648e-01
1.370949745178222656e-01
-1.674282550811767578e-02
4.802644252777099609e-02
-5.106908082962036133e-01
-4.323019981384277344e-01
-4.858999848365783691e-01
-5.617983341217041016e-01
-2.075703144073486328e-01
-2.017707824707031250e-01
-2.486127614974975586e-01
-2.339042425155639648e-01
2.239942550659179688e-03
-1.535212993621826172e-02
-7.211232185363769531e-02
4.553711414337158203e-02
-4.711585342884063721e-01
-4.234604537487030029e-01
-4.787373840808868408e-01
-5.151202678680419922e-01
-2.048101425170898438e-01
-1.809754371643066406e-01
-2.418888211250305176e-01
-2.731910049915313721e-01
-9.022492170333862305e-02
-2.441602945327758789e-02
-8.153975009918212891e-02
-1.168457865715026855e-01
-5.959880352020263672e-01
-6.249493360519409180e-01
-6.939845085144042969e-01
-6.777870059013366699e-01
-1.993896961212158203e-01
-1.422280073165893555e-01
-2.051039338111877441e-01
-3.003948926925659180e-01
3.988724946975708008e-02
2.513686418533325195e-01
1.485417485237121582e-01
-4.866027832031250000e-02
-7.415053844451904297e-01
-7.249997258186340332e-01
-6.834139823913574219e-01
-7.132781147956848145e-01
-3.124565482139587402e-01
-1.066377758979797363e-01
-8.731091022491455078e-02
-2.352940440177917480e-01
1.642755270004272461e-01
4.720735549926757812e-01
3.443524837493896484e-01
8.893644809722900391e-02
