3.051209747791290283e-01
3.007188439369201660e-01
3.125658333301544189e-01
3.181952238082885742e-01
1.914464235305786133e-01
2.191871106624603271e-01
2.251307070255279541e-01
1.934885084629058838e-01
9.555661678314208984e-02
1.687550544738769531e-01
1.532177925109863281e-01
8.355411887168884277e-02
3.193682134151458740e-01
3.155317902565002441e-01
3.146500587463378906e-01
3.140684962272644043e-01
2.357052266597747803e-01
2.397872209548950195e-01
2.467331588268280029e-01
2.406247556209564209e-01
1.592132449150085449e-01
1.926116943359375000e-01
2.028903663158416748e-01
1.690850555896759033e-01
3.153989315032958984e-01
3.219008445739746094e-01
3.132826089859008789e-01
3.072671592235565186e-01
2.599482536315917969e-01
2.750154137611389160e-01
2.686761617660522461e-01
2.488958239555358887e-01
2.215385138988494873e-01
2.459678053855895996e-01
2.371262311935424805e-01
2.125206589698791504e-01
3.121551275253295898e-01
3.159958124160766602e-01
3.013045191764831543e-01
3.027483522891998291e-01
2.684399485588073730e-01
2.777261137962341309e-01
2.672920227050781250e-01
2.614720463752746582e-01
2.400973737239837646e-01
2.342595756053924561e-01
2.327800393104553223e-01
2.312722802162170410e-01
3.080506324768066406e-01
3.100378215312957764e-01
3.125445842742919922e-01
3.103586435317993164e-01
2.668733000755310059e-01
2.510528564453125000e-01
2.371280789375305176e-01
2.548601925373077393e-01
2.358409762382507324e-01
1.985510587692260742e-01
1.861706078052520752e-01
2.168157696723937988e-01
3.148899674415588379e-01
3.180823922157287598e-01
3.226456344127655029e-01
3.284520208835601807e-01
2.493057250976562500e-01
2.413476109504699707e-01
2.396658062934875488e-01
2.430694401264190674e-01
1.924764811992645264e-01
1.705145239830017090e-01
1.623659729957580566e-01
1.735461354255676270e-01
3.373552262783050537e-01
3.255077600479125977e-01
3.265810608863830566e-01
3.396997451782226562e-01
2.333659529685974121e-01
2.029179632663726807e-01
1.930661201477050781e-01
2.174686491489410400e-01
1.346178948879241943e-01
1.134230196475982666e-01
1.005692481994628906e-01
1.159104406833648682e-01
3.059771656990051270e-01
3.208784162998199463e-01
3.268160820007324219e-01
3.035560846328735352e-01
1.926041841506958008e-01
2.152600586414337158e-01
2.254334688186645508e-01
1.941784024238586426e-01
7.951280474662780762e-02
1.118194758892059326e-01
1.367428898811340332e-01
9.587642550468444824e-02
3.137521445751190186e-01
3.104327917098999023e-01
3.057461977005004883e-01
3.110328912734985352e-01
2.420929372310638428e-01
2.477251291275024414e-01
2.399844527244567871e-01
2.284185886383056641e-01
1.632641553878784180e-01
1.821517944335937500e-01
1.765554249286651611e-01
1.416978836059570312e-01
3.011123239994049072e-01
2.968341708183288574e-01
2.952011823654174805e-01
2.959707379341125488e-01
2.460235059261322021e-01
2.439704239368438721e-01
2.377905547618865967e-01
2.416720092296600342e-01
1.976758837699890137e-01
1.927887499332427979e-01
2.095731198787689209e-01
1.937174499034881592e-01
2.955188155174255371e-01
2.931644022464752197e-01
2.895458638668060303e-01
2.936812043190002441e-01
2.452594339847564697e-01
2.492046952247619629e-01
2.471441030502319336e-01
2.428348362445831299e-01
2.182339429855346680e-01
2.218603789806365967e-01
2.291955947875976562e-01
2.160780131816864014e-01
2.975233197212219238e-01
3.000953793525695801e-01
3.111302256584167480e-01
3.043937087059020996e-01
2.547913491725921631e-01
2.498617768287658691e-01
2.432794570922851562e-01
2.553993165493011475e-01
2.378163039684295654e-01
2.179526984691619873e-01
2.003390789031982422e-01
2.172698080539703369e-01
3.259930312633514404e-01
3.356965780258178711e-01
3.411137759685516357e-01
3.345603942871093750e-01
2.605686783790588379e-01
2.659853696823120117e-01
2.711951136589050293e-01
2.627206444740295410e-01
2.056550383567810059e-01
1.936407983303070068e-01
1.839734613895416260e-01
1.993623077869415283e-01
3.544642031192779541e-01
3.508510589599609375e-01
3.512992262840270996e-01
3.501363694667816162e-01
2.587882876396179199e-01
2.339219450950622559e-01
2.328423261642456055e-01
2.496170401573181152e-01
1.633675396442413330e-01
1.279338598251342773e-01
1.161797642707824707e-01
1.540459394454956055e-01
2.977934479713439941e-01
3.009466528892517090e-01
3.243982791900634766e-01
3.094180524349212646e-01
1.926267743110656738e-01
1.951529681682586670e-01
2.263171672821044922e-01
2.109479010105133057e-01
9.005284309387207031e-02
1.093112826347351074e-01
1.287001967430114746e-01
1.126317083835601807e-01
3.272665143013000488e-01
3.204312920570373535e-01
3.127869367599487305e-01
3.189660608768463135e-01
2.457700073719024658e-01
2.345586419105529785e-01
2.210488915443420410e-01
2.265753149986267090e-01
1.628128290176391602e-01
1.675606071949005127e-01
1.527545750141143799e-01
1.483744084835052490e-01
3.013869524002075195e-01
3.014184236526489258e-01
2.909464240074157715e-01
2.912206649780273438e-01
2.369154095649719238e-01
2.350573837757110596e-01
2.399733662605285645e-01
2.430287599563598633e-01
1.843396127223968506e-01
1.880575716495513916e-01
2.072997093200683594e-01
1.968254446983337402e-01
3.012098073959350586e-01
2.955605983734130859e-01
2.988223433494567871e-01
3.021304011344909668e-01
2.517217993736267090e-01
2.513879835605621338e-01
2.542043328285217285e-01
2.477186620235443115e-01
2.188566923141479492e-01
2.145235836505889893e-01
2.222646772861480713e-01
2.056960165500640869e-01
3.046336472034454346e-01
3.054828643798828125e-01
3.049423694610595703e-01
3.060609698295593262e-01
2.516987323760986328e-01
2.584764957427978516e-01
2.544664144515991211e-01
2.479515671730041504e-01
2.151874303817749023e-01
2.222923636436462402e-01
2.176557779312133789e-01
2.071774899959564209e-01
3.155983686447143555e-01
3.300781250000000000e-01
3.390687704086303711e-01
3.200623095035552979e-01
2.432309687137603760e-01
2.530625164508819580e-01
2.620736956596374512e-01
2.574435472488403320e-01
1.929077804088592529e-01
1.838532686233520508e-01
1.901879310607910156e-01
2.046652734279632568e-01
3.487741351127624512e-01
3.421407043933868408e-01
3.371294140815734863e-01
3.393559455871582031e-01
2.602438032627105713e-01
2.403655946254730225e-01
2.351467013359069824e-01
2.458971142768859863e-01
1.765974760055541992e-01
1.724221408367156982e-01
1.425877511501312256e-01
1.443296968936920166e-01
3.176403939723968506e-01
3.278173804283142090e-01
3.400610685348510742e-01
3.252718448638916016e-01
1.930617690086364746e-01
1.990114152431488037e-01
2.289187908172607422e-01
2.149420380592346191e-01
7.114481925964355469e-02
9.884956479072570801e-02
1.357381939888000488e-01
1.115619540214538574e-01
3.406851887702941895e-01
3.252457380294799805e-01
3.196838200092315674e-01
3.301610350608825684e-01
2.369367480278015137e-01
2.200298905372619629e-01
2.205485701560974121e-01
2.342263758182525635e-01
1.290771663188934326e-01
1.440151035785675049e-01
1.631909310817718506e-01
1.425766646862030029e-01
3.021913766860961914e-01
2.994285523891448975e-01
3.023293018341064453e-01
2.996491789817810059e-01
2.307111620903015137e-01
2.452422380447387695e-01
2.556001543998718262e-01
2.395874559879302979e-01
1.815221309661865234e-01
1.923190653324127197e-01
2.144883573055267334e-01
1.947663426399230957e-01
3.043039441108703613e-01
3.001225888729095459e-01
3.041946887969970703e-01
3.106448650360107422e-01
2.563707232475280762e-01
2.507053315639495850e-01
2.662345468997955322e-01
2.582600414752960205e-01
2.186270654201507568e-01
2.185779809951782227e-01
2.374995052814483643e-01
2.140876948833465576e-01
3.102071881294250488e-01
3.078809380531311035e-01
3.104041814804077148e-01
3.110109567642211914e-01
2.631826400756835938e-01
2.536600530147552490e-01
2.618408501148223877e-01
2.615855038166046143e-01
2.305553257465362549e-01
2.169103622436523438e-01
2.173211574554443359e-01
2.319813668727874756e-01
3.164096176624298096e-01
3.157904446125030518e-01
3.283138275146484375e-01
3.213555216789245605e-01
2.557345032691955566e-01
2.451222240924835205e-01
2.504582703113555908e-01
2.696982324123382568e-01
1.973756849765777588e-01
1.869319379329681396e-01
1.871196925640106201e-01
2.019096314907073975e-01
3.448017835617065430e-01
3.351892828941345215e-01
3.350692689418792725e-01
3.403921127319335938e-01
2.510936856269836426e-01
2.340807914733886719e-01
2.211204767227172852e-01
2.336678206920623779e-01
1.731026768684387207e-01
1.413388848304748535e-01
1.119157671928405762e-01
1.328874230384826660e-01
3.123088479042053223e-01
3.192997574806213379e-01
3.386140167713165283e-01
3.159872293472290039e-01
1.859509050846099854e-01
2.062901258468627930e-01
2.368622124195098877e-01
2.026662528514862061e-01
7.074239850044250488e-02
1.032760143280029297e-01
1.267799139022827148e-01
9.100925922393798828e-02
3.388099670410156250e-01
3.274769783020019531e-01
3.167149424552917480e-01
3.245182037353515625e-01
2.557821273803710938e-01
2.464074492454528809e-01
2.273302674293518066e-01
2.337269186973571777e-01
1.476426720619201660e-01
1.626966595649719238e-01
1.595503091812133789e-01
1.440412402153015137e-01
3.130237460136413574e-01
3.084747195243835449e-01
3.098378479480743408e-01
3.130935430526733398e-01
2.499364316463470459e-01
2.447120547294616699e-01
2.515376210212707520e-01
2.537714242935180664e-01
1.912251114845275879e-01
2.019146382808685303e-01
2.054221034049987793e-01
1.924990415573120117e-01
3.124692440032958984e-01
3.172256648540496826e-01
3.134448528289794922e-01
3.099156320095062256e-01
2.604241371154785156e-01
2.571227848529815674e-01
2.674162089824676514e-01
2.568134069442749023e-01
2.157593369483947754e-01
2.197993993759155273e-01
2.145361304283142090e-01
2.041630446910858154e-01
3.146541416645050049e-01
3.167235255241394043e-01
3.152247667312622070e-01
3.162331879138946533e-01
2.651466429233551025e-01
2.577763795852661133e-01
2.676986455917358398e-01
2.644608616828918457e-01
2.201097309589385986e-01
2.258871793746948242e-01
2.245267033576965332e-01
2.197756767272949219e-01
3.210028409957885742e-01
3.234229981899261475e-01
3.358985781669616699e-01
3.325431942939758301e-01
2.646442651748657227e-01
2.664114236831665039e-01
2.637673020362854004e-01
2.621582448482513428e-01
2.073594927787780762e-01
2.023476064205169678e-01
1.910022199153900146e-01
2.044651210308074951e-01
3.436925113201141357e-01
3.398542404174804688e-01
3.216401934623718262e-01
3.280340433120727539e-01
2.426364719867706299e-01
2.083609402179718018e-01
1.971311867237091064e-01
2.289903163909912109e-01
1.555764973163604736e-01
1.203613281250000000e-01
1.079354584217071533e-01
1.448719799518585205e-01
2.908754944801330566e-01
3.055603504180908203e-01
3.180152177810668945e-01
3.029711842536926270e-01
1.876711249351501465e-01
1.859899461269378662e-01
2.151567339897155762e-01
1.985570192337036133e-01
9.455654025077819824e-02
8.001834154129028320e-02
1.218199133872985840e-01
1.276832818984985352e-01
3.273784518241882324e-01
3.258067667484283447e-01
3.165675401687622070e-01
3.153669834136962891e-01
2.437446117401123047e-01
2.501912713050842285e-01
2.330433726310729980e-01
2.237980961799621582e-01
1.558873057365417480e-01
1.653036177158355713e-01
1.719762384891510010e-01
1.446678638458251953e-01
3.071596622467041016e-01
3.100188672542572021e-01
3.030948638916015625e-01
2.991893589496612549e-01
2.531091570854187012e-01
2.550937831401824951e-01
2.541182935237884521e-01
2.463342696428298950e-01
2.190851569175720215e-01
2.199715077877044678e-01
2.201971411705017090e-01
2.039372920989990234e-01
3.085126578807830811e-01
3.100928962230682373e-01
3.001632392406463623e-01
2.955079078674316406e-01
2.563517987728118896e-01
2.647040486335754395e-01
2.492002993822097778e-01
2.397140562534332275e-01
2.173973619937896729e-01
2.220633625984191895e-01
2.176770269870758057e-01
2.106178402900695801e-01
2.987035810947418213e-01
3.056032359600067139e-01
3.037611544132232666e-01
3.007471561431884766e-01
2.524184286594390869e-01
2.528938949108123779e-01
2.533756494522094727e-01
2.468695938587188721e-01
2.181471288204193115e-01
2.211386859416961670e-01
2.158308029174804688e-01
2.029648721218109131e-01
3.190783858299255371e-01
3.263120055198669434e-01
3.294299542903900146e-01
3.226409554481506348e-01
2.465740740299224854e-01
2.564777731895446777e-01
2.683741450309753418e-01
2.512130737304687500e-01
1.922023296356201172e-01
1.966595351696014404e-01
2.075635790824890137e-01
1.996499001979827881e-01
3.297392725944519043e-01
3.168627023696899414e-01
3.175458312034606934e-01
3.255378603935241699e-01
2.533834576606750488e-01
2.271752953529357910e-01
2.180622220039367676e-01
2.393235564231872559e-01
1.771429777145385742e-01
1.342147290706634521e-01
1.281586289405822754e-01
1.606644093990325928e-01
2.852673530578613281e-01
2.991287410259246826e-01
3.171938955783843994e-01
2.995647192001342773e-01
1.806408464908599854e-01
1.976572573184967041e-01
2.312514483928680420e-01
2.200809717178344727e-01
1.108652055263519287e-01
9.698554873466491699e-02
1.452369093894958496e-01
1.743254363536834717e-01
3.297082781791687012e-01
3.141463994979858398e-01
3.180941045284271240e-01
3.227621316909790039e-01
2.502365708351135254e-01
2.432653307914733887e-01
2.478685975074768066e-01
2.475730776786804199e-01
1.350059211254119873e-01
1.732561886310577393e-01
2.074146866798400879e-01
1.751214563846588135e-01
2.986518144607543945e-01
2.918650209903717041e-01
2.885943651199340820e-01
2.941215932369232178e-01
2.507116496562957764e-01
2.562308013439178467e-01
2.653487324714660645e-01
2.478658258914947510e-01
2.116223871707916260e-01
2.267333865165710449e-01
2.480862289667129517e-01
2.219813466072082520e-01
2.932743728160858154e-01
2.921042442321777344e-01
2.984352111816406250e-01
2.959390878677368164e-01
2.597703933715820312e-01
2.502597272396087646e-01
2.594603002071380615e-01
2.632977068424224854e-01
2.469619512557983398e-01
2.233774960041046143e-01
2.362243533134460449e-01
2.415351271629333496e-01
3.009204268455505371e-01
2.959138453006744385e-01
2.989279627799987793e-01
3.013408482074737549e-01
2.621331810951232910e-01
2.569866180419921875e-01
2.514308989048004150e-01
2.502676844596862793e-01
2.410548627376556396e-01
2.240102589130401611e-01
2.086663246154785156e-01
2.119103074073791504e-01
3.114130795001983643e-01
3.181136846542358398e-01
3.231669962406158447e-01
3.218589723110198975e-01
2.564092576503753662e-01
2.389280498027801514e-01
2.272348105907440186e-01
2.503642141819000244e-01
2.094464898109436035e-01
1.697635352611541748e-01
1.608940362930297852e-01
1.988978385925292969e-01
3.344221413135528564e-01
3.286695778369903564e-01
3.244018852710723877e-01
3.372408449649810791e-01
2.441217601299285889e-01
2.324984669685363770e-01
2.301407158374786377e-01
2.388401329517364502e-01
1.606990396976470947e-01
1.438097059726715088e-01
1.639594435691833496e-01
1.749705672264099121e-01
