-1.608870506286621094e+00
-1.699504852294921875e+00
-1.849967241287231445e+00
-1.743981122970581055e+00
-2.942802906036376953e-01
-4.790526628494262695e-01
-5.252256393432617188e-01
-2.654919624328613281e-01
6.034201383590698242e-01
4.125260114669799805e-01
6.935369968414306641e-01
8.127760887145996094e-01
-1.810622692108154297e+00
-1.628801465034484863e+00
-1.624602913856506348e+00
-1.716695427894592285e+00
-5.608826279640197754e-01
-7.718714475631713867e-01
-6.834009289741516113e-01
-3.891763091087341309e-01
7.286218404769897461e-01
-1.143639087677001953e-01
-1.660704612731933594e-03
8.658829927444458008e-01
-1.225338101387023926e+00
-1.301344871520996094e+00
-1.147789716720581055e+00
-1.134279847145080566e+00
-6.095318794250488281e-01
-7.465029358863830566e-01
-7.582479715347290039e-01
-6.918202638626098633e-01
-5.950951576232910156e-02
-3.939079046249389648e-01
-5.665990114212036133e-01
-3.143351674079895020e-01
-1.162872791290283203e+00
-1.334584355354309082e+00
-1.180991172790527344e+00
-1.080545186996459961e+00
-8.159039020538330078e-01
-8.605010509490966797e-01
-6.763592958450317383e-01
-6.174103617668151855e-01
-5.231922268867492676e-01
-5.713235139846801758e-01
-4.472692608833312988e-01
-2.891731262207031250e-01
-1.229556202888488770e+00
-1.342894673347473145e+00
-1.307522773742675781e+00
-1.218727707862854004e+00
-5.845651626586914062e-01
-6.654613018035888672e-01
-5.990504026412963867e-01
-5.128759145736694336e-01
-3.401780128479003906e-01
-2.346034049987792969e-01
1.199662685394287109e-02
-6.960713863372802734e-02
-1.286638379096984863e+00
-1.336998581886291504e+00
-1.294401645660400391e+00
-1.326727509498596191e+00
-4.807549715042114258e-01
-4.385038614273071289e-01
-3.190423250198364258e-01
-3.616418838500976562e-01
2.845634222030639648e-01
4.806672334671020508e-01
5.711808204650878906e-01
5.714920759201049805e-01
-9.071096181869506836e-01
-7.215015888214111328e-01
-6.767398715019226074e-01
-8.881402015686035156e-01
2.127960920333862305e-01
5.504708290100097656e-01
9.134261608123779297e-01
6.495760679244995117e-01
1.170619249343872070e+00
1.385627865791320801e+00
2.067578315734863281e+00
1.956371307373046875e+00
-1.229398846626281738e+00
-1.521505236625671387e+00
-1.600658059120178223e+00
-1.302103519439697266e+00
-1.477891206741333008e-01
-2.036550045013427734e-01
-3.636792302131652832e-01
-2.910279035568237305e-01
7.018182277679443359e-01
8.858420848846435547e-01
8.264396190643310547e-01
4.434232711791992188e-01
-1.810155153274536133e+00
-1.749055862426757812e+00
-1.583539009094238281e+00
-1.597357153892517090e+00
-5.886497497558593750e-01
-5.512238144874572754e-01
-4.218661189079284668e-01
-3.422910571098327637e-01
7.215461730957031250e-01
4.815356731414794922e-01
4.310185909271240234e-01
7.931197881698608398e-01
-1.115715861320495605e+00
-1.038769245147705078e+00
-9.773214459419250488e-01
-1.074241399765014648e+00
-4.703475236892700195e-01
-5.729030370712280273e-01
-4.670425653457641602e-01
-3.489239215850830078e-01
6.663537025451660156e-02
-1.400998830795288086e-01
-1.574463844299316406e-01
1.957399845123291016e-01
-9.432501792907714844e-01
-9.578710794448852539e-01
-9.548298120498657227e-01
-9.901653528213500977e-01
-4.689481258392333984e-01
-4.696868658065795898e-01
-4.599068760871887207e-01
-4.593315124511718750e-01
-1.337877511978149414e-01
-1.696493625640869141e-01
-1.302909851074218750e-01
-5.047535896301269531e-02
-1.046960473060607910e+00
-1.040946245193481445e+00
-1.139553308486938477e+00
-1.107648730278015137e+00
-4.022848010063171387e-01
-2.908740043640136719e-01
-2.928421497344970703e-01
-4.668413400650024414e-01
-9.272098541259765625e-02
1.929317712783813477e-01
3.037734031677246094e-01
1.454329490661621094e-02
-1.301880955696105957e+00
-1.360175728797912598e+00
-1.534309387207031250e+00
-1.483097314834594727e+00
-3.366229534149169922e-01
-1.416224241256713867e-01
-2.496035099029541016e-01
-4.570827484130859375e-01
4.336762428283691406e-01
9.900653362274169922e-01
1.054404735565185547e+00
4.616608619689941406e-01
-1.524162530899047852e+00
-1.262590289115905762e+00
-1.366903305053710938e+00
-1.523001790046691895e+00
-1.759409904479980469e-01
3.308939933776855469e-01
3.788083791732788086e-01
7.999491691589355469e-02
1.249397516250610352e+00
1.567271471023559570e+00
1.983148694038391113e+00
1.653151035308837891e+00
-1.119379520416259766e+00
-1.181612968444824219e+00
-1.438390374183654785e+00
-1.258458733558654785e+00
1.302944421768188477e-01
-1.280506849288940430e-01
-3.750772476196289062e-01
-2.201637029647827148e-01
1.027583599090576172e+00
7.214912176132202148e-01
6.708114147186279297e-01
6.718144416809082031e-01
-1.600122451782226562e+00
-1.472950696945190430e+00
-1.412850737571716309e+00
-1.458112955093383789e+00
-5.405077338218688965e-01
-3.018906116485595703e-01
-1.913658380508422852e-01
-3.367931842803955078e-01
5.568944215774536133e-01
7.248687744140625000e-01
7.858152389526367188e-01
6.896731853485107422e-01
-1.284815311431884766e+00
-1.232916831970214844e+00
-1.080851554870605469e+00
-1.185533523559570312e+00
-5.885884761810302734e-01
-5.178674459457397461e-01
-3.650757670402526855e-01
-5.050000548362731934e-01
5.350649356842041016e-02
2.129542827606201172e-02
1.665683984756469727e-01
2.645092010498046875e-01
-1.046268701553344727e+00
-1.090169906616210938e+00
-1.042918562889099121e+00
-1.017367124557495117e+00
-4.353070259094238281e-01
-4.630987644195556641e-01
-4.187628030776977539e-01
-4.008642435073852539e-01
2.473831176757812500e-02
4.683864116668701172e-02
2.640807628631591797e-02
3.111863136291503906e-02
-1.069380044937133789e+00
-1.125706672668457031e+00
-1.150312185287475586e+00
-1.102199316024780273e+00
-3.354688882827758789e-01
-3.951444029808044434e-01
-4.269354343414306641e-01
-4.401403665542602539e-01
1.593055725097656250e-01
2.482969760894775391e-01
2.207462787628173828e-01
6.216073036193847656e-02
-1.313432574272155762e+00
-1.447556138038635254e+00
-1.588968276977539062e+00
-1.453914999961853027e+00
-3.727752566337585449e-01
-4.081585407257080078e-01
-5.461217164993286133e-01
-5.263130664825439453e-01
3.923448324203491211e-01
6.654020547866821289e-01
6.781777143478393555e-01
3.822964429855346680e-01
-1.836930751800537109e+00
-1.773395061492919922e+00
-1.807751893997192383e+00
-1.717265963554382324e+00
-5.172092914581298828e-01
-4.946994781494140625e-02
4.065036773681640625e-04
-2.657827138900756836e-01
8.713107109069824219e-01
1.450743794441223145e+00
1.778338193893432617e+00
1.199864387512207031e+00
-1.317539691925048828e+00
-1.528467178344726562e+00
-1.708008289337158203e+00
-1.439531326293945312e+00
4.112334251403808594e-01
2.800905704498291016e-02
-2.440421581268310547e-01
-4.103159904479980469e-02
1.347354531288146973e+00
9.762549400329589844e-01
9.761425256729125977e-01
1.108332633972167969e+00
-1.670122623443603516e+00
-1.474481582641601562e+00
-1.361722707748413086e+00
-1.436487674713134766e+00
-2.052340507507324219e-01
-2.973459959030151367e-01
-2.946949005126953125e-01
-1.752043962478637695e-01
1.159000992774963379e+00
6.882361173629760742e-01
4.909412860870361328e-01
1.030152797698974609e+00
-1.164865612983703613e+00
-1.122451066970825195e+00
-1.076513528823852539e+00
-1.118470072746276855e+00
-4.997451305389404297e-01
-4.672911763191223145e-01
-3.973290920257568359e-01
-4.290527105331420898e-01
1.152801513671875000e-01
1.270287036895751953e-01
1.070457696914672852e-01
9.856712818145751953e-02
-9.890124201774597168e-01
-1.031309843063354492e+00
-1.009946823120117188e+00
-1.033138871192932129e+00
-3.548490405082702637e-01
-4.589236974716186523e-01
-4.256150126457214355e-01
-3.640762567520141602e-01
8.946931362152099609e-02
-2.175831794738769531e-02
-5.018770694732666016e-02
8.629846572875976562e-02
-1.012273073196411133e+00
-1.029872298240661621e+00
-1.096272349357604980e+00
-1.087328672409057617e+00
-4.040458798408508301e-01
-4.263947606086730957e-01
-4.337558150291442871e-01
-4.293746352195739746e-01
4.975545406341552734e-02
3.362596035003662109e-02
7.814359664916992188e-02
7.960236072540283203e-02
-1.285526037216186523e+00
-1.433249950408935547e+00
-1.552433371543884277e+00
-1.383845329284667969e+00
-3.795949220657348633e-01
-4.883757829666137695e-01
-5.179550051689147949e-01
-4.924733042716979980e-01
2.542958259582519531e-01
3.879251480102539062e-01
4.775357246398925781e-01
3.186821937561035156e-01
-1.720797300338745117e+00
-1.622624397277832031e+00
-1.608354091644287109e+00
-1.636680722236633301e+00
-3.729675412178039551e-01
-9.196531772613525391e-02
8.712887763977050781e-02
-1.282837390899658203e-01
7.056468725204467773e-01
1.175990104675292969e+00
1.639401674270629883e+00
1.275581836700439453e+00
-1.194525480270385742e+00
-1.364252686500549316e+00
-1.602541923522949219e+00
-1.358855247497558594e+00
3.036981821060180664e-01
1.535866260528564453e-01
-7.291030883789062500e-02
6.652987003326416016e-02
1.552929639816284180e+00
1.191521525382995605e+00
1.205195069313049316e+00
1.453893661499023438e+00
-1.696036100387573242e+00
-1.477072954177856445e+00
-1.337401866912841797e+00
-1.475417256355285645e+00
-3.266418576240539551e-01
-3.336989283561706543e-01
-2.454869747161865234e-01
-9.142112731933593750e-02
1.051625132560729980e+00
6.805968284606933594e-01
5.150537490844726562e-01
1.025130271911621094e+00
-1.055525183677673340e+00
-1.013450503349304199e+00
-9.594485759735107422e-01
-1.038406133651733398e+00
-4.326307773590087891e-01
-4.087108373641967773e-01
-4.511976242065429688e-01
-4.666680693626403809e-01
1.182546615600585938e-01
4.707443714141845703e-02
-3.176116943359375000e-02
6.947720050811767578e-02
-9.845364093780517578e-01
-1.028955936431884766e+00
-1.036373019218444824e+00
-1.012472271919250488e+00
-4.549059271812438965e-01
-3.909177780151367188e-01
-3.802310228347778320e-01
-4.028256535530090332e-01
-1.164574623107910156e-01
9.674787521362304688e-03
1.297401189804077148e-01
2.897763252258300781e-02
-1.135416865348815918e+00
-1.143522262573242188e+00
-1.175899982452392578e+00
-1.200382709503173828e+00
-4.678689241409301758e-01
-4.203955531120300293e-01
-5.638307929039001465e-01
-6.382026076316833496e-01
7.185101509094238281e-03
8.338940143585205078e-02
-4.506611824035644531e-02
-1.480686664581298828e-01
-1.297656297683715820e+00
-1.353579044342041016e+00
-1.573569774627685547e+00
-1.415805697441101074e+00
-3.129429817199707031e-01
-4.623022675514221191e-01
-7.274792790412902832e-01
-6.489388942718505859e-01
4.454019069671630859e-01
4.419296979904174805e-01
1.732039451599121094e-01
1.473983526229858398e-01
-1.507268548011779785e+00
-1.303922295570373535e+00
-1.275805950164794922e+00
-1.391151785850524902e+00
-3.852548003196716309e-01
-6.576657295227050781e-02
2.301764488220214844e-02
-7.360219955444335938e-02
8.439400196075439453e-01
1.069914102554321289e+00
1.308738231658935547e+00
1.243134379386901855e+00
-1.051027417182922363e+00
-1.331540346145629883e+00
-1.581245541572570801e+00
-1.286535859107971191e+00
5.796228647232055664e-01
2.156628370285034180e-01
-8.938145637512207031e-02
4.241019487380981445e-01
1.868235111236572266e+00
1.679377198219299316e+00
1.479276895523071289e+00
1.789046168327331543e+00
-1.742186546325683594e+00
-1.526320099830627441e+00
-1.417596220970153809e+00
-1.542224407196044922e+00
-3.050096035003662109e-01
-2.514094114303588867e-01
-1.763303279876708984e-01
-2.703428268432617188e-01
1.180406332015991211e+00
9.369212388992309570e-01
6.304872035980224609e-01
1.077272415161132812e+00
-1.228456020355224609e+00
-1.188880801200866699e+00
-1.162508130073547363e+00
-1.258212924003601074e+00
-4.896612167358398438e-01
-6.691182255744934082e-01
-5.817317962646484375e-01
-4.807089567184448242e-01
2.061274051666259766e-01
-7.771182060241699219e-02
3.025770187377929688e-02
2.974306344985961914e-01
-1.172229528427124023e+00
-1.132026910781860352e+00
-1.099078059196472168e+00
-1.158044219017028809e+00
-4.671517014503479004e-01
-4.809320569038391113e-01
-4.693654179573059082e-01
-5.157716274261474609e-01
1.446293592453002930e-01
-8.895504474639892578e-02
-2.475833892822265625e-02
8.832693099975585938e-02
-1.097904205322265625e+00
-1.135232090950012207e+00
-1.060387849807739258e+00
-1.101938247680664062e+00
-5.489693284034729004e-01
-5.219397544860839844e-01
-4.993633627891540527e-01
-5.822800993919372559e-01
-3.697466850280761719e-02
4.081547260284423828e-02
1.243293285369873047e-02
-1.224130392074584961e-01
-1.293794393539428711e+00
-1.424407958984375000e+00
-1.620266437530517578e+00
-1.577785253524780273e+00
-4.960321784019470215e-01
-3.903101682662963867e-01
-5.116930007934570312e-01
-6.379817128181457520e-01
2.539699077606201172e-01
6.332861185073852539e-01
5.303204059600830078e-01
1.809626817703247070e-01
-1.820651292800903320e+00
-1.647273182868957520e+00
-1.721781134605407715e+00
-1.828504562377929688e+00
-4.720053672790527344e-01
-3.441429138183593750e-02
6.350982189178466797e-02
-1.592495441436767578e-01
1.059071063995361328e+00
1.457626104354858398e+00
1.617677211761474609e+00
1.381801128387451172e+00
-9.046373367309570312e-01
-1.080704092979431152e+00
-1.227277636528015137e+00
-9.309372305870056152e-01
2.707612514495849609e-01
4.643017053604125977e-01
1.457040309906005859e-01
1.844222545623779297e-01
1.058064460754394531e+00
1.764615535736083984e+00
1.126847863197326660e+00
6.500356197357177734e-01
-1.423640370368957520e+00
-1.384015560150146484e+00
-1.302999377250671387e+00
-1.325434803962707520e+00
-4.378152489662170410e-01
-3.392138481140136719e-01
-3.444957137107849121e-01
-2.841215133666992188e-01
4.761376380920410156e-01
8.432307243347167969e-01
3.837814331054687500e-01
2.920382022857666016e-01
-1.226956248283386230e+00
-1.307005524635314941e+00
-1.154152631759643555e+00
-1.133915901184082031e+00
-4.180035591125488281e-01
-5.883277654647827148e-01
-5.789611935615539551e-01
-3.872632980346679688e-01
1.490437984466552734e-01
-4.432582855224609375e-02
-1.461441516876220703e-01
1.850792169570922852e-01
-1.134205579757690430e+00
-1.173379659652709961e+00
-1.136113524436950684e+00
-1.145244836807250977e+00
-3.991807699203491211e-01
-4.346373081207275391e-01
-4.425510764122009277e-01
-3.611232042312622070e-01
-2.229332923889160156e-03
-4.307878017425537109e-02
7.144570350646972656e-03
2.350116968154907227e-01
-1.040703773498535156e+00
-1.085132479667663574e+00
-1.024823665618896484e+00
-1.032797336578369141e+00
-4.857405424118041992e-01
-5.734908580780029297e-01
-3.220201730728149414e-01
-2.302999496459960938e-01
-7.402586936950683594e-02
-9.419631958007812500e-02
3.438488245010375977e-01
3.697217702865600586e-01
-1.204346060752868652e+00
-1.403486013412475586e+00
-1.533349990844726562e+00
-1.389674544334411621e+00
-2.964634895324707031e-01
-4.568183422088623047e-01
-2.995432615280151367e-01
-3.064429759979248047e-01
3.658180236816406250e-01
6.154788732528686523e-01
8.368968963623046875e-01
5.876230001449584961e-01
-1.855382442474365234e+00
-1.859198212623596191e+00
-1.797899484634399414e+00
-1.815050363540649414e+00
-4.758278727531433105e-01
-3.147391080856323242e-01
-2.741165161132812500e-01
-3.297456502914428711e-01
1.105841398239135742e+00
1.414812564849853516e+00
1.291665077209472656e+00
1.075369954109191895e+00
