2.075127959251403809e-01
2.161692678928375244e-01
1.442384272813796997e-01
1.569480150938034058e-01
6.440880298614501953e-01
5.910910367965698242e-01
5.193013548851013184e-01
5.797927379608154297e-01
9.781460165977478027e-01
8.496867418289184570e-01
8.123980164527893066e-01
9.105457663536071777e-01
9.193536639213562012e-02
1.282918304204940796e-01
1.032223701477050781e-01
9.957599639892578125e-02
4.632923007011413574e-01
4.560971260070800781e-01
4.034707546234130859e-01
4.538299739360809326e-01
8.307057619094848633e-01
7.293058633804321289e-01
6.358501315116882324e-01
7.538497447967529297e-01
9.259790182113647461e-02
8.281581103801727295e-02
8.989296853542327881e-02
9.320278465747833252e-02
3.543060421943664551e-01
3.092235028743743896e-01
3.179409801959991455e-01
3.710840642452239990e-01
5.640896558761596680e-01
4.631510376930236816e-01
4.713114798069000244e-01
5.811433196067810059e-01
7.260672748088836670e-02
4.147587716579437256e-02
7.122254371643066406e-02
9.044006466865539551e-02
3.113448917865753174e-01
2.772498130798339844e-01
3.041095733642578125e-01
3.364373743534088135e-01
4.479476809501647949e-01
4.289216995239257812e-01
4.717308580875396729e-01
5.039912462234497070e-01
8.120521903038024902e-02
6.216871738433837891e-02
8.671265840530395508e-02
8.374571800231933594e-02
2.887172996997833252e-01
3.101213574409484863e-01
3.363332748413085938e-01
2.869495451450347900e-01
4.339151978492736816e-01
5.004397630691528320e-01
5.347017049789428711e-01
4.558523893356323242e-01
7.015068829059600830e-02
7.362771034240722656e-02
5.636027455329895020e-02
3.267958760261535645e-02
3.295383453369140625e-01
3.092416524887084961e-01
3.612971603870391846e-01
3.629536032676696777e-01
5.184720158576965332e-01
4.876253306865692139e-01
6.288724541664123535e-01
6.522362232208251953e-01
1.917046308517456055e-02
4.130733013153076172e-02
1.628118753433227539e-02
-1.121690869331359863e-02
3.016172647476196289e-01
2.810263335704803467e-01
3.285032212734222412e-01
3.836026787757873535e-01
5.599625110626220703e-01
4.333997964859008789e-01
6.063461303710937500e-01
7.528296709060668945e-01
1.186815500259399414e-01
7.968319952487945557e-02
3.603821992874145508e-02
7.964795827865600586e-02
5.580735206604003906e-01
5.075323581695556641e-01
4.529997110366821289e-01
5.046333074569702148e-01
9.470381140708923340e-01
8.623425364494323730e-01
8.038191199302673340e-01
8.594592809677124023e-01
3.789706528186798096e-02
4.590792953968048096e-02
3.194195032119750977e-02
3.571383655071258545e-02
4.236731529235839844e-01
3.974917829036712646e-01
3.686740398406982422e-01
3.999218046665191650e-01
7.956320047378540039e-01
7.141060233116149902e-01
6.461293101310729980e-01
7.545941472053527832e-01
7.583929598331451416e-02
8.291807770729064941e-02
9.892952442169189453e-02
8.534719049930572510e-02
3.686057925224304199e-01
3.689476251602172852e-01
3.539721369743347168e-01
3.574630916118621826e-01
6.335491538047790527e-01
6.129262447357177734e-01
5.364826917648315430e-01
5.901789665222167969e-01
1.343920975923538208e-01
1.147869825363159180e-01
1.489055454730987549e-01
1.452634930610656738e-01
4.006319642066955566e-01
3.914478421211242676e-01
4.151016473770141602e-01
4.101401865482330322e-01
5.880333185195922852e-01
5.802882313728332520e-01
5.644930601119995117e-01
5.787786841392517090e-01
1.704440265893936157e-01
1.409921050071716309e-01
1.455222815275192261e-01
1.712900400161743164e-01
3.919597566127777100e-01
3.688701391220092773e-01
4.045773744583129883e-01
4.042177200317382812e-01
5.276420712471008301e-01
5.718857049942016602e-01
6.021138429641723633e-01
5.598212480545043945e-01
5.035589635372161865e-02
-3.763198852539062500e-03
-5.215609073638916016e-02
3.667533397674560547e-03
3.746192157268524170e-01
3.177430331707000732e-01
3.147846460342407227e-01
3.716474771499633789e-01
6.037321090698242188e-01
6.014006137847900391e-01
6.939623951911926270e-01
6.860462427139282227e-01
-5.995282530784606934e-02
-4.353895783424377441e-02
-1.244798302650451660e-02
-1.028186082839965820e-02
2.808299362659454346e-01
2.800211608409881592e-01
3.635137975215911865e-01
4.152191877365112305e-01
6.895677447319030762e-01
5.829160213470458984e-01
6.888269782066345215e-01
8.058149814605712891e-01
1.454427242279052734e-01
9.877111017704010010e-02
5.359438061714172363e-02
1.265165209770202637e-01
5.262280106544494629e-01
4.836606979370117188e-01
3.948147892951965332e-01
4.504376947879791260e-01
8.764843940734863281e-01
7.939183115959167480e-01
7.324540615081787109e-01
8.040567636489868164e-01
5.250960588455200195e-03
2.148565649986267090e-02
4.105460643768310547e-02
4.298841953277587891e-02
3.509736657142639160e-01
3.523638248443603516e-01
3.932245969772338867e-01
4.256124794483184814e-01
6.861183643341064453e-01
6.585284471511840820e-01
6.736134290695190430e-01
7.310996055603027344e-01
8.221326768398284912e-02
9.201233088970184326e-02
1.188976019620895386e-01
9.285373985767364502e-02
3.530579209327697754e-01
3.712319731712341309e-01
3.454055786132812500e-01
3.136819601058959961e-01
5.828798413276672363e-01
5.988125205039978027e-01
5.190408825874328613e-01
5.202532410621643066e-01
1.454340964555740356e-01
1.604485809803009033e-01
1.513129770755767822e-01
1.374090462923049927e-01
3.738548159599304199e-01
4.022529721260070801e-01
3.945615589618682861e-01
3.865537643432617188e-01
5.695652961730957031e-01
5.612064599990844727e-01
5.285705924034118652e-01
5.649790763854980469e-01
1.832503080368041992e-01
1.799872815608978271e-01
1.735021173954010010e-01
1.739000529050827026e-01
4.049696922302246094e-01
3.747354745864868164e-01
3.799595832824707031e-01
4.067667126655578613e-01
5.505002737045288086e-01
5.140106678009033203e-01
5.340047478675842285e-01
5.781898498535156250e-01
9.624256193637847900e-02
5.501830577850341797e-02
-4.234313964843750000e-04
5.780681967735290527e-02
3.862413465976715088e-01
3.920703828334808350e-01
3.366867899894714355e-01
3.489820361137390137e-01
5.961034893989562988e-01
6.675912141799926758e-01
6.518181562423706055e-01
5.785259604454040527e-01
-3.792852163314819336e-03
3.965818881988525391e-02
6.510634720325469971e-02
5.685211718082427979e-02
3.513010442256927490e-01
4.534770250320434570e-01
4.729909300804138184e-01
4.485245943069458008e-01
6.966848373413085938e-01
7.284726500511169434e-01
8.139531612396240234e-01
8.139143586158752441e-01
1.402487754821777344e-01
1.022688448429107666e-01
3.779026865959167480e-02
1.011084467172622681e-01
5.274493694305419922e-01
4.566325247287750244e-01
3.921103179454803467e-01
4.937506914138793945e-01
9.128494262695312500e-01
7.658235430717468262e-01
7.349332571029663086e-01
8.939621448516845703e-01
-1.348221302032470703e-02
3.410953283309936523e-02
4.506592452526092529e-02
2.815485000610351562e-02
3.526260852813720703e-01
4.079127907752990723e-01
4.288659989833831787e-01
4.055568873882293701e-01
6.923003196716308594e-01
6.974369287490844727e-01
7.251911163330078125e-01
7.500528097152709961e-01
9.785960614681243896e-02
9.967966377735137939e-02
1.059799790382385254e-01
1.038488149642944336e-01
3.527581095695495605e-01
3.530105352401733398e-01
3.452574014663696289e-01
3.108871281147003174e-01
5.568536520004272461e-01
6.051670312881469727e-01
5.666692852973937988e-01
5.049854516983032227e-01
7.465618848800659180e-02
6.489485502243041992e-02
5.055117607116699219e-02
4.441520571708679199e-02
3.450048565864562988e-01
3.438797891139984131e-01
3.269496858119964600e-01
3.108906745910644531e-01
5.790294408798217773e-01
5.721130967140197754e-01
5.387010574340820312e-01
5.373819470405578613e-01
7.583254575729370117e-02
8.828029036521911621e-02
7.202959060668945312e-02
4.585371911525726318e-02
3.413868546485900879e-01
3.311212360858917236e-01
2.948862910270690918e-01
3.044617772102355957e-01
5.831729769706726074e-01
5.071820616722106934e-01
4.811862707138061523e-01
5.230149030685424805e-01
8.317011594772338867e-02
6.271800398826599121e-02
1.841637492179870605e-02
3.942809998989105225e-02
3.682200610637664795e-01
3.748746216297149658e-01
3.025639057159423828e-01
2.668108344078063965e-01
6.007396578788757324e-01
6.712419986724853516e-01
6.092500686645507812e-01
5.247379541397094727e-01
2.751922607421875000e-02
8.164745569229125977e-02
9.503500163555145264e-02
5.617097020149230957e-02
3.744721412658691406e-01
5.153242349624633789e-01
5.470930337905883789e-01
4.436931610107421875e-01
6.682975292205810547e-01
8.347788453102111816e-01
9.368090629577636719e-01
8.056384325027465820e-01
4.912731051445007324e-02
2.067992091178894043e-02
-5.193603038787841797e-02
1.289021968841552734e-02
5.172905325889587402e-01
4.492078125476837158e-01
3.859096765518188477e-01
4.876745343208312988e-01
9.264924526214599609e-01
8.354260325431823730e-01
7.736382484436035156e-01
9.000549316406250000e-01
-2.082851529121398926e-02
3.039187192916870117e-02
7.200229167938232422e-02
2.145767211914062500e-02
3.559718728065490723e-01
4.019377231597900391e-01
4.009912908077239990e-01
3.838827013969421387e-01
7.408133745193481445e-01
7.094326615333557129e-01
6.587657332420349121e-01
7.288399934768676758e-01
1.528144925832748413e-01
1.535037457942962646e-01
1.768922358751296997e-01
1.675477623939514160e-01
3.657112121582031250e-01
3.434456586837768555e-01
3.735089898109436035e-01
3.801652491092681885e-01
5.555767416954040527e-01
5.366861820220947266e-01
5.444778203964233398e-01
5.369507074356079102e-01
9.110869467258453369e-02
5.195410549640655518e-02
5.278322100639343262e-02
8.654206991195678711e-02
3.372594714164733887e-01
3.125184178352355957e-01
3.225347399711608887e-01
3.662728071212768555e-01
5.352933406829833984e-01
5.305880308151245117e-01
5.748986005783081055e-01
5.752032995223999023e-01
2.788880467414855957e-02
2.522921562194824219e-02
3.701139986515045166e-02
2.457734942436218262e-02
2.844211161136627197e-01
2.742219269275665283e-01
2.824820280075073242e-01
2.908108234405517578e-01
5.281825661659240723e-01
4.968189597129821777e-01
5.073506236076354980e-01
5.087822675704956055e-01
1.924562454223632812e-02
2.704307436943054199e-02
-1.770359277725219727e-02
4.427373409271240234e-03
3.365468084812164307e-01
3.149147033691406250e-01
2.902330458164215088e-01
3.023447990417480469e-01
6.006716489791870117e-01
6.029024124145507812e-01
6.011841297149658203e-01
5.875718593597412109e-01
1.234132051467895508e-02
6.762380897998809814e-02
9.671375155448913574e-02
4.932746291160583496e-02
3.595154881477355957e-01
4.796925783157348633e-01
5.310296416282653809e-01
4.522298574447631836e-01
7.187379598617553711e-01
8.200269937515258789e-01
9.238120317459106445e-01
8.399066925048828125e-01
4.006949067115783691e-02
1.701503992080688477e-03
-4.577234387397766113e-02
7.483392953872680664e-03
4.628852605819702148e-01
4.859429895877838135e-01
3.882957696914672852e-01
4.107769727706909180e-01
8.426630496978759766e-01
9.155821204185485840e-01
7.801004648208618164e-01
7.377822995185852051e-01
-1.999643445014953613e-02
3.305262327194213867e-02
6.767204403877258301e-02
2.892762422561645508e-02
3.369404673576354980e-01
3.588246107101440430e-01
4.009428322315216064e-01
3.879103660583496094e-01
6.834368705749511719e-01
7.018118500709533691e-01
6.244993805885314941e-01
6.722767353057861328e-01
1.658108532428741455e-01
1.701167970895767212e-01
1.819489598274230957e-01
1.628987193107604980e-01
4.057542681694030762e-01
3.581461906433105469e-01
3.800034821033477783e-01
4.034909307956695557e-01
5.747243762016296387e-01
4.981378912925720215e-01
5.111095905303955078e-01
5.887910127639770508e-01
1.418099999427795410e-01
1.197270900011062622e-01
1.291668117046356201e-01
1.538328081369400024e-01
3.994403183460235596e-01
3.714757561683654785e-01
3.750382959842681885e-01
4.150844812393188477e-01
5.851601362228393555e-01
5.460913777351379395e-01
5.411663651466369629e-01
5.860087871551513672e-01
1.097440868616104126e-01
8.655980229377746582e-02
1.243180632591247559e-01
1.293084770441055298e-01
3.334052562713623047e-01
3.287186920642852783e-01
3.774271011352539062e-01
3.817692399024963379e-01
5.011839866638183594e-01
5.297390222549438477e-01
5.748040676116943359e-01
5.677593350410461426e-01
6.043978035449981689e-02
1.586151123046875000e-02
-6.359219551086425781e-04
2.805411815643310547e-02
3.736282289028167725e-01
3.581098616123199463e-01
3.789299130439758301e-01
3.887552618980407715e-01
6.017745733261108398e-01
6.679424047470092773e-01
7.304352521896362305e-01
6.744279861450195312e-01
-6.250977516174316406e-03
2.843415737152099609e-02
4.757955670356750488e-02
2.546852827072143555e-02
3.801818192005157471e-01
4.531623125076293945e-01
5.106941461563110352e-01
4.916331171989440918e-01
8.071251511573791504e-01
8.675352334976196289e-01
9.201298356056213379e-01
8.979714512825012207e-01
2.874028682708740234e-02
4.369920492172241211e-02
-5.749225616455078125e-03
3.155440092086791992e-03
3.149026334285736084e-01
4.284097552299499512e-01
3.151022195816040039e-01
2.293126881122589111e-01
5.483125448226928711e-01
7.730405330657958984e-01
5.760516524314880371e-01
3.804534673690795898e-01
1.449412107467651367e-02
5.046063661575317383e-02
6.865599751472473145e-02
4.449315369129180908e-02
2.850239276885986328e-01
3.625166714191436768e-01
3.441883921623229980e-01
2.924063205718994141e-01
5.386496782302856445e-01
6.476135253906250000e-01
5.261279940605163574e-01
4.265164136886596680e-01
1.148465126752853394e-01
1.293113827705383301e-01
1.198173910379409790e-01
1.009895205497741699e-01
3.385734856128692627e-01
3.486939072608947754e-01
2.787598967552185059e-01
2.821406424045562744e-01
4.876241683959960938e-01
4.920181334018707275e-01
3.482172489166259766e-01
3.959373235702514648e-01
1.133342385292053223e-01
1.326658427715301514e-01
1.101283729076385498e-01
1.014500260353088379e-01
3.552366197109222412e-01
3.895462155342102051e-01
2.877870202064514160e-01
2.815492749214172363e-01
4.753705561161041260e-01
5.324705243110656738e-01
3.533587455749511719e-01
3.721882998943328857e-01
1.441331058740615845e-01
1.542249619960784912e-01
1.545563489198684692e-01
1.404005885124206543e-01
2.985051572322845459e-01
3.333083391189575195e-01
3.118559718132019043e-01
3.120915293693542480e-01
3.806335628032684326e-01
4.731932282447814941e-01
4.408421814441680908e-01
4.198221862316131592e-01
1.431988477706909180e-01
1.222471445798873901e-01
1.081428974866867065e-01
1.236221343278884888e-01
3.389041721820831299e-01
4.189237952232360840e-01
4.365358352661132812e-01
3.785792589187622070e-01
4.712459444999694824e-01
6.831127405166625977e-01
7.161628007888793945e-01
5.582938194274902344e-01
8.348405361175537109e-02
8.359393477439880371e-02
1.027273237705230713e-01
9.075236320495605469e-02
4.094604253768920898e-01
5.123639106750488281e-01
5.721967816352844238e-01
5.065920352935791016e-01
7.236041426658630371e-01
9.163553118705749512e-01
9.645164012908935547e-01
8.063826560974121094e-01
