-1.117771714925765991e-01
-1.144401654601097107e-01
-1.142567172646522522e-01
-1.061726883053779602e-01
-1.432140916585922241e-01
-1.434070616960525513e-01
-1.506723016500473022e-01
-1.474934071302413940e-01
-1.873044818639755249e-01
-1.666665673255920410e-01
-1.800297200679779053e-01
-1.989830434322357178e-01
-1.148270741105079651e-01
-1.174041256308555603e-01
-1.105501502752304077e-01
-1.092468202114105225e-01
-1.496946215629577637e-01
-1.496444046497344971e-01
-1.542995572090148926e-01
-1.562421321868896484e-01
-1.787236332893371582e-01
-1.619777679443359375e-01
-1.744458228349685669e-01
-1.928711980581283569e-01
-1.115261912345886230e-01
-1.128419190645217896e-01
-1.237969845533370972e-01
-1.191665008664131165e-01
-1.497257351875305176e-01
-1.454466730356216431e-01
-1.367669999599456787e-01
-1.419310718774795532e-01
-1.753586381673812866e-01
-1.701915264129638672e-01
-1.475450694561004639e-01
-1.560183167457580566e-01
-1.323255598545074463e-01
-1.255831718444824219e-01
-1.303200125694274902e-01
-1.287346035242080688e-01
-1.363352239131927490e-01
-1.390639543533325195e-01
-1.396725326776504517e-01
-1.382300853729248047e-01
-1.466266661882400513e-01
-1.439192742109298706e-01
-1.396786421537399292e-01
-1.437228024005889893e-01
-1.275161802768707275e-01
-1.243019476532936096e-01
-1.190028190612792969e-01
-1.228104457259178162e-01
-1.407910883426666260e-01
-1.431364566087722778e-01
-1.398252397775650024e-01
-1.394899189472198486e-01
-1.485560685396194458e-01
-1.632358431816101074e-01
-1.609205603599548340e-01
-1.471969783306121826e-01
-1.132055371999740601e-01
-1.133557260036468506e-01
-1.094386875629425049e-01
-1.062385886907577515e-01
-1.354294121265411377e-01
-1.360897570848464966e-01
-1.446319222450256348e-01
-1.412919908761978149e-01
-1.516589224338531494e-01
-1.657049059867858887e-01
-1.786501705646514893e-01
-1.680446565151214600e-01
-1.085896044969558716e-01
-1.103347390890121460e-01
-1.096531301736831665e-01
-1.024066507816314697e-01
-1.576873362064361572e-01
-1.453766822814941406e-01
-1.425795555114746094e-01
-1.484991759061813354e-01
-1.883057653903961182e-01
-1.650887429714202881e-01
-1.791845262050628662e-01
-1.939800679683685303e-01
-1.125170439481735229e-01
-1.018049344420433044e-01
-9.700161963701248169e-02
-1.097091138362884521e-01
-1.529596894979476929e-01
-1.314624100923538208e-01
-1.354002803564071655e-01
-1.614140868186950684e-01
-2.219158709049224854e-01
-1.765440404415130615e-01
-1.804954707622528076e-01
-2.260047942399978638e-01
-9.849335253238677979e-02
-1.004802733659744263e-01
-1.044947057962417603e-01
-1.055797189474105835e-01
-1.394961923360824585e-01
-1.411125808954238892e-01
-1.410612463951110840e-01
-1.357849091291427612e-01
-1.797975748777389526e-01
-1.689218580722808838e-01
-1.697755008935928345e-01
-1.826989799737930298e-01
-1.202210038900375366e-01
-1.245813220739364624e-01
-1.317067593336105347e-01
-1.268366575241088867e-01
-1.428908407688140869e-01
-1.486119627952575684e-01
-1.479455679655075073e-01
-1.432473510503768921e-01
-1.632670015096664429e-01
-1.644035130739212036e-01
-1.500928401947021484e-01
-1.562699973583221436e-01
-1.353729665279388428e-01
-1.312598884105682373e-01
-1.369574069976806641e-01
-1.341438889503479004e-01
-1.390327066183090210e-01
-1.419315338134765625e-01
-1.459923237562179565e-01
-1.399219334125518799e-01
-1.456229686737060547e-01
-1.443283557891845703e-01
-1.458697319030761719e-01
-1.529335230588912964e-01
-1.308237612247467041e-01
-1.301049441099166870e-01
-1.230399161577224731e-01
-1.267943978309631348e-01
-1.447362750768661499e-01
-1.436106562614440918e-01
-1.413948982954025269e-01
-1.443994939327239990e-01
-1.461514830589294434e-01
-1.501197367906570435e-01
-1.597676724195480347e-01
-1.566291153430938721e-01
-1.132137179374694824e-01
-1.114599257707595825e-01
-1.065068915486335754e-01
-1.120776757597923279e-01
-1.468331217765808105e-01
-1.404135972261428833e-01
-1.290640383958816528e-01
-1.368368715047836304e-01
-1.671253740787506104e-01
-1.677947044372558594e-01
-1.623980104923248291e-01
-1.551725417375564575e-01
-9.881779551506042480e-02
-9.659411758184432983e-02
-9.254147857427597046e-02
-9.733206778764724731e-02
-1.306679844856262207e-01
-1.402301192283630371e-01
-1.512525975704193115e-01
-1.457985937595367432e-01
-1.754474341869354248e-01
-1.698222607374191284e-01
-1.987195461988449097e-01
-2.037868797779083252e-01
-1.094289198517799377e-01
-1.017689257860183716e-01
-9.689215570688247681e-02
-1.112452298402786255e-01
-1.879481971263885498e-01
-1.579728722572326660e-01
-1.536910980939865112e-01
-1.904022395610809326e-01
-2.597030401229858398e-01
-2.001717686653137207e-01
-1.993273347616195679e-01
-2.666145563125610352e-01
-1.037477105855941772e-01
-1.043009012937545776e-01
-1.081509292125701904e-01
-1.049656420946121216e-01
-1.345207244157791138e-01
-1.470066905021667480e-01
-1.435228139162063599e-01
-1.362564563751220703e-01
-1.702472120523452759e-01
-1.757283806800842285e-01
-1.709419935941696167e-01
-1.795016676187515259e-01
-1.224187761545181274e-01
-1.247209087014198303e-01
-1.302208304405212402e-01
-1.243024766445159912e-01
-1.428051292896270752e-01
-1.447804421186447144e-01
-1.455309092998504639e-01
-1.407422870397567749e-01
-1.551634818315505981e-01
-1.584352850914001465e-01
-1.569450497627258301e-01
-1.542852967977523804e-01
-1.254606842994689941e-01
-1.328280866146087646e-01
-1.278899908065795898e-01
-1.242088675498962402e-01
-1.429061889648437500e-01
-1.362667232751846313e-01
-1.412768065929412842e-01
-1.531536132097244263e-01
-1.539405882358551025e-01
-1.458824872970581055e-01
-1.532371789216995239e-01
-1.631177663803100586e-01
-1.286793947219848633e-01
-1.281209439039230347e-01
-1.287010014057159424e-01
-1.313264071941375732e-01
-1.467910706996917725e-01
-1.481370627880096436e-01
-1.432984024286270142e-01
-1.437278389930725098e-01
-1.561081856489181519e-01
-1.613950282335281372e-01
-1.500410735607147217e-01
-1.500008255243301392e-01
-1.202901452779769897e-01
-1.092539876699447632e-01
-1.004427820444107056e-01
-1.137992292642593384e-01
-1.467051804065704346e-01
-1.395163238048553467e-01
-1.288206279277801514e-01
-1.327880620956420898e-01
-1.634088158607482910e-01
-1.631433516740798950e-01
-1.596204936504364014e-01
-1.528679579496383667e-01
-9.456316381692886353e-02
-9.796746075153350830e-02
-9.396071732044219971e-02
-9.523490816354751587e-02
-1.332827955484390259e-01
-1.404282301664352417e-01
-1.393778175115585327e-01
-1.400520354509353638e-01
-1.872782856225967407e-01
-1.820735782384872437e-01
-1.898975670337677002e-01
-1.957103461027145386e-01
-1.105391085147857666e-01
-1.014760732650756836e-01
-9.176231920719146729e-02
-1.090233922004699707e-01
-1.732266247272491455e-01
-1.774085164070129395e-01
-1.502962857484817505e-01
-1.648316979408264160e-01
-2.353103011846542358e-01
-2.312554717063903809e-01
-2.026587426662445068e-01
-2.182567715644836426e-01
-1.021395772695541382e-01
-1.053212061524391174e-01
-1.110891103744506836e-01
-1.096191555261611938e-01
-1.241741925477981567e-01
-1.289556920528411865e-01
-1.463221609592437744e-01
-1.399243772029876709e-01
-1.668351739645004272e-01
-1.693663299083709717e-01
-1.705064028501510620e-01
-1.675944030284881592e-01
-1.213762536644935608e-01
-1.261480152606964111e-01
-1.294828951358795166e-01
-1.256545335054397583e-01
-1.390103846788406372e-01
-1.370531022548675537e-01
-1.500359922647476196e-01
-1.497461646795272827e-01
-1.559737175703048706e-01
-1.511807143688201904e-01
-1.553828120231628418e-01
-1.643491983413696289e-01
-1.255051642656326294e-01
-1.199284344911575317e-01
-1.178156957030296326e-01
-1.237759292125701904e-01
-1.514042019844055176e-01
-1.463410854339599609e-01
-1.412357538938522339e-01
-1.443296372890472412e-01
-1.595339924097061157e-01
-1.649082899093627930e-01
-1.483643054962158203e-01
-1.501701176166534424e-01
-1.320595741271972656e-01
-1.315762400627136230e-01
-1.292823404073715210e-01
-1.268455386161804199e-01
-1.481463313102722168e-01
-1.481351554393768311e-01
-1.393849104642868042e-01
-1.409253925085067749e-01
-1.523159295320510864e-01
-1.489505320787429810e-01
-1.449668109416961670e-01
-1.499549746513366699e-01
-1.164121851325035095e-01
-1.129106059670448303e-01
-1.095993444323539734e-01
-1.157611310482025146e-01
-1.435223221778869629e-01
-1.396129280328750610e-01
-1.371724158525466919e-01
-1.355379074811935425e-01
-1.569087505340576172e-01
-1.646713316440582275e-01
-1.644941419363021851e-01
-1.569399535655975342e-01
-9.179417788982391357e-02
-9.275510907173156738e-02
-8.845967054367065430e-02
-9.189301729202270508e-02
-1.381980776786804199e-01
-1.538155525922775269e-01
-1.595724821090698242e-01
-1.479758024215698242e-01
-1.755173206329345703e-01
-2.107663154602050781e-01
-2.295113801956176758e-01
-2.012482583522796631e-01
-1.063605248928070068e-01
-1.054245680570602417e-01
-9.953838586807250977e-02
-1.069818288087844849e-01
-1.628139615058898926e-01
-1.619360744953155518e-01
-1.421963721513748169e-01
-1.438058912754058838e-01
-2.098796814680099487e-01
-2.210075110197067261e-01
-1.720042377710342407e-01
-1.640040576457977295e-01
-1.055934876203536987e-01
-1.156628876924514771e-01
-1.172579973936080933e-01
-1.120014786720275879e-01
-1.267091482877731323e-01
-1.378818154335021973e-01
-1.523449867963790894e-01
-1.404371708631515503e-01
-1.598420441150665283e-01
-1.670225262641906738e-01
-1.753419935703277588e-01
-1.714725196361541748e-01
-1.265628337860107422e-01
-1.287621855735778809e-01
-1.343015730381011963e-01
-1.326141208410263062e-01
-1.418210864067077637e-01
-1.430496722459793091e-01
-1.474860906600952148e-01
-1.476237475872039795e-01
-1.597206443548202515e-01
-1.529535949230194092e-01
-1.566113829612731934e-01
-1.646172106266021729e-01
-1.291506290435791016e-01
-1.305138915777206421e-01
-1.297969222068786621e-01
-1.287328302860260010e-01
-1.434796452522277832e-01
-1.486065238714218140e-01
-1.426401436328887939e-01
-1.429437398910522461e-01
-1.442917138338088989e-01
-1.546143740415573120e-01
-1.507674157619476318e-01
-1.492876261472702026e-01
-1.232790127396583557e-01
-1.237471997737884521e-01
-1.248803511261940002e-01
-1.204987913370132446e-01
-1.352344155311584473e-01
-1.367511749267578125e-01
-1.359785199165344238e-01
-1.388380825519561768e-01
-1.465805768966674805e-01
-1.490231454372406006e-01
-1.515341699123382568e-01
-1.490506678819656372e-01
-1.174181774258613586e-01
-1.136699467897415161e-01
-1.024978235363960266e-01
-1.110590025782585144e-01
-1.429544389247894287e-01
-1.365363299846649170e-01
-1.366178244352340698e-01
-1.404443085193634033e-01
-1.567454636096954346e-01
-1.617008596658706665e-01
-1.715669333934783936e-01
-1.662819981575012207e-01
-9.263999760150909424e-02
-9.416563808917999268e-02
-9.220328927040100098e-02
-9.372887760400772095e-02
-1.382279992103576660e-01
-1.485250741243362427e-01
-1.577507704496383667e-01
-1.473151296377182007e-01
-1.873473078012466431e-01
-2.058726996183395386e-01
-2.227983176708221436e-01
-2.074420005083084106e-01
-9.828753769397735596e-02
-1.061006560921669006e-01
-9.996327757835388184e-02
-9.553663432598114014e-02
-1.483860015869140625e-01
-1.524782031774520874e-01
-1.375722587108612061e-01
-1.291942596435546875e-01
-2.003491818904876709e-01
-1.899820566177368164e-01
-1.719739735126495361e-01
-1.709992438554763794e-01
-1.105415299534797668e-01
-1.150318533182144165e-01
-1.161740198731422424e-01
-1.102302670478820801e-01
-1.377526074647903442e-01
-1.446286737918853760e-01
-1.502080857753753662e-01
-1.382369548082351685e-01
-1.708908975124359131e-01
-1.740586459636688232e-01
-1.694206446409225464e-01
-1.619412004947662354e-01
-1.209803372621536255e-01
-1.280140876770019531e-01
-1.300175189971923828e-01
-1.223065704107284546e-01
-1.474481523036956787e-01
-1.440030634403228760e-01
-1.469285786151885986e-01
-1.463569998741149902e-01
-1.664477139711380005e-01
-1.507373005151748657e-01
-1.558691114187240601e-01
-1.687225699424743652e-01
-1.337507814168930054e-01
-1.253907382488250732e-01
-1.280161738395690918e-01
-1.352080851793289185e-01
-1.449728459119796753e-01
-1.464832723140716553e-01
-1.440231055021286011e-01
-1.404024213552474976e-01
-1.533519923686981201e-01
-1.507706046104431152e-01
-1.483643800020217896e-01
-1.458188295364379883e-01
-1.251465231180191040e-01
-1.209107637405395508e-01
-1.211764588952064514e-01
-1.238739490509033203e-01
-1.410902142524719238e-01
-1.340325325727462769e-01
-1.318489462137222290e-01
-1.403844356536865234e-01
-1.519135087728500366e-01
-1.444577127695083618e-01
-1.517689079046249390e-01
-1.584818661212921143e-01
-1.151840835809707642e-01
-1.124889627099037170e-01
-1.066658869385719299e-01
-1.110667735338211060e-01
-1.407541930675506592e-01
-1.402034908533096313e-01
-1.382419168949127197e-01
-1.427563428878784180e-01
-1.618910282850265503e-01
-1.676225960254669189e-01
-1.692648828029632568e-01
-1.654218733310699463e-01
-1.033602505922317505e-01
-1.053487583994865417e-01
-1.147217899560928345e-01
-1.122921556234359741e-01
-1.414145827293395996e-01
-1.647544056177139282e-01
-1.668854206800460815e-01
-1.466850340366363525e-01
-1.897715330123901367e-01
-2.235767692327499390e-01
-2.017928361892700195e-01
-1.722718179225921631e-01
-1.099220961332321167e-01
-9.907738119363784790e-02
-1.031632348895072937e-01
-1.124085560441017151e-01
-1.652897298336029053e-01
-1.386621147394180298e-01
-1.474205255508422852e-01
-1.715700477361679077e-01
-2.076608836650848389e-01
-1.809863150119781494e-01
-1.789745539426803589e-01
-2.055617719888687134e-01
-1.130878180265426636e-01
-1.123075485229492188e-01
-1.133718192577362061e-01
-1.152116879820823669e-01
-1.456367373466491699e-01
-1.447364836931228638e-01
-1.445105969905853271e-01
-1.414027512073516846e-01
-1.837231516838073730e-01
-1.757809519767761230e-01
-1.694307029247283936e-01
-1.784311980009078979e-01
-1.170375496149063110e-01
-1.200384646654129028e-01
-1.266701072454452515e-01
-1.210618764162063599e-01
-1.478251069784164429e-01
-1.367912739515304565e-01
-1.409171819686889648e-01
-1.499681919813156128e-01
-1.767974197864532471e-01
-1.626500338315963745e-01
-1.416309624910354614e-01
-1.600544154644012451e-01
-1.297174394130706787e-01
-1.327495425939559937e-01
-1.339348256587982178e-01
-1.274056732654571533e-01
-1.447518765926361084e-01
-1.417313218116760254e-01
-1.411839425563812256e-01
-1.416732966899871826e-01
-1.501300334930419922e-01
-1.411367952823638916e-01
-1.415930986404418945e-01
-1.509250402450561523e-01
-1.239797770977020264e-01
-1.210006475448608398e-01
-1.192750483751296997e-01
-1.202275156974792480e-01
-1.378207355737686157e-01
-1.361642777919769287e-01
-1.387167870998382568e-01
-1.459750533103942871e-01
-1.442400813102722168e-01
-1.528607308864593506e-01
-1.626534461975097656e-01
-1.565827727317810059e-01
-1.144640743732452393e-01
-1.169599294662475586e-01
-1.156519129872322083e-01
-1.152939051389694214e-01
-1.450083255767822266e-01
-1.503496319055557251e-01
-1.479980796575546265e-01
-1.415565311908721924e-01
-1.640791147947311401e-01
-1.731818616390228271e-01
-1.689497828483581543e-01
-1.592717170715332031e-01
-1.209521815180778503e-01
-1.224469840526580811e-01
-1.231442913413047791e-01
-1.146219074726104736e-01
-1.462505161762237549e-01
-1.621344983577728271e-01
-1.521123200654983521e-01
-1.355971693992614746e-01
-1.732963621616363525e-01
-2.009972333908081055e-01
-1.786044538021087646e-01
-1.498064696788787842e-01
