-5.242622494697570801e-01
-4.801653623580932617e-01
-5.897284746170043945e-01
-5.684196949005126953e-01
2.741608619689941406e-01
2.372366786003112793e-01
1.873285472393035889e-01
3.545817136764526367e-01
9.283202886581420898e-01
6.903277039527893066e-01
8.110029697418212891e-01
1.124994397163391113e+00
-5.220798850059509277e-01
-4.221895337104797363e-01
-4.297458529472351074e-01
-5.038097500801086426e-01
2.435389161109924316e-02
3.658692538738250732e-02
5.731062591075897217e-02
1.073044687509536743e-01
5.887972712516784668e-01
3.061414957046508789e-01
3.498605489730834961e-01
6.753430366516113281e-01
-3.810818195343017578e-01
-4.399846196174621582e-01
-4.585611820220947266e-01
-3.989657759666442871e-01
9.252878278493881226e-02
-4.693673551082611084e-02
-1.166456639766693115e-01
2.258202433586120605e-02
3.521107137203216553e-01
1.612313538789749146e-01
1.290796101093292236e-01
2.844304442405700684e-01
-5.527557134628295898e-01
-5.754164457321166992e-01
-5.344377160072326660e-01
-4.902487993240356445e-01
-1.231588870286941528e-01
-1.112643629312515259e-01
-7.721066474914550781e-02
-4.442335665225982666e-02
1.637250036001205444e-01
2.455416023731231689e-01
2.825570702552795410e-01
2.696672677993774414e-01
-5.179397463798522949e-01
-4.693312048912048340e-01
-3.996644020080566406e-01
-4.585596024990081787e-01
-1.429068446159362793e-01
6.631702184677124023e-03
1.724780797958374023e-01
3.317387402057647705e-02
1.227527558803558350e-01
3.919139504432678223e-01
6.340218186378479004e-01
4.095837771892547607e-01
-3.416869938373565674e-01
-3.213967978954315186e-01
-3.594779968261718750e-01
-4.537961483001708984e-01
2.342082411050796509e-01
4.184813201427459717e-01
4.706631302833557129e-01
2.908942401409149170e-01
6.365756988525390625e-01
9.732672572135925293e-01
1.182555437088012695e+00
8.989965915679931641e-01
-3.186568617820739746e-01
-2.103071957826614380e-01
-2.511347532272338867e-01
-3.648379147052764893e-01
5.960011482238769531e-01
7.685390710830688477e-01
7.692432999610900879e-01
6.548995375633239746e-01
1.364009618759155273e+00
1.471082210540771484e+00
1.637571334838867188e+00
1.563515901565551758e+00
-5.417769551277160645e-01
-6.216952800750732422e-01
-6.809754967689514160e-01
-5.751204490661621094e-01
4.468545019626617432e-01
3.345172107219696045e-01
1.536899507045745850e-01
3.346780538558959961e-01
1.376996755599975586e+00
1.180541992187500000e+00
9.142835736274719238e-01
1.105230450630187988e+00
-5.980726480484008789e-01
-5.833239555358886719e-01
-5.287472605705261230e-01
-5.646729469299316406e-01
2.003546059131622314e-02
1.201489567756652832e-02
1.822438836097717285e-02
1.664099097251892090e-02
7.350699901580810547e-01
5.378986597061157227e-01
4.500322937965393066e-01
6.741786599159240723e-01
-4.240055084228515625e-01
-4.288071095943450928e-01
-4.353055953979492188e-01
-4.261844754219055176e-01
1.041911616921424866e-01
8.098378777503967285e-02
3.901449590921401978e-02
7.045405358076095581e-02
5.283218026161193848e-01
4.462904632091522217e-01
3.670312166213989258e-01
4.734036922454833984e-01
-4.787483811378479004e-01
-4.817601442337036133e-01
-4.903084933757781982e-01
-4.992460310459136963e-01
6.124797463417053223e-02
8.223767578601837158e-02
6.067848205566406250e-02
5.927379429340362549e-02
4.366152286529541016e-01
5.158199667930603027e-01
4.640064835548400879e-01
4.803817868232727051e-01
-4.735008776187896729e-01
-4.673625528812408447e-01
-4.909189939498901367e-01
-4.874356687068939209e-01
-1.695187389850616455e-02
2.342349290847778320e-02
8.191068470478057861e-02
-1.053681969642639160e-02
3.131539821624755859e-01
4.954691231250762939e-01
5.916296839714050293e-01
4.124706983566284180e-01
-5.262675285339355469e-01
-5.334908366203308105e-01
-6.085085272789001465e-01
-5.973365306854248047e-01
9.514831751585006714e-02
1.461618691682815552e-01
8.010931313037872314e-02
1.779748499393463135e-02
5.797828435897827148e-01
8.063523173332214355e-01
8.730408549308776855e-01
6.310440301895141602e-01
-5.756962895393371582e-01
-4.929633736610412598e-01
-4.866876602172851562e-01
-5.187751054763793945e-01
1.901175230741500854e-01
4.446040391921997070e-01
5.359606742858886719e-01
3.583579063415527344e-01
1.077287673950195312e+00
1.335699558258056641e+00
1.553004980087280273e+00
1.252775549888610840e+00
-3.081340789794921875e-01
-3.909605443477630615e-01
-4.503963589668273926e-01
-2.895091772079467773e-01
5.369373559951782227e-01
4.130104780197143555e-01
2.417585253715515137e-01
4.509118497371673584e-01
1.428365230560302734e+00
1.153067827224731445e+00
8.992409706115722656e-01
1.186827421188354492e+00
-5.483644008636474609e-01
-5.203577876091003418e-01
-4.816898107528686523e-01
-4.834658205509185791e-01
8.462220430374145508e-03
-7.372587919235229492e-03
1.117755696177482605e-01
1.913980841636657715e-01
6.115589141845703125e-01
5.202246308326721191e-01
6.194888353347778320e-01
7.777072191238403320e-01
-5.330094695091247559e-01
-5.380840897560119629e-01
-5.369271039962768555e-01
-5.459990501403808594e-01
-9.658768773078918457e-03
-4.213348031044006348e-03
-2.455954253673553467e-02
-5.232361704111099243e-02
3.970905542373657227e-01
3.980188369750976562e-01
4.111305177211761475e-01
4.408692121505737305e-01
-5.576964616775512695e-01
-5.480630993843078613e-01
-5.529392957687377930e-01
-5.498721599578857422e-01
-4.024298489093780518e-02
-2.529168128967285156e-02
-5.261382460594177246e-02
-4.046264290809631348e-02
4.516193866729736328e-01
4.501100778579711914e-01
3.892503380775451660e-01
4.293582141399383545e-01
-4.987980127334594727e-01
-4.810968041419982910e-01
-4.616038203239440918e-01
-4.719735383987426758e-01
-4.120081663131713867e-02
-1.704187691211700439e-02
2.528566867113113403e-02
-6.677180528640747070e-03
3.743001222610473633e-01
4.086369872093200684e-01
4.249316751956939697e-01
3.935343027114868164e-01
-4.787179529666900635e-01
-5.478737950325012207e-01
-5.849168300628662109e-01
-5.100994110107421875e-01
7.702148705720901489e-02
8.226503431797027588e-02
1.136771664023399353e-01
8.812357485294342041e-02
5.296459197998046875e-01
6.955193281173706055e-01
7.906334400177001953e-01
6.251204013824462891e-01
-6.014592647552490234e-01
-5.207660794258117676e-01
-4.750955700874328613e-01
-4.869952499866485596e-01
2.257030010223388672e-01
4.527152180671691895e-01
6.030277609825134277e-01
4.565863609313964844e-01
1.004003524780273438e+00
1.267137169837951660e+00
1.573639869689941406e+00
1.337273716926574707e+00
-2.058583050966262817e-01
-2.712645530700683594e-01
-4.224244654178619385e-01
-2.914567589759826660e-01
8.225424289703369141e-01
6.757453083992004395e-01
4.450391232967376709e-01
6.564851999282836914e-01
1.637320280075073242e+00
1.357358932495117188e+00
1.170714378356933594e+00
1.502029418945312500e+00
-5.710350871086120605e-01
-5.257531404495239258e-01
-5.055237412452697754e-01
-4.914504587650299072e-01
2.123273164033889771e-01
1.350221782922744751e-01
1.142645180225372314e-01
2.308806926012039185e-01
9.195472002029418945e-01
6.801894307136535645e-01
6.577751040458679199e-01
9.537834525108337402e-01
-5.396567583084106445e-01
-5.534167289733886719e-01
-5.652391314506530762e-01
-5.407263636589050293e-01
-3.211804479360580444e-02
-6.003442406654357910e-02
-1.063852608203887939e-01
-8.858527243137359619e-02
4.591360092163085938e-01
4.165885746479034424e-01
3.404362201690673828e-01
3.787364363670349121e-01
-5.983827710151672363e-01
-5.958192348480224609e-01
-5.907949209213256836e-01
-5.976264476776123047e-01
-8.140915632247924805e-02
-1.057171970605850220e-01
-7.446147501468658447e-02
-1.956583559513092041e-02
4.162464141845703125e-01
3.876071572303771973e-01
3.872356414794921875e-01
4.458242654800415039e-01
-4.683974981307983398e-01
-4.460830688476562500e-01
-4.192896187305450439e-01
-4.523154497146606445e-01
-2.534530311822891235e-02
-9.044587612152099609e-03
2.469846606254577637e-02
-3.753557801246643066e-03
4.190344512462615967e-01
3.617435693740844727e-01
3.612174391746520996e-01
3.697932958602905273e-01
-3.759240508079528809e-01
-4.311717748641967773e-01
-4.905658960342407227e-01
-4.333717226982116699e-01
2.158007025718688965e-01
1.732009351253509521e-01
1.470056176185607910e-01
1.200373470783233643e-01
6.039867401123046875e-01
7.176964282989501953e-01
7.018014192581176758e-01
5.911996364593505859e-01
-4.414151012897491455e-01
-3.711985945701599121e-01
-3.435550928115844727e-01
-3.709099292755126953e-01
3.586326837539672852e-01
5.662953853607177734e-01
6.162304878234863281e-01
4.908627867698669434e-01
9.841494560241699219e-01
1.309449911117553711e+00
1.425103187561035156e+00
1.203153610229492188e+00
-2.235980331897735596e-01
-2.920292913913726807e-01
-4.145525693893432617e-01
-2.753556370735168457e-01
8.339743018150329590e-01
7.497053146362304688e-01
5.150381326675415039e-01
6.870998144149780273e-01
1.726325511932373047e+00
1.584510207176208496e+00
1.262170433998107910e+00
1.463749289512634277e+00
-5.504235625267028809e-01
-5.091845393180847168e-01
-4.727770388126373291e-01
-4.683765172958374023e-01
2.941165268421173096e-01
1.920883655548095703e-01
1.193562000989913940e-01
2.850919663906097412e-01
1.106913328170776367e+00
8.081326484680175781e-01
6.254534125328063965e-01
9.749580621719360352e-01
-4.555981457233428955e-01
-4.716877937316894531e-01
-4.536013603210449219e-01
-4.387173652648925781e-01
1.127545535564422607e-02
-4.376271367073059082e-02
-2.367740869522094727e-02
6.124368309974670410e-02
4.856608211994171143e-01
3.676981925964355469e-01
4.049918353557586670e-01
5.313882231712341309e-01
-5.347657799720764160e-01
-5.526827573776245117e-01
-5.225196480751037598e-01
-5.132610797882080078e-01
-3.357315063476562500e-02
4.558283090591430664e-02
8.685559034347534180e-02
7.876380532979965210e-02
4.381445050239562988e-01
4.876525402069091797e-01
5.835817456245422363e-01
5.173613429069519043e-01
-4.417934417724609375e-01
-4.197752177715301514e-01
-3.923019170761108398e-01
-4.310793280601501465e-01
4.023569077253341675e-02
5.281525850296020508e-02
7.488525658845901489e-02
6.163684278726577759e-02
4.589384794235229492e-01
4.365428090095520020e-01
4.725437760353088379e-01
4.331423640251159668e-01
-4.290657937526702881e-01
-4.282765388488769531e-01
-5.679436922073364258e-01
-5.134576559066772461e-01
1.507158577442169189e-01
2.095929980278015137e-01
7.843311131000518799e-02
2.825380861759185791e-02
6.411632299423217773e-01
7.340126037597656250e-01
6.221617460250854492e-01
5.231025218963623047e-01
-5.834668278694152832e-01
-3.945989310741424561e-01
-4.242029786109924316e-01
-5.504262447357177734e-01
1.947406679391860962e-01
5.059865117073059082e-01
4.182530641555786133e-01
2.099343240261077881e-01
8.748180866241455078e-01
1.198302030563354492e+00
1.064629912376403809e+00
8.401937484741210938e-01
-1.175393909215927124e-01
-2.073993384838104248e-01
-2.907984256744384766e-01
-2.034740447998046875e-01
7.283238172531127930e-01
7.508529424667358398e-01
5.058196783065795898e-01
5.936256647109985352e-01
1.482685804367065430e+00
1.577231287956237793e+00
1.167090296745300293e+00
1.163377523422241211e+00
-4.693283438682556152e-01
-4.466123878955841064e-01
-4.460826516151428223e-01
-4.360669553279876709e-01
2.948134541511535645e-01
2.687994837760925293e-01
2.098762243986129761e-01
2.757673561573028564e-01
9.846690893173217773e-01
9.035390615463256836e-01
6.448869705200195312e-01
8.556995391845703125e-01
-4.723235964775085449e-01
-4.648831486701965332e-01
-4.532597362995147705e-01
-4.640582799911499023e-01
1.195372045040130615e-01
1.214933395385742188e-02
3.741912543773651123e-02
1.748810857534408569e-01
5.655300021171569824e-01
4.374094307422637939e-01
4.401199519634246826e-01
6.145473718643188477e-01
-4.369668364524841309e-01
-4.208552539348602295e-01
-3.844074904918670654e-01
-4.117253720760345459e-01
6.438886374235153198e-02
1.563068330287933350e-01
1.529885083436965942e-01
8.555898070335388184e-02
4.741708040237426758e-01
5.734769701957702637e-01
5.641942620277404785e-01
4.905390143394470215e-01
-3.514438867568969727e-01
-3.772925734519958496e-01
-3.407598137855529785e-01
-3.520137965679168701e-01
9.339582175016403198e-02
7.840658724308013916e-02
1.708030551671981812e-01
1.773414015769958496e-01
4.319704174995422363e-01
4.626498818397521973e-01
5.583112239837646484e-01
5.463296175003051758e-01
-4.796686470508575439e-01
-5.650098323822021484e-01
-6.299507617950439453e-01
-5.771379470825195312e-01
9.115633368492126465e-02
6.617990136146545410e-02
-1.750338077545166016e-02
-1.440927386283874512e-03
5.454100966453552246e-01
6.584732532501220703e-01
5.656479001045227051e-01
4.551267921924591064e-01
-7.487545609474182129e-01
-6.854122281074523926e-01
-7.217583060264587402e-01
-7.755319476127624512e-01
-1.134014129638671875e-01
1.317278742790222168e-01
-3.432826697826385498e-02
-1.884711384773254395e-01
6.163216829299926758e-01
8.816725015640258789e-01
5.231102108955383301e-01
3.332362174987792969e-01
-2.219943851232528687e-01
-2.208737432956695557e-01
-3.170629143714904785e-01
-2.996685504913330078e-01
4.994281828403472900e-01
5.554160475730895996e-01
2.843350470066070557e-01
2.674183845520019531e-01
1.021240472793579102e+00
1.219999790191650391e+00
7.532088756561279297e-01
5.662326216697692871e-01
-4.624018073081970215e-01
-4.520542621612548828e-01
-5.213627815246582031e-01
-4.966521859169006348e-01
1.424205899238586426e-01
1.996293514966964722e-01
-2.930745482444763184e-03
1.372011005878448486e-02
7.273699641227722168e-01
8.243735432624816895e-01
4.356169700622558594e-01
3.898563086986541748e-01
-5.956541895866394043e-01
-5.400362014770507812e-01
-5.733110308647155762e-01
-5.934949517250061035e-01
-5.501095950603485107e-02
-6.237342953681945801e-03
-1.364112198352813721e-01
-1.230155527591705322e-01
3.597120642662048340e-01
4.191146492958068848e-01
2.227530777454376221e-01
2.690060138702392578e-01
-4.926234483718872070e-01
-4.182531237602233887e-01
-4.067855477333068848e-01
-4.591958522796630859e-01
-6.969444453716278076e-02
7.225582003593444824e-02
1.340956985950469971e-02
-8.662071824073791504e-02
2.268891334533691406e-01
4.560960233211517334e-01
3.389025926589965820e-01
2.285290658473968506e-01
-3.552279472351074219e-01
-3.464402854442596436e-01
-3.662048280239105225e-01
-3.637703359127044678e-01
7.405216991901397705e-02
9.314605593681335449e-02
1.520105302333831787e-01
1.395500004291534424e-01
3.333284854888916016e-01
4.374399483203887939e-01
5.440971851348876953e-01
4.697674512863159180e-01
-4.428880810737609863e-01
-5.016082525253295898e-01
-5.390898585319519043e-01
-5.054460763931274414e-01
1.213134974241256714e-01
3.540216386318206787e-02
1.126402616500854492e-02
6.612160056829452515e-02
4.931134879589080811e-01
5.186332464218139648e-01
4.765357077121734619e-01
4.569496214389801025e-01
-7.115862965583801270e-01
-7.422607541084289551e-01
-7.348476648330688477e-01
-7.185605168342590332e-01
-2.181007713079452515e-01
-2.013605237007141113e-01
-3.009536862373352051e-01
-3.047255873680114746e-01
2.833238244056701660e-01
3.872752785682678223e-01
1.095491424202919006e-01
5.596876144409179688e-03
