-3.383076786994934082e-01
-3.353703618049621582e-01
-3.372471928596496582e-01
-3.423672020435333252e-01
-1.220535486936569214e-01
-1.203161329030990601e-01
-8.934986591339111328e-02
-8.872550725936889648e-02
2.152365446090698242e-02
4.579320549964904785e-02
1.063033640384674072e-01
7.920268177986145020e-02
-3.592458665370941162e-01
-3.415043950080871582e-01
-3.705746531486511230e-01
-3.660892248153686523e-01
-9.426239132881164551e-02
-1.098378747701644897e-01
-1.205401420593261719e-01
-8.144220709800720215e-02
1.010241806507110596e-01
3.816431760787963867e-02
5.787283182144165039e-02
1.253894269466400146e-01
-3.848117589950561523e-01
-3.899776935577392578e-01
-4.052885472774505615e-01
-3.957696557044982910e-01
-1.468489766120910645e-01
-1.621172130107879639e-01
-2.006612718105316162e-01
-1.789798885583877563e-01
4.385372996330261230e-02
1.549512147903442383e-03
-3.961768746376037598e-02
1.446586847305297852e-02
-4.094434380531311035e-01
-4.082502424716949463e-01
-4.029457271099090576e-01
-4.054771661758422852e-01
-2.013842761516571045e-01
-1.845654547214508057e-01
-2.024834752082824707e-01
-2.071570754051208496e-01
-4.716873168945312500e-02
-3.265595436096191406e-02
-3.368371725082397461e-02
-2.139630913734436035e-02
-3.938041627407073975e-01
-3.873004317283630371e-01
-3.808068931102752686e-01
-3.919595479965209961e-01
-1.906332969665527344e-01
-1.824722737073898315e-01
-1.640712916851043701e-01
-1.790298223495483398e-01
-4.024159908294677734e-02
-3.009870648384094238e-02
2.513229846954345703e-02
7.364094257354736328e-03
-3.752610087394714355e-01
-3.691306114196777344e-01
-3.661634624004364014e-01
-3.943222761154174805e-01
-1.406137347221374512e-01
-1.157419085502624512e-01
-9.856322407722473145e-02
-1.232380419969558716e-01
5.216485261917114258e-02
5.268767476081848145e-02
9.848123788833618164e-02
1.075030565261840820e-01
-3.498305976390838623e-01
-3.443672358989715576e-01
-3.360921144485473633e-01
-3.587075173854827881e-01
-1.030761897563934326e-01
-1.168634593486785889e-01
-8.672770857810974121e-02
-6.668886542320251465e-02
9.366452693939208984e-02
4.295325279235839844e-02
8.531460165977478027e-02
1.468313336372375488e-01
-3.320184051990509033e-01
-3.527349829673767090e-01
-3.637882173061370850e-01
-3.524633646011352539e-01
-1.208467036485671997e-01
-1.031793057918548584e-01
-1.009340137243270874e-01
-1.159273982048034668e-01
7.032886147499084473e-02
8.300167322158813477e-02
1.100702285766601562e-01
6.152248382568359375e-02
-3.902654349803924561e-01
-3.871528506278991699e-01
-4.015085697174072266e-01
-3.993396162986755371e-01
-1.299967765808105469e-01
-1.241415292024612427e-01
-1.583251357078552246e-01
-1.570928841829299927e-01
9.115552902221679688e-02
8.161869645118713379e-02
4.731214046478271484e-02
6.124711036682128906e-02
-4.097900092601776123e-01
-4.147620499134063721e-01
-4.196228384971618652e-01
-4.126109182834625244e-01
-1.831749379634857178e-01
-1.880695670843124390e-01
-2.116220146417617798e-01
-2.028707712888717651e-01
8.900791406631469727e-03
2.702185511589050293e-02
-2.169802784919738770e-02
-3.557592630386352539e-03
-4.264597296714782715e-01
-4.320813715457916260e-01
-4.298611283302307129e-01
-4.284269809722900391e-01
-2.097876667976379395e-01
-2.028674930334091187e-01
-2.042555809020996094e-01
-2.125317901372909546e-01
-2.154415845870971680e-02
-3.084838390350341797e-03
-2.176636457443237305e-02
-1.599624752998352051e-02
-4.132315516471862793e-01
-4.050608277320861816e-01
-4.048030376434326172e-01
-4.078099131584167480e-01
-1.912722140550613403e-01
-1.963212043046951294e-01
-1.781074851751327515e-01
-1.873443275690078735e-01
-1.795670390129089355e-02
1.285681128501892090e-02
2.968323230743408203e-02
-3.015637397766113281e-03
-3.876120746135711670e-01
-3.893442153930664062e-01
-3.974331915378570557e-01
-4.020029604434967041e-01
-1.445891857147216797e-01
-1.233844608068466187e-01
-1.273787915706634521e-01
-1.445370167493820190e-01
6.035363674163818359e-02
1.128649115562438965e-01
1.208924353122711182e-01
7.593530416488647461e-02
-3.553906977176666260e-01
-3.547362685203552246e-01
-3.403057157993316650e-01
-3.393361866474151611e-01
-1.041435599327087402e-01
-8.033406734466552734e-02
-6.225585937500000000e-02
-7.113638520240783691e-02
1.333526670932769775e-01
1.311517655849456787e-01
1.415859162807464600e-01
1.238646209239959717e-01
-3.663915097713470459e-01
-3.697527050971984863e-01
-3.939298987388610840e-01
-3.824513256549835205e-01
-1.126483678817749023e-01
-1.278210282325744629e-01
-1.515477001667022705e-01
-1.496590375900268555e-01
8.280128240585327148e-02
6.104296445846557617e-02
4.639509320259094238e-02
4.167801141738891602e-02
-4.125351011753082275e-01
-4.105180799961090088e-01
-4.117554724216461182e-01
-4.168814420700073242e-01
-1.680715978145599365e-01
-1.741794347763061523e-01
-2.004261016845703125e-01
-1.959819942712783813e-01
5.692008137702941895e-02
2.601522207260131836e-02
-1.093885302543640137e-02
1.095405220985412598e-02
-4.199752509593963623e-01
-4.269385635852813721e-01
-4.186997413635253906e-01
-4.118047952651977539e-01
-2.214117199182510376e-01
-2.191630005836486816e-01
-2.197673618793487549e-01
-2.257588803768157959e-01
-3.297984600067138672e-02
-3.440335392951965332e-02
-5.638116598129272461e-02
-4.761868715286254883e-02
-4.224522411823272705e-01
-4.237856566905975342e-01
-4.234512746334075928e-01
-4.204554259777069092e-01
-2.287371605634689331e-01
-2.297101914882659912e-01
-2.243200242519378662e-01
-2.162500023841857910e-01
-3.861752152442932129e-02
-3.068369626998901367e-02
-4.622286558151245117e-02
-4.362231492996215820e-02
-4.075707495212554932e-01
-4.018414616584777832e-01
-4.041834175586700439e-01
-4.032804071903228760e-01
-2.077404856681823730e-01
-2.060022056102752686e-01
-1.992802917957305908e-01
-2.013115435838699341e-01
-3.327545523643493652e-02
-1.959934830665588379e-02
-1.336970925331115723e-02
-2.829921245574951172e-02
-3.938314914703369141e-01
-3.878022432327270508e-01
-3.944886624813079834e-01
-3.955524265766143799e-01
-1.761861741542816162e-01
-1.482152342796325684e-01
-1.445737928152084351e-01
-1.624143123626708984e-01
9.839355945587158203e-03
6.377932429313659668e-02
7.513022422790527344e-02
3.169390559196472168e-02
-3.682309091091156006e-01
-3.405826091766357422e-01
-3.373916149139404297e-01
-3.526479303836822510e-01
-1.309570372104644775e-01
-7.432025671005249023e-02
-6.020089983940124512e-02
-1.004806458950042725e-01
6.653454899787902832e-02
1.050759851932525635e-01
1.317354440689086914e-01
9.053978323936462402e-02
-3.597490191459655762e-01
-3.846272528171539307e-01
-3.963052630424499512e-01
-3.743549287319183350e-01
-9.427061676979064941e-02
-1.171846389770507812e-01
-1.489307731389999390e-01
-1.399480998516082764e-01
8.415451645851135254e-02
5.828267335891723633e-02
4.854434728622436523e-02
4.684644937515258789e-02
-4.265178143978118896e-01
-4.220123589038848877e-01
-4.182646572589874268e-01
-4.100634455680847168e-01
-1.649122834205627441e-01
-1.939697861671447754e-01
-2.113334387540817261e-01
-1.902454793453216553e-01
6.599333882331848145e-02
1.161831617355346680e-02
-2.912801504135131836e-02
2.211010456085205078e-02
-4.190239906311035156e-01
-4.194648861885070801e-01
-4.253101944923400879e-01
-4.155001938343048096e-01
-2.163195908069610596e-01
-2.212411165237426758e-01
-2.352455854415893555e-01
-2.308591306209564209e-01
-3.317713737487792969e-02
-4.625567793846130371e-02
-6.606301665306091309e-02
-5.821955204010009766e-02
-4.214522838592529297e-01
-4.259450435638427734e-01
-4.302011430263519287e-01
-4.310264885425567627e-01
-2.335281670093536377e-01
-2.266242504119873047e-01
-2.326472401618957520e-01
-2.270628809928894043e-01
-4.167151451110839844e-02
-3.603520989418029785e-02
-4.778981208801269531e-02
-4.398220777511596680e-02
-4.191538095474243164e-01
-4.107490181922912598e-01
-4.168367087841033936e-01
-4.262185394763946533e-01
-2.290716022253036499e-01
-2.085324525833129883e-01
-2.020254731178283691e-01
-2.165320366621017456e-01
-5.125507712364196777e-02
-2.587047219276428223e-02
-5.967110395431518555e-03
-3.736171126365661621e-02
-4.194998145103454590e-01
-4.115385711193084717e-01
-4.175513386726379395e-01
-4.274521768093109131e-01
-1.834503412246704102e-01
-1.581898927688598633e-01
-1.531065404415130615e-01
-1.947326958179473877e-01
-7.900893688201904297e-04
4.558438062667846680e-02
7.007959485054016113e-02
2.868437767028808594e-02
-3.785217404365539551e-01
-3.688382804393768311e-01
-3.669019043445587158e-01
-3.818936049938201904e-01
-1.296165138483047485e-01
-1.063882857561111450e-01
-9.890472888946533203e-02
-1.340820789337158203e-01
4.975065588951110840e-02
7.876202464103698730e-02
1.042097508907318115e-01
7.797607779502868652e-02
-3.377659618854522705e-01
-3.474742174148559570e-01
-3.566380739212036133e-01
-3.352962732315063477e-01
-8.643293380737304688e-02
-1.092084199190139771e-01
-1.153207719326019287e-01
-9.913370013236999512e-02
9.172186255455017090e-02
6.748187541961669922e-02
7.275918126106262207e-02
8.357340097427368164e-02
-4.029383957386016846e-01
-4.043342173099517822e-01
-3.990398645401000977e-01
-3.886124193668365479e-01
-1.563801914453506470e-01
-1.808913350105285645e-01
-1.939153075218200684e-01
-1.540292203426361084e-01
5.930835008621215820e-02
1.112091541290283203e-02
-8.671909570693969727e-03
3.867983818054199219e-02
-4.186747074127197266e-01
-4.110634922981262207e-01
-4.140991270542144775e-01
-4.147151708602905273e-01
-2.234213352203369141e-01
-2.309507429599761963e-01
-2.303585261106491089e-01
-2.110990285873413086e-01
-3.504401445388793945e-02
-6.832689046859741211e-02
-6.287467479705810547e-02
-3.080427646636962891e-02
-4.275736510753631592e-01
-4.309604763984680176e-01
-4.321989715099334717e-01
-4.323143362998962402e-01
-2.433377653360366821e-01
-2.275031208992004395e-01
-2.238205075263977051e-01
-2.229756116867065430e-01
-5.308520793914794922e-02
-5.085611343383789062e-02
-4.559192061424255371e-02
-5.137550830841064453e-02
-4.295500218868255615e-01
-4.249493479728698730e-01
-4.234623312950134277e-01
-4.258719384670257568e-01
-2.188143730163574219e-01
-2.203919142484664917e-01
-2.116473913192749023e-01
-2.117388248443603516e-01
-5.290350317955017090e-02
-5.015200376510620117e-02
-1.300874352455139160e-02
-3.345116972923278809e-02
-4.199253022670745850e-01
-4.125692546367645264e-01
-4.147881865501403809e-01
-4.087657928466796875e-01
-1.910008490085601807e-01
-1.698090136051177979e-01
-1.723547875881195068e-01
-1.861338913440704346e-01
3.912895917892456055e-03
3.094723820686340332e-02
4.691156744956970215e-02
1.778632402420043945e-02
-3.817799091339111328e-01
-3.713540732860565186e-01
-3.439098298549652100e-01
-3.558026850223541260e-01
-1.449623703956604004e-01
-1.283249706029891968e-01
-9.813982248306274414e-02
-1.124852597713470459e-01
5.620151758193969727e-02
5.020898580551147461e-02
8.193641901016235352e-02
8.062964677810668945e-02
-3.148429393768310547e-01
-3.255430459976196289e-01
-3.372199237346649170e-01
-3.272582590579986572e-01
-6.648120284080505371e-02
-7.535964250564575195e-02
-9.169888496398925781e-02
-7.032549381256103516e-02
1.506993770599365234e-01
1.277398765087127686e-01
1.104528605937957764e-01
1.386018097400665283e-01
-3.773721158504486084e-01
-3.869300782680511475e-01
-3.925211131572723389e-01
-3.820356428623199463e-01
-1.270527243614196777e-01
-1.464781761169433594e-01
-1.642732322216033936e-01
-1.389504373073577881e-01
9.089902043342590332e-02
5.371993780136108398e-02
1.904049515724182129e-02
7.322716712951660156e-02
-4.191437363624572754e-01
-4.251411557197570801e-01
-4.295978844165802002e-01
-4.189327657222747803e-01
-1.930156499147415161e-01
-2.236563563346862793e-01
-2.270780056715011597e-01
-1.940274238586425781e-01
-1.353925466537475586e-02
-4.154270887374877930e-02
-5.554381012916564941e-02
-2.464735507965087891e-02
-4.438373446464538574e-01
-4.374645352363586426e-01
-4.285566508769989014e-01
-4.362856447696685791e-01
-2.415702193975448608e-01
-2.364099621772766113e-01
-2.491034269332885742e-01
-2.493776082992553711e-01
-5.247575044631958008e-02
-6.445333361625671387e-02
-7.964622974395751953e-02
-6.977421045303344727e-02
-4.165184795856475830e-01
-4.107816815376281738e-01
-4.038711488246917725e-01
-4.054651558399200439e-01
-2.223139107227325439e-01
-2.171150445938110352e-01
-1.962561458349227905e-01
-2.037860155105590820e-01
-5.961745977401733398e-02
-4.165312647819519043e-02
-1.671150326728820801e-02
-2.794960141181945801e-02
-3.818697333335876465e-01
-3.819883167743682861e-01
-3.743712306022644043e-01
-3.863292932510375977e-01
-1.732410788536071777e-01
-1.510261148214340210e-01
-1.227398663759231567e-01
-1.381172090768814087e-01
1.107129454612731934e-02
5.049374699592590332e-02
8.276349306106567383e-02
4.988411068916320801e-02
-3.538346290588378906e-01
-3.494606614112854004e-01
-3.420097827911376953e-01
-3.430446684360504150e-01
-1.258481740951538086e-01
-1.017077118158340454e-01
-6.379064917564392090e-02
-7.014623284339904785e-02
9.240654110908508301e-02
8.824262022972106934e-02
1.277274489402770996e-01
1.274287104606628418e-01
-3.171568810939788818e-01
-3.262552022933959961e-01
-3.353205025196075439e-01
-3.331713676452636719e-01
-3.270095586776733398e-02
-6.469571590423583984e-02
-5.898451805114746094e-02
-3.363263607025146484e-02
1.775932610034942627e-01
1.553200781345367432e-01
1.614846289157867432e-01
1.705104112625122070e-01
-3.737267255783081055e-01
-3.828644752502441406e-01
-3.875418603420257568e-01
-3.774657547473907471e-01
-1.099088490009307861e-01
-1.368152052164077759e-01
-1.548329144716262817e-01
-1.123509407043457031e-01
1.429364681243896484e-01
7.708582282066345215e-02
3.345620632171630859e-02
9.631398320198059082e-02
-4.139707982540130615e-01
-4.201338291168212891e-01
-4.292663633823394775e-01
-4.152747988700866699e-01
-1.664707064628601074e-01
-2.041301727294921875e-01
-2.353661656379699707e-01
-2.015335112810134888e-01
1.661324501037597656e-02
-2.967306971549987793e-02
-9.115278720855712891e-02
-3.310275077819824219e-02
-4.419484436511993408e-01
-4.450120925903320312e-01
-4.435387849807739258e-01
-4.361571073532104492e-01
-2.406052500009536743e-01
-2.484126538038253784e-01
-2.729276716709136963e-01
-2.548864781856536865e-01
-9.001654386520385742e-02
-7.260647416114807129e-02
-1.232195198535919189e-01
-1.073387563228607178e-01
-4.291756749153137207e-01
-4.125330448150634766e-01
-4.060216844081878662e-01
-4.233043789863586426e-01
-2.453731596469879150e-01
-2.169216424226760864e-01
-2.043035328388214111e-01
-2.343101203441619873e-01
-9.628084301948547363e-02
-5.466574430465698242e-02
-3.836035728454589844e-02
-6.171911954879760742e-02
-3.744745254516601562e-01
-3.615570664405822754e-01
-3.474268317222595215e-01
-3.731857538223266602e-01
-1.722668707370758057e-01
-1.269586235284805298e-01
-1.039367616176605225e-01
-1.441892236471176147e-01
-6.106108427047729492e-03
7.120350003242492676e-02
8.722746372222900391e-02
3.552329540252685547e-02
-3.217755854129791260e-01
-3.202708959579467773e-01
-3.186340928077697754e-01
-3.336192071437835693e-01
-9.268233180046081543e-02
-6.612148880958557129e-02
-3.464478254318237305e-02
-5.447697639465332031e-02
1.001674532890319824e-01
1.435879468917846680e-01
1.568910181522369385e-01
1.197840571403503418e-01
