-7.486019134521484375e-01
-7.191967368125915527e-01
-8.827512860298156738e-01
-8.421468138694763184e-01
-3.203928470611572266e-02
-1.623872518539428711e-01
-2.941982746124267578e-01
-1.250829696655273438e-01
5.771390199661254883e-01
2.558501958847045898e-01
2.693552970886230469e-01
6.160675287246704102e-01
-8.846260905265808105e-01
-8.630016446113586426e-01
-9.180122613906860352e-01
-9.155160188674926758e-01
-3.895189762115478516e-01
-4.454818964004516602e-01
-5.353822708129882812e-01
-4.644091129302978516e-01
1.049729585647583008e-01
-1.059792041778564453e-01
-1.226834058761596680e-01
7.169365882873535156e-02
-8.248193264007568359e-01
-8.255786895751953125e-01
-7.270294427871704102e-01
-6.980873942375183105e-01
-4.509501457214355469e-01
-4.882825613021850586e-01
-4.858605861663818359e-01
-4.867436885833740234e-01
-1.216757297515869141e-01
-2.173103094100952148e-01
-3.703432083129882812e-01
-3.032240867614746094e-01
-7.396488785743713379e-01
-8.055909276008605957e-01
-7.450940012931823730e-01
-7.061375975608825684e-01
-5.049140453338623047e-01
-5.451712608337402344e-01
-5.022140741348266602e-01
-4.794306755065917969e-01
-3.959451913833618164e-01
-3.383756875991821289e-01
-3.047244548797607422e-01
-3.816641569137573242e-01
-7.901283502578735352e-01
-8.223591446876525879e-01
-7.814616560935974121e-01
-7.993962764739990234e-01
-5.820297002792358398e-01
-5.449008941650390625e-01
-4.783335924148559570e-01
-5.320629477500915527e-01
-3.754231929779052734e-01
-2.915327548980712891e-01
-1.955343484878540039e-01
-3.184733390808105469e-01
-8.216373920440673828e-01
-8.743222951889038086e-01
-9.353953003883361816e-01
-9.160104990005493164e-01
-4.440491199493408203e-01
-6.538714170455932617e-01
-5.926930904388427734e-01
-4.569221735000610352e-01
-2.257460355758666992e-01
-5.204973220825195312e-01
-2.525748014450073242e-01
-2.003908157348632812e-02
-1.145356178283691406e+00
-1.244517087936401367e+00
-1.267614126205444336e+00
-1.202868223190307617e+00
-7.329208254814147949e-01
-9.744918942451477051e-01
-9.553879499435424805e-01
-6.573191881179809570e-01
-3.101799488067626953e-01
-6.250211596488952637e-01
-5.467883348464965820e-01
-2.104632854461669922e-01
-9.334872961044311523e-01
-1.006290197372436523e+00
-1.080452203750610352e+00
-9.646971225738525391e-01
-1.080653667449951172e-01
-3.334304094314575195e-01
-4.668329954147338867e-01
-1.976089477539062500e-01
6.539720296859741211e-01
2.921507358551025391e-01
1.799889802932739258e-01
5.417639017105102539e-01
-1.025914788246154785e+00
-1.018680691719055176e+00
-9.577057361602783203e-01
-9.612663388252258301e-01
-5.811706781387329102e-01
-5.206682682037353516e-01
-4.547486305236816406e-01
-4.967781305313110352e-01
3.789865970611572266e-02
-8.695733547210693359e-02
-1.424279212951660156e-01
3.048622608184814453e-02
-7.421240806579589844e-01
-6.978727579116821289e-01
-6.835735440254211426e-01
-7.376353740692138672e-01
-3.865107297897338867e-01
-4.300622940063476562e-01
-4.355046749114990234e-01
-3.785384893417358398e-01
-1.397063732147216797e-01
-2.528747320175170898e-01
-3.405640125274658203e-01
-2.026293277740478516e-01
-5.902893543243408203e-01
-6.217519044876098633e-01
-6.235188245773315430e-01
-6.354581713676452637e-01
-3.955374956130981445e-01
-3.752182722091674805e-01
-3.820288181304931641e-01
-4.271562099456787109e-01
-2.785559892654418945e-01
-2.887318134307861328e-01
-3.289598226547241211e-01
-2.911232709884643555e-01
-6.628223657608032227e-01
-6.966403722763061523e-01
-7.466072440147399902e-01
-6.979880332946777344e-01
-4.008989334106445312e-01
-4.150133132934570312e-01
-4.543153047561645508e-01
-4.659295082092285156e-01
-2.962898015975952148e-01
-1.374281644821166992e-01
-1.535186767578125000e-01
-3.067216873168945312e-01
-8.769931793212890625e-01
-9.320271611213684082e-01
-1.013479471206665039e+00
-9.533140659332275391e-01
-4.451791048049926758e-01
-5.566501617431640625e-01
-5.035657882690429688e-01
-4.406819343566894531e-01
-1.002969741821289062e-01
-2.468864917755126953e-01
-7.267653942108154297e-02
9.477257728576660156e-03
-1.082427382469177246e+00
-1.069669604301452637e+00
-1.037062883377075195e+00
-1.039101839065551758e+00
-5.268288850784301758e-01
-6.279222965240478516e-01
-5.274951457977294922e-01
-3.449231386184692383e-01
1.161932945251464844e-01
-3.157261610031127930e-01
-1.496503353118896484e-01
2.472088336944580078e-01
-9.059714078903198242e-01
-9.570397138595581055e-01
-1.050518512725830078e+00
-9.339981675148010254e-01
-1.634496450424194336e-01
-2.603977918624877930e-01
-4.199876785278320312e-01
-2.094479799270629883e-01
5.947711467742919922e-01
3.154745101928710938e-01
1.916352510452270508e-01
5.046185255050659180e-01
-9.317213892936706543e-01
-9.016954302787780762e-01
-8.728453516960144043e-01
-9.172735214233398438e-01
-5.894539952278137207e-01
-4.855287075042724609e-01
-4.015127420425415039e-01
-4.425833225250244141e-01
-1.068333387374877930e-01
-6.503832340240478516e-02
1.368439197540283203e-02
2.189242839813232422e-02
-7.248215675354003906e-01
-7.285753488540649414e-01
-6.828080415725708008e-01
-6.992040872573852539e-01
-4.677851200103759766e-01
-4.590661525726318359e-01
-4.053758382797241211e-01
-4.190638065338134766e-01
-1.877958774566650391e-01
-2.588119506835937500e-01
-2.224556207656860352e-01
-1.698080301284790039e-01
-6.621382236480712891e-01
-6.740782260894775391e-01
-6.760133504867553711e-01
-6.624644398689270020e-01
-4.398667812347412109e-01
-4.200257062911987305e-01
-3.946490287780761719e-01
-4.083714485168457031e-01
-3.008645772933959961e-01
-2.278523445129394531e-01
-2.449949979782104492e-01
-2.755469083786010742e-01
-7.041493058204650879e-01
-6.871033310890197754e-01
-7.124818563461303711e-01
-7.208281159400939941e-01
-3.930190801620483398e-01
-3.759499788284301758e-01
-4.041603803634643555e-01
-4.563107490539550781e-01
-2.290797233581542969e-01
-1.592837572097778320e-01
-2.148700952529907227e-01
-2.446438074111938477e-01
-8.545085191726684570e-01
-9.232779145240783691e-01
-1.042531132698059082e+00
-9.050243496894836426e-01
-3.824522495269775391e-01
-3.762459754943847656e-01
-4.265127182006835938e-01
-4.490848779678344727e-01
-8.884978294372558594e-02
8.995211124420166016e-02
1.435130834579467773e-01
-5.601441860198974609e-02
-1.080616235733032227e+00
-9.709580540657043457e-01
-9.199436306953430176e-01
-9.655607342720031738e-01
-4.428719282150268555e-01
-3.160268068313598633e-01
-3.116679191589355469e-01
-3.521472215652465820e-01
2.343121767044067383e-01
1.613265275955200195e-01
2.094880342483520508e-01
2.797826528549194336e-01
-1.002816319465637207e+00
-1.065040946006774902e+00
-1.183039426803588867e+00
-1.077953338623046875e+00
-1.451853513717651367e-01
-1.002564430236816406e-01
-2.935535907745361328e-01
-2.928338050842285156e-01
5.579265356063842773e-01
6.050058603286743164e-01
4.417309761047363281e-01
4.390492439270019531e-01
-1.061907887458801270e+00
-9.824835658073425293e-01
-8.787528872489929199e-01
-9.674513936042785645e-01
-4.788309335708618164e-01
-4.145593643188476562e-01
-3.771905899047851562e-01
-4.531043767929077148e-01
1.218086481094360352e-01
7.413613796234130859e-02
1.859271526336669922e-02
6.519830226898193359e-02
-7.775554656982421875e-01
-7.388752102851867676e-01
-7.449254393577575684e-01
-7.576317191123962402e-01
-3.880971670150756836e-01
-4.338198900222778320e-01
-4.684696197509765625e-01
-4.538279771804809570e-01
-3.005838394165039062e-02
-1.436271667480468750e-01
-2.670263051986694336e-01
-1.503348350524902344e-01
-6.577283143997192383e-01
-6.617668271064758301e-01
-6.704850196838378906e-01
-6.906302571296691895e-01
-4.360668659210205078e-01
-4.170433282852172852e-01
-4.452161788940429688e-01
-4.425089359283447266e-01
-2.181370258331298828e-01
-2.920528650283813477e-01
-3.228200674057006836e-01
-2.260760068893432617e-01
-7.044968008995056152e-01
-7.384946346282958984e-01
-7.707506418228149414e-01
-7.334390878677368164e-01
-4.291194677352905273e-01
-4.587198495864868164e-01
-5.068557262420654297e-01
-5.180724859237670898e-01
-3.187807798385620117e-01
-2.313752174377441406e-01
-2.401195764541625977e-01
-3.651781082153320312e-01
-8.166611194610595703e-01
-8.736384510993957520e-01
-9.471608996391296387e-01
-8.671513199806213379e-01
-3.811526298522949219e-01
-3.625124692916870117e-01
-4.882658720016479492e-01
-5.799550414085388184e-01
-6.914925575256347656e-02
1.862525939941406250e-03
5.747222900390625000e-02
-9.805989265441894531e-02
-1.003515958786010742e+00
-9.408479928970336914e-01
-8.937524557113647461e-01
-9.620857834815979004e-01
-4.627596139907836914e-01
-2.785849571228027344e-01
-1.281796693801879883e-01
-2.366030216217041016e-01
1.544483900070190430e-01
2.959312200546264648e-01
5.760581493377685547e-01
4.240252971649169922e-01
-1.014424681663513184e+00
-1.044814825057983398e+00
-1.143869042396545410e+00
-1.034783005714416504e+00
-2.841271162033081055e-01
-3.324103355407714844e-01
-5.171856880187988281e-01
-4.327045679092407227e-01
5.122146606445312500e-01
3.042656183242797852e-01
2.166748046875000000e-02
2.180640697479248047e-01
-9.369391798973083496e-01
-8.895040750503540039e-01
-7.601779103279113770e-01
-8.182594776153564453e-01
-5.647675395011901855e-01
-5.084639787673950195e-01
-3.959671258926391602e-01
-4.154474735260009766e-01
-7.722544670104980469e-02
-1.037110090255737305e-01
-8.986973762512207031e-02
-7.978034019470214844e-02
-7.445436120033264160e-01
-7.550138831138610840e-01
-7.313092350959777832e-01
-6.935946941375732422e-01
-4.737950563430786133e-01
-4.516359567642211914e-01
-4.720165729522705078e-01
-4.031586647033691406e-01
-2.378860712051391602e-01
-2.305045127868652344e-01
-2.075616121292114258e-01
-1.972249746322631836e-01
-6.828994750976562500e-01
-7.088780999183654785e-01
-6.925388574600219727e-01
-6.807394027709960938e-01
-4.913978576660156250e-01
-5.053684711456298828e-01
-4.381468296051025391e-01
-4.346964359283447266e-01
-2.412242889404296875e-01
-2.953110933303833008e-01
-2.626632452011108398e-01
-2.213488817214965820e-01
-6.954935789108276367e-01
-6.685408353805541992e-01
-6.790764331817626953e-01
-7.099176049232482910e-01
-4.553920030593872070e-01
-4.466277360916137695e-01
-4.839066267013549805e-01
-5.103247165679931641e-01
-2.831487655639648438e-01
-2.841469049453735352e-01
-3.164846897125244141e-01
-3.469643592834472656e-01
-7.961030006408691406e-01
-8.231710195541381836e-01
-9.437394738197326660e-01
-8.721203804016113281e-01
-4.284758567810058594e-01
-4.005475044250488281e-01
-3.795696496963500977e-01
-4.071470499038696289e-01
-1.809149980545043945e-01
1.248550415039062500e-02
1.377013921737670898e-01
-3.120601177215576172e-02
-1.017142057418823242e+00
-9.515826702117919922e-01
-8.898380398750305176e-01
-9.468246102333068848e-01
-4.085108041763305664e-01
-1.782771348953247070e-01
-1.125812530517578125e-02
-1.636960506439208984e-01
1.702873706817626953e-01
3.791344165802001953e-01
6.117537021636962891e-01
4.564838409423828125e-01
-1.040415525436401367e+00
-1.050651550292968750e+00
-1.103245496749877930e+00
-1.069157481193542480e+00
-3.474379777908325195e-01
-4.227256774902343750e-01
-4.174051284790039062e-01
-2.005766630172729492e-01
4.750243425369262695e-01
2.763417959213256836e-01
2.860579490661621094e-01
5.455716848373413086e-01
-1.009980440139770508e+00
-8.991414904594421387e-01
-8.645170331001281738e-01
-9.627488255500793457e-01
-5.591667890548706055e-01
-4.751739501953125000e-01
-3.257943391799926758e-01
-4.123337268829345703e-01
-5.073523521423339844e-02
-1.740509271621704102e-01
-6.173467636108398438e-02
1.181658506393432617e-01
-7.641125917434692383e-01
-7.611331939697265625e-01
-7.639349102973937988e-01
-7.817450761795043945e-01
-4.548752307891845703e-01
-4.254696369171142578e-01
-4.722738265991210938e-01
-5.107755661010742188e-01
-1.744362115859985352e-01
-1.732693910598754883e-01
-2.766473293304443359e-01
-2.805796861648559570e-01
-7.519240379333496094e-01
-7.343391180038452148e-01
-6.738232374191284180e-01
-6.943777799606323242e-01
-4.567812681198120117e-01
-4.824445247650146484e-01
-4.265434741973876953e-01
-4.427965879440307617e-01
-2.887344360351562500e-01
-3.098701238632202148e-01
-2.983269691467285156e-01
-2.342209815979003906e-01
-7.089388370513916016e-01
-7.455003857612609863e-01
-7.135847806930541992e-01
-6.895480751991271973e-01
-4.603654146194458008e-01
-4.451501369476318359e-01
-4.349244832992553711e-01
-4.713068008422851562e-01
-3.391983509063720703e-01
-2.260149717330932617e-01
-2.339702844619750977e-01
-3.278961181640625000e-01
-8.508346080780029297e-01
-9.187731146812438965e-01
-9.947776198387145996e-01
-9.239339828491210938e-01
-3.647602796554565430e-01
-4.372390508651733398e-01
-4.058070182800292969e-01
-3.574519157409667969e-01
-2.312874794006347656e-02
4.275679588317871094e-02
7.397854328155517578e-02
5.273461341857910156e-03
-9.679172039031982422e-01
-9.020440578460693359e-01
-8.219184875488281250e-01
-8.739724159240722656e-01
-3.503515720367431641e-01
-2.136387825012207031e-01
-1.361403465270996094e-01
-2.307600975036621094e-01
3.491914272308349609e-01
4.267171621322631836e-01
4.666523933410644531e-01
4.081635475158691406e-01
-9.771360754966735840e-01
-1.058166742324829102e+00
-1.110599756240844727e+00
-9.908096790313720703e-01
-4.302203655242919922e-02
-1.689934730529785156e-01
-2.055432796478271484e-01
-1.968824863433837891e-02
7.536106109619140625e-01
6.044590473175048828e-01
4.544316530227661133e-01
7.076816558837890625e-01
-9.895974993705749512e-01
-9.597892761230468750e-01
-8.858752250671386719e-01
-8.891372084617614746e-01
-3.916778564453125000e-01
-4.895896911621093750e-01
-4.687826633453369141e-01
-3.182063102722167969e-01
2.194577455520629883e-01
7.004737854003906250e-04
-1.468722820281982422e-01
1.471626758575439453e-01
-7.257108092308044434e-01
-7.367782592773437500e-01
-7.331609129905700684e-01
-7.307980656623840332e-01
-4.007552862167358398e-01
-5.568164587020874023e-01
-5.673440694808959961e-01
-4.286255836486816406e-01
-5.967628955841064453e-02
-3.095766305923461914e-01
-4.321178197860717773e-01
-1.452658176422119141e-01
-7.435067296028137207e-01
-7.095682024955749512e-01
-7.137489318847656250e-01
-7.083292007446289062e-01
-4.395762681961059570e-01
-5.252814292907714844e-01
-4.451045989990234375e-01
-3.855783939361572266e-01
-2.536706924438476562e-01
-3.507041931152343750e-01
-3.157745599746704102e-01
-1.644546985626220703e-01
-6.653714179992675781e-01
-6.427263021469116211e-01
-6.504427194595336914e-01
-6.795243620872497559e-01
-4.671840667724609375e-01
-4.972709417343139648e-01
-4.466493129730224609e-01
-4.264273643493652344e-01
-3.017808198928833008e-01
-3.360511064529418945e-01
-2.824281454086303711e-01
-2.571665048599243164e-01
-7.622290253639221191e-01
-7.836250066757202148e-01
-8.577931523323059082e-01
-8.467436432838439941e-01
-3.758637905120849609e-01
-3.293330669403076172e-01
-3.367208242416381836e-01
-4.151515960693359375e-01
-1.023532152175903320e-01
1.722025871276855469e-02
1.018453836441040039e-01
-1.865303516387939453e-02
-8.556919097900390625e-01
-8.007954359054565430e-01
-7.073958516120910645e-01
-7.652494907379150391e-01
-4.284870624542236328e-01
-2.313013076782226562e-01
-9.468603134155273438e-02
-2.210316658020019531e-01
8.128523826599121094e-02
3.411296606063842773e-01
4.576892852783203125e-01
2.593175172805786133e-01
