-8.520267009735107422e-01
-7.895621061325073242e-01
-9.736368656158447266e-01
-9.695360064506530762e-01
7.574785947799682617e-01
8.103042244911193848e-01
6.051689982414245605e-01
6.553397774696350098e-01
2.206119298934936523e+00
2.146540164947509766e+00
2.223141193389892578e+00
2.192209243774414062e+00
-8.937544226646423340e-01
-6.619011163711547852e-01
-7.592782974243164062e-01
-8.822671175003051758e-01
4.975703358650207520e-01
4.845126867294311523e-01
4.539146423339843750e-01
4.822696447372436523e-01
2.040864944458007812e+00
1.454103231430053711e+00
1.459284067153930664e+00
1.919024705886840820e+00
-5.357434749603271484e-01
-5.006066560745239258e-01
-4.930196106433868408e-01
-5.638610124588012695e-01
5.807622671127319336e-01
4.483344852924346924e-01
8.269377052783966064e-02
1.548693478107452393e-01
1.566626906394958496e+00
1.185773134231567383e+00
4.809314608573913574e-01
7.866013050079345703e-01
-4.779746830463409424e-01
-5.416684746742248535e-01
-3.983561694622039795e-01
-4.078284502029418945e-01
1.588607132434844971e-01
1.798981279134750366e-01
1.994311809539794922e-03
2.468228340148925781e-02
7.032318115234375000e-01
7.485481500625610352e-01
2.139928042888641357e-01
2.564051747322082520e-01
-3.239730000495910645e-01
-3.969058692455291748e-01
-3.621309399604797363e-01
-3.654550909996032715e-01
4.556056857109069824e-02
-3.496527671813964844e-03
1.985926926136016846e-01
1.959953010082244873e-01
2.068258970975875854e-01
2.764588892459869385e-01
5.897221565246582031e-01
5.125902295112609863e-01
-6.072109937667846680e-01
-6.972895860671997070e-01
-8.534122705459594727e-01
-8.194153308868408203e-01
1.576328277587890625e-01
1.318018138408660889e-01
3.049676120281219482e-01
3.143303990364074707e-01
6.374846100807189941e-01
8.428475260734558105e-01
1.381602644920349121e+00
1.308833599090576172e+00
-1.092087745666503906e+00
-9.495792388916015625e-01
-9.739235639572143555e-01
-1.156162142753601074e+00
2.784195244312286377e-01
6.891525387763977051e-01
9.037261009216308594e-01
5.816446542739868164e-01
1.547961115837097168e+00
1.894594788551330566e+00
2.378102302551269531e+00
2.172272205352783203e+00
-8.116065263748168945e-01
-1.024244070053100586e+00
-1.150956511497497559e+00
-8.744556903839111328e-01
8.432006835937500000e-01
5.192598700523376465e-01
2.876600325107574463e-01
7.126551270484924316e-01
2.517974376678466797e+00
2.037510633468627930e+00
1.822252511978149414e+00
2.266334056854248047e+00
-1.169284582138061523e+00
-1.082004308700561523e+00
-1.014070510864257812e+00
-1.010161399841308594e+00
1.867507100105285645e-01
1.243029832839965820e-01
2.015719264745712280e-01
3.584596216678619385e-01
1.587855100631713867e+00
1.218345880508422852e+00
1.231639623641967773e+00
1.657443284988403320e+00
-6.030465364456176758e-01
-5.700802206993103027e-01
-4.645989537239074707e-01
-5.490612387657165527e-01
1.331603676080703735e-01
1.526060700416564941e-01
3.276454657316207886e-02
2.277001738548278809e-03
9.764516949653625488e-01
8.510398864746093750e-01
3.405606448650360107e-01
5.764824151992797852e-01
-3.099844157695770264e-01
-3.271359801292419434e-01
-3.305445611476898193e-01
-3.679687082767486572e-01
1.267162561416625977e-01
2.129054963588714600e-01
9.991493076086044312e-02
2.992028743028640747e-02
4.758501052856445312e-01
6.134206652641296387e-01
3.797093629837036133e-01
3.373957872390747070e-01
-3.840105533599853516e-01
-3.961420655250549316e-01
-5.151867866516113281e-01
-4.822376966476440430e-01
1.756354868412017822e-01
1.747611761093139648e-01
1.502223163843154907e-01
1.187684759497642517e-01
4.452667534351348877e-01
5.845636129379272461e-01
7.952814698219299316e-01
6.285504698753356934e-01
-7.347451448440551758e-01
-8.677293658256530762e-01
-9.951012134552001953e-01
-8.212393522262573242e-01
2.749178707599639893e-01
1.444715857505798340e-01
6.065782904624938965e-02
2.286897599697113037e-01
1.070009589195251465e+00
1.242895722389221191e+00
1.295132637023925781e+00
1.018878459930419922e+00
-9.938412904739379883e-01
-8.948148488998413086e-01
-8.383574485778808594e-01
-8.731546401977539062e-01
1.593020856380462646e-01
6.937117576599121094e-01
7.306675910949707031e-01
3.468494415283203125e-01
1.572361588478088379e+00
2.193929195404052734e+00
2.399331808090209961e+00
1.703567981719970703e+00
-6.584074497222900391e-01
-8.218245506286621094e-01
-1.038831233978271484e+00
-7.442692518234252930e-01
9.592148065567016602e-01
7.335792779922485352e-01
3.948069512844085693e-01
7.625270485877990723e-01
2.621562719345092773e+00
2.120543003082275391e+00
1.821480512619018555e+00
2.414130687713623047e+00
-1.101445317268371582e+00
-9.558643698692321777e-01
-8.662273287773132324e-01
-9.679318070411682129e-01
2.447294890880584717e-01
3.917575776576995850e-01
4.570541679859161377e-01
3.983706831932067871e-01
1.414097309112548828e+00
1.350463032722473145e+00
1.411253213882446289e+00
1.601178169250488281e+00
-5.909778475761413574e-01
-5.661401152610778809e-01
-4.429549574851989746e-01
-5.367463827133178711e-01
3.067016601562500000e-02
7.125154137611389160e-02
1.572272181510925293e-01
9.077873826026916504e-02
6.406248211860656738e-01
6.515062451362609863e-01
6.573988795280456543e-01
6.868571639060974121e-01
-5.335162878036499023e-01
-5.018250942230224609e-01
-5.249875783920288086e-01
-6.073144078254699707e-01
-1.533156633377075195e-02
-1.589503884315490723e-02
3.004880994558334351e-02
3.794482350349426270e-02
3.879040181636810303e-01
3.801801800727844238e-01
4.872221946716308594e-01
6.203991770744323730e-01
-6.030985116958618164e-01
-6.221644282341003418e-01
-7.091370820999145508e-01
-7.504048943519592285e-01
1.233161687850952148e-01
7.503742724657058716e-02
6.180881708860397339e-02
1.995676010847091675e-02
6.440156698226928711e-01
6.719546914100646973e-01
7.416037917137145996e-01
7.105074524879455566e-01
-8.404135704040527344e-01
-8.532060384750366211e-01
-9.741809964179992676e-01
-9.141439199447631836e-01
4.556702375411987305e-01
3.640826940536499023e-01
1.515701115131378174e-01
1.866869330406188965e-01
1.343608498573303223e+00
1.273340106010437012e+00
1.186775207519531250e+00
1.046673536300659180e+00
-8.083472847938537598e-01
-6.964610219001770020e-01
-7.527153491973876953e-01
-7.505049705505371094e-01
3.807419538497924805e-01
6.998226642608642578e-01
8.841875195503234863e-01
6.350257992744445801e-01
1.608183622360229492e+00
1.868167281150817871e+00
2.328649520874023438e+00
2.054031610488891602e+00
-7.370893359184265137e-01
-8.395656347274780273e-01
-1.173465132713317871e+00
-9.399151802062988281e-01
9.413651227951049805e-01
8.213822841644287109e-01
2.321997731924057007e-01
4.700199365615844727e-01
2.407724618911743164e+00
2.249299287796020508e+00
1.688849687576293945e+00
1.995934009552001953e+00
-1.192587852478027344e+00
-9.629609584808349609e-01
-8.355684280395507812e-01
-9.091855883598327637e-01
1.121678054332733154e-01
2.957344651222229004e-01
3.277552723884582520e-01
2.019581496715545654e-01
1.463288903236389160e+00
1.343521356582641602e+00
1.248862385749816895e+00
1.368669033050537109e+00
-5.470231175422668457e-01
-4.898603260517120361e-01
-4.171954393386840820e-01
-4.640868604183197021e-01
1.225700974464416504e-02
3.206726908683776855e-02
1.423592269420623779e-01
1.573353558778762817e-01
6.211599111557006836e-01
5.809527039527893066e-01
6.279653906822204590e-01
7.684228420257568359e-01
-4.911358952522277832e-01
-5.663638114929199219e-01
-5.481107831001281738e-01
-4.920597672462463379e-01
6.768058240413665771e-02
1.660679280757904053e-02
5.446112155914306641e-02
1.208738982677459717e-01
4.535475373268127441e-01
6.283875703811645508e-01
5.455498695373535156e-01
5.467377305030822754e-01
-5.768545866012573242e-01
-6.705048084259033203e-01
-6.493939161300659180e-01
-6.071785688400268555e-01
1.534062176942825317e-01
3.958347439765930176e-02
7.124249637126922607e-02
1.523446291685104370e-01
6.949645876884460449e-01
7.911504507064819336e-01
7.924812436103820801e-01
6.566550731658935547e-01
-7.620336413383483887e-01
-8.592858314514160156e-01
-9.330476522445678711e-01
-7.858594059944152832e-01
3.704853653907775879e-01
3.835620582103729248e-01
3.168253004550933838e-01
1.459094285964965820e-01
1.199552059173583984e+00
1.411570787429809570e+00
1.371261596679687500e+00
1.046678781509399414e+00
-9.920350313186645508e-01
-8.456453084945678711e-01
-9.758780002593994141e-01
-1.030301094055175781e+00
4.928693473339080811e-01
6.953882575035095215e-01
7.345793843269348145e-01
5.734687447547912598e-01
1.859373092651367188e+00
2.081855297088623047e+00
2.307826280593872070e+00
2.178138732910156250e+00
-9.762244224548339844e-01
-1.056270241737365723e+00
-1.276807308197021484e+00
-1.130698084831237793e+00
6.719484329223632812e-01
6.250123977661132812e-01
1.973546147346496582e-01
2.627528607845306396e-01
2.402283430099487305e+00
2.281756401062011719e+00
1.572266221046447754e+00
1.668686866760253906e+00
-1.233500242233276367e+00
-1.003916740417480469e+00
-9.142207503318786621e-01
-1.089101076126098633e+00
1.847502589225769043e-01
2.165077030658721924e-01
1.936429142951965332e-01
2.543683350086212158e-01
1.572330594062805176e+00
1.237399935722351074e+00
1.163882732391357422e+00
1.469706535339355469e+00
-5.652025938034057617e-01
-4.454967677593231201e-01
-3.673626184463500977e-01
-5.343210101127624512e-01
5.165880918502807617e-02
4.652428627014160156e-02
1.234323978424072266e-01
1.990216970443725586e-01
7.700551152229309082e-01
5.083452463150024414e-01
5.014938116073608398e-01
8.186979889869689941e-01
-2.849348783493041992e-01
-2.743110060691833496e-01
-2.536538839340209961e-01
-2.781667709350585938e-01
1.739960610866546631e-01
2.844677269458770752e-01
1.939505040645599365e-01
1.459105610847473145e-01
5.506329536437988281e-01
6.146761775016784668e-01
4.339949488639831543e-01
4.014705121517181396e-01
-3.337176442146301270e-01
-3.290305137634277344e-01
-3.618426322937011719e-01
-3.601684272289276123e-01
2.205949425697326660e-01
2.459628582000732422e-01
2.447241246700286865e-01
2.511187791824340820e-01
5.543553829193115234e-01
6.401967406272888184e-01
6.644845604896545410e-01
5.755104422569274902e-01
-5.847744941711425781e-01
-6.619933247566223145e-01
-9.165126681327819824e-01
-6.948820352554321289e-01
3.396845459938049316e-01
3.772419393062591553e-01
2.557187080383300781e-01
2.380283772945404053e-01
9.453458786010742188e-01
1.231725335121154785e+00
1.268366813659667969e+00
1.003566145896911621e+00
-1.133244276046752930e+00
-1.060511827468872070e+00
-1.153577685356140137e+00
-1.140620708465576172e+00
1.526689529418945312e-01
6.163083910942077637e-01
5.852650403976440430e-01
2.433574795722961426e-01
1.351465463638305664e+00
2.029032468795776367e+00
2.280580997467041016e+00
1.680735707283020020e+00
-6.414577960968017578e-01
-9.097032546997070312e-01
-9.762638807296752930e-01
-7.061385512351989746e-01
7.676160931587219238e-01
5.126200914382934570e-01
3.921623528003692627e-01
7.428642511367797852e-01
2.275850296020507812e+00
2.126863241195678711e+00
1.828721284866333008e+00
1.965817213058471680e+00
-1.201111435890197754e+00
-1.091375708580017090e+00
-1.000669598579406738e+00
-1.026616811752319336e+00
1.696797609329223633e-01
1.600273400545120239e-01
3.643096983432769775e-01
3.626662194728851318e-01
1.455886244773864746e+00
1.390333652496337891e+00
1.375774145126342773e+00
1.599732756614685059e+00
-6.922991275787353516e-01
-6.296143531799316406e-01
-4.859117865562438965e-01
-6.063976287841796875e-01
1.743276864290237427e-01
7.099521160125732422e-02
2.537710666656494141e-01
2.505365312099456787e-01
1.017307758331298828e+00
7.445595860481262207e-01
6.051681041717529297e-01
8.826888799667358398e-01
-3.232274055480957031e-01
-2.684280872344970703e-01
-3.030929565429687500e-01
-3.946099877357482910e-01
2.679516673088073730e-01
2.368547320365905762e-01
1.014344245195388794e-01
1.330998986959457397e-01
6.680574417114257812e-01
5.209836363792419434e-01
4.613328874111175537e-01
6.274460554122924805e-01
-3.855445384979248047e-01
-4.228329956531524658e-01
-5.033661723136901855e-01
-4.882014393806457520e-01
1.972434818744659424e-01
2.540807127952575684e-01
2.133448272943496704e-01
1.522707343101501465e-01
5.263698697090148926e-01
7.252581119537353516e-01
8.820823431015014648e-01
6.813008785247802734e-01
-7.439668178558349609e-01
-7.687456607818603516e-01
-9.983627796173095703e-01
-9.613541364669799805e-01
2.321678102016448975e-01
2.705020606517791748e-01
1.182870566844940186e-02
-1.393544673919677734e-02
1.018528938293457031e+00
1.143903493881225586e+00
1.092734932899475098e+00
8.730183243751525879e-01
-1.182096481323242188e+00
-1.108110189437866211e+00
-1.227068901062011719e+00
-1.193798303604125977e+00
5.555948615074157715e-02
2.842479050159454346e-01
2.076873183250427246e-01
1.275777816772460938e-01
1.560885548591613770e+00
1.836159944534301758e+00
1.728640437126159668e+00
1.383697867393493652e+00
-2.423316836357116699e-01
-4.084280729293823242e-01
-5.634487271308898926e-01
-3.769439458847045898e-01
1.373126387596130371e+00
9.157271981239318848e-01
7.101248502731323242e-01
1.235021233558654785e+00
2.746388435363769531e+00
2.175933361053466797e+00
1.800553679466247559e+00
2.335691690444946289e+00
-7.406476736068725586e-01
-7.291046977043151855e-01
-6.334298849105834961e-01
-5.408352613449096680e-01
4.359153807163238525e-01
4.777311384677886963e-01
4.799275994300842285e-01
5.874416232109069824e-01
1.655880928039550781e+00
1.568732142448425293e+00
1.296476244926452637e+00
1.556305170059204102e+00
-5.075033307075500488e-01
-5.039308667182922363e-01
-4.168484807014465332e-01
-4.391666352748870850e-01
2.571516335010528564e-01
1.725239455699920654e-01
2.597448825836181641e-01
3.583853244781494141e-01
7.481996417045593262e-01
7.136916518211364746e-01
6.313660144805908203e-01
8.140309453010559082e-01
-5.226484537124633789e-01
-5.384060144424438477e-01
-5.616722702980041504e-01
-5.605294704437255859e-01
1.524657458066940308e-01
-4.344467818737030029e-02
-1.121401786804199219e-02
2.637208104133605957e-01
5.749512910842895508e-01
4.218133389949798584e-01
4.947966933250427246e-01
8.486096858978271484e-01
-6.088165044784545898e-01
-5.690808296203613281e-01
-5.655114650726318359e-01
-6.240419149398803711e-01
4.910117387771606445e-02
3.982381522655487061e-02
2.218332588672637939e-01
2.380181401968002319e-01
4.740141630172729492e-01
5.062826871871948242e-01
8.978676199913024902e-01
9.841325283050537109e-01
-6.601658463478088379e-01
-8.183175325393676758e-01
-7.676216363906860352e-01
-7.235488295555114746e-01
3.111505508422851562e-01
2.986435294151306152e-01
4.159301817417144775e-01
3.198183476924896240e-01
1.042859911918640137e+00
1.333966016769409180e+00
1.317163228988647461e+00
1.032220363616943359e+00
-9.406061172485351562e-01
-1.073284029960632324e+00
-1.089881181716918945e+00
-1.064932942390441895e+00
4.274053871631622314e-01
4.058012366294860840e-01
3.917566537857055664e-01
4.123102426528930664e-01
1.714919090270996094e+00
1.900905251502990723e+00
1.707302093505859375e+00
1.545391559600830078e+00
