-8.175069689750671387e-01
-8.257060647010803223e-01
-9.537036418914794922e-01
-9.586281776428222656e-01
-8.138677477836608887e-02
-1.377550065517425537e-01
-1.783041208982467651e-01
-7.054577767848968506e-02
5.864351987838745117e-01
4.175981283187866211e-01
5.737138986587524414e-01
7.602204680442810059e-01
-9.357092380523681641e-01
-8.258472681045532227e-01
-8.639794588088989258e-01
-9.076800942420959473e-01
-1.137521266937255859e-01
-1.272582709789276123e-01
-2.814357578754425049e-01
-2.341884970664978027e-01
6.109937429428100586e-01
2.993362843990325928e-01
1.236896291375160217e-01
3.648515641689300537e-01
-7.641926407814025879e-01
-7.887813448905944824e-01
-7.670885920524597168e-01
-7.632994651794433594e-01
-3.243558406829833984e-01
-3.802610635757446289e-01
-4.685646891593933105e-01
-4.556193649768829346e-01
1.541431695222854614e-01
3.177970647811889648e-02
-2.833113074302673340e-01
-1.922315359115600586e-01
-7.197971940040588379e-01
-7.577726840972900391e-01
-7.081903219223022461e-01
-6.928850412368774414e-01
-4.323560297489166260e-01
-4.715854525566101074e-01
-4.526971280574798584e-01
-4.090207517147064209e-01
-2.513555884361267090e-01
-2.485670745372772217e-01
-2.540084719657897949e-01
-2.175545692443847656e-01
-7.028207182884216309e-01
-7.726061940193176270e-01
-7.549949884414672852e-01
-7.219644188880920410e-01
-4.570755958557128906e-01
-4.338148534297943115e-01
-3.722704052925109863e-01
-4.193663597106933594e-01
-2.951533794403076172e-01
-1.963761448860168457e-01
-8.845084160566329956e-02
-1.861438602209091187e-01
-8.142545223236083984e-01
-8.524163961410522461e-01
-8.725253343582153320e-01
-8.719924688339233398e-01
-3.573533296585083008e-01
-4.220618009567260742e-01
-3.834413886070251465e-01
-3.785697817802429199e-01
-5.241155251860618591e-02
-1.503328084945678711e-01
-7.158295810222625732e-02
1.366346329450607300e-02
-9.283967018127441406e-01
-9.570057392120361328e-01
-9.987130761146545410e-01
-9.719144105911254883e-01
-4.161351025104522705e-01
-6.391580700874328613e-01
-5.127723217010498047e-01
-2.494305670261383057e-01
1.304943859577178955e-02
-2.842408716678619385e-01
3.425402194261550903e-02
4.154049456119537354e-01
-9.697043895721435547e-01
-1.028585553169250488e+00
-1.096395611763000488e+00
-9.770351052284240723e-01
-3.520499467849731445e-01
-3.936991095542907715e-01
-4.166684448719024658e-01
-2.381869107484817505e-01
4.699460864067077637e-01
2.652772068977355957e-01
2.856339216232299805e-01
4.853077232837677002e-01
-1.020040035247802734e+00
-9.778588414192199707e-01
-8.902067542076110840e-01
-9.198727607727050781e-01
-4.771479070186614990e-01
-3.800301551818847656e-01
-3.416526317596435547e-01
-4.007621705532073975e-01
1.101336330175399780e-01
1.116101369261741638e-01
7.564498484134674072e-02
1.219729855656623840e-01
-7.011530399322509766e-01
-7.120603919029235840e-01
-6.652553081512451172e-01
-6.709892153739929199e-01
-3.549624681472778320e-01
-4.112805426120758057e-01
-3.638611435890197754e-01
-3.532899618148803711e-01
-6.383486092090606689e-02
-4.817987605929374695e-02
-1.452675163745880127e-01
-1.123700365424156189e-01
-6.427695751190185547e-01
-6.521015763282775879e-01
-6.177656650543212891e-01
-6.306671500205993652e-01
-3.562802076339721680e-01
-3.268647789955139160e-01
-2.744534611701965332e-01
-2.907674312591552734e-01
-1.397188305854797363e-01
-1.183144599199295044e-01
-1.252133250236511230e-01
-6.646564602851867676e-02
-6.654581427574157715e-01
-6.805590391159057617e-01
-6.934269666671752930e-01
-6.805867552757263184e-01
-3.136434853076934814e-01
-3.689480125904083252e-01
-3.647469282150268555e-01
-3.494402170181274414e-01
-1.533200442790985107e-01
-9.560673683881759644e-02
-8.846163749694824219e-02
-1.397586464881896973e-01
-8.037663102149963379e-01
-8.502032756805419922e-01
-9.571313261985778809e-01
-9.047532081604003906e-01
-3.411205112934112549e-01
-3.868697881698608398e-01
-4.378827810287475586e-01
-4.138003885746002197e-01
-6.208427250385284424e-03
-2.222692966461181641e-02
4.103788733482360840e-02
-1.485598832368850708e-02
-1.056464195251464844e+00
-9.912146329879760742e-01
-9.807109832763671875e-01
-9.892251491546630859e-01
-4.321615397930145264e-01
-3.611454963684082031e-01
-3.058414459228515625e-01
-2.672500610351562500e-01
2.696452140808105469e-01
1.647653877735137939e-01
3.435742259025573730e-01
4.405093789100646973e-01
-9.369069337844848633e-01
-1.008986592292785645e+00
-1.141649007797241211e+00
-1.049450755119323730e+00
-3.462924063205718994e-02
-1.829363405704498291e-01
-5.087945461273193359e-01
-3.284955322742462158e-01
7.447397112846374512e-01
5.060334205627441406e-01
2.156102657318115234e-01
4.578196704387664795e-01
-9.745956063270568848e-01
-8.936676979064941406e-01
-8.441184759140014648e-01
-9.332311153411865234e-01
-4.959925711154937744e-01
-4.131349027156829834e-01
-4.113107621669769287e-01
-4.593413472175598145e-01
8.983229100704193115e-02
-5.415987968444824219e-02
-5.557638034224510193e-02
6.238689273595809937e-02
-6.749660968780517578e-01
-6.608028411865234375e-01
-6.490012407302856445e-01
-6.754885911941528320e-01
-4.318023920059204102e-01
-3.811150789260864258e-01
-3.248965442180633545e-01
-3.928176760673522949e-01
-1.793211847543716431e-01
-1.287291049957275391e-01
-9.302213788032531738e-02
-1.480045169591903687e-01
-6.450610756874084473e-01
-6.221593618392944336e-01
-6.124266386032104492e-01
-6.372712850570678711e-01
-3.443122208118438721e-01
-3.127362728118896484e-01
-3.017700910568237305e-01
-3.030829131603240967e-01
-1.508405506610870361e-01
-6.593157351016998291e-02
-1.033787429332733154e-01
-1.261442452669143677e-01
-6.075901985168457031e-01
-6.478248238563537598e-01
-6.459854841232299805e-01
-6.132833957672119141e-01
-3.224564194679260254e-01
-3.281011283397674561e-01
-3.115970194339752197e-01
-3.242006897926330566e-01
-1.454157382249832153e-01
-8.167801797389984131e-02
-2.593471296131610870e-02
-1.017752885818481445e-01
-7.842196226119995117e-01
-8.811328411102294922e-01
-9.846405982971191406e-01
-8.846613168716430664e-01
-3.136862516403198242e-01
-3.407057523727416992e-01
-4.591185748577117920e-01
-4.228218793869018555e-01
6.901332736015319824e-02
1.318410485982894897e-01
1.023568063974380493e-01
-3.760069608688354492e-03
-1.140982985496520996e+00
-1.088005781173706055e+00
-1.165844678878784180e+00
-1.136266827583312988e+00
-3.996909260749816895e-01
-2.772322297096252441e-01
-2.383767068386077881e-01
-2.776936292648315430e-01
3.084027767181396484e-01
4.028100967407226562e-01
6.146140694618225098e-01
5.006330609321594238e-01
-8.516160249710083008e-01
-9.551866054534912109e-01
-1.039628505706787109e+00
-8.642340898513793945e-01
-1.672052741050720215e-01
-1.715500950813293457e-01
-3.687087893486022949e-01
-3.070910871028900146e-01
5.552679896354675293e-01
5.698601007461547852e-01
3.026638627052307129e-01
2.985671162605285645e-01
-1.090538382530212402e+00
-1.001681685447692871e+00
-9.198438525199890137e-01
-9.401680231094360352e-01
-5.266585946083068848e-01
-4.922831952571868896e-01
-3.564484119415283203e-01
-3.648592233657836914e-01
7.637021690607070923e-02
2.002789452672004700e-02
1.423501223325729370e-01
2.271628230810165405e-01
-8.054624199867248535e-01
-7.482036352157592773e-01
-7.360068559646606445e-01
-8.033515214920043945e-01
-3.969666063785552979e-01
-3.945789337158203125e-01
-4.043272733688354492e-01
-4.410774409770965576e-01
-3.444769978523254395e-02
-1.174663007259368896e-01
-1.195151358842849731e-01
-5.801700800657272339e-02
-6.463618278503417969e-01
-6.440212726593017578e-01
-6.324774026870727539e-01
-6.696859002113342285e-01
-3.549358844757080078e-01
-3.104369938373565674e-01
-3.145063221454620361e-01
-3.449631929397583008e-01
-6.471984088420867920e-02
-7.167786359786987305e-02
-1.260317713022232056e-01
-8.975379168987274170e-02
-5.913590192794799805e-01
-6.263889074325561523e-01
-6.484196186065673828e-01
-6.301285028457641602e-01
-2.921695113182067871e-01
-3.283891081809997559e-01
-2.899867296218872070e-01
-2.484986335039138794e-01
-7.084628194570541382e-02
-1.090725064277648926e-01
-6.033901125192642212e-02
-3.357882425189018250e-02
-7.489234209060668945e-01
-8.578203916549682617e-01
-9.317693710327148438e-01
-7.804927825927734375e-01
-2.712035179138183594e-01
-3.430987298488616943e-01
-4.151192009449005127e-01
-4.222282171249389648e-01
6.979115307331085205e-02
1.378687620162963867e-01
1.239345148205757141e-01
-1.920352876186370850e-02
-1.168458342552185059e+00
-1.118422150611877441e+00
-1.138974070549011230e+00
-1.121513485908508301e+00
-3.309538066387176514e-01
-1.780314445495605469e-01
-1.549849510192871094e-01
-2.348083257675170898e-01
3.299622237682342529e-01
4.861793220043182373e-01
5.868216753005981445e-01
5.034525990486145020e-01
-7.663369178771972656e-01
-8.285764455795288086e-01
-1.009467720985412598e+00
-9.036572575569152832e-01
-1.257774829864501953e-01
-2.208320051431655884e-01
-3.391681611537933350e-01
-1.935908496379852295e-01
5.058776736259460449e-01
4.033222794532775879e-01
2.838113009929656982e-01
4.031102061271667480e-01
-9.911848902702331543e-01
-9.189330339431762695e-01
-8.596741557121276855e-01
-9.048023223876953125e-01
-4.383245110511779785e-01
-3.505735397338867188e-01
-3.029578030109405518e-01
-3.570617139339447021e-01
1.528207361698150635e-01
1.113392189145088196e-01
1.227622926235198975e-01
1.428200602531433105e-01
-7.492758035659790039e-01
-7.350245118141174316e-01
-6.767881512641906738e-01
-7.124388217926025391e-01
-3.883749842643737793e-01
-3.971263170242309570e-01
-3.613284826278686523e-01
-3.491138815879821777e-01
-7.704811543226242065e-02
-9.952707588672637939e-02
-8.206888288259506226e-02
-8.606442809104919434e-02
-6.489796638488769531e-01
-6.646510958671569824e-01
-6.290241479873657227e-01
-6.344692707061767578e-01
-3.693285882472991943e-01
-3.132410645484924316e-01
-2.736607193946838379e-01
-3.023837208747863770e-01
-1.147815585136413574e-01
-7.775544375181198120e-02
-6.385412067174911499e-02
-7.185438275337219238e-02
-6.196352243423461914e-01
-6.345187425613403320e-01
-6.340126991271972656e-01
-6.429346203804016113e-01
-2.782361805438995361e-01
-2.388814985752105713e-01
-2.869645953178405762e-01
-3.116391897201538086e-01
-2.173953503370285034e-02
-6.144059821963310242e-02
-1.073847413063049316e-01
-7.420828193426132202e-02
-6.852496266365051270e-01
-7.465469241142272949e-01
-8.954336643218994141e-01
-7.792040109634399414e-01
-2.246282249689102173e-01
-3.518048524856567383e-01
-5.046947598457336426e-01
-3.982579112052917480e-01
8.773486316204071045e-02
5.436497926712036133e-02
-5.467059463262557983e-02
-3.198324143886566162e-02
-1.070612907409667969e+00
-1.037371873855590820e+00
-1.077877283096313477e+00
-1.066300153732299805e+00
-4.097230434417724609e-01
-1.702927350997924805e-01
-2.870652675628662109e-01
-4.270156323909759521e-01
2.133035957813262939e-01
4.204412698745727539e-01
3.608437180519104004e-01
1.835982203483581543e-01
-8.849828243255615234e-01
-9.465826153755187988e-01
-1.024299740791320801e+00
-9.542722702026367188e-01
-1.029269546270370483e-01
-1.909511387348175049e-01
-3.792227208614349365e-01
-2.083705067634582520e-01
6.792967319488525391e-01
5.246888995170593262e-01
2.082892358303070068e-01
3.805029690265655518e-01
-9.303178787231445312e-01
-8.478890657424926758e-01
-7.922717332839965820e-01
-8.616159558296203613e-01
-3.442559242248535156e-01
-3.471733927726745605e-01
-3.713261783123016357e-01
-3.692290484905242920e-01
1.975547075271606445e-01
1.419765353202819824e-01
-2.949197590351104736e-02
6.097126007080078125e-02
-7.118372321128845215e-01
-7.125831842422485352e-01
-6.877169013023376465e-01
-6.940604448318481445e-01
-4.019227027893066406e-01
-4.039062261581420898e-01
-3.348149955272674561e-01
-3.353276848793029785e-01
-7.280284166336059570e-02
-1.195134222507476807e-01
-7.976671308279037476e-02
-1.797762513160705566e-02
-6.185926198959350586e-01
-6.097952723503112793e-01
-5.895186662673950195e-01
-6.032873392105102539e-01
-3.373916149139404297e-01
-3.139883279800415039e-01
-2.857199311256408691e-01
-3.312754631042480469e-01
-1.249454095959663391e-01
-9.098137170076370239e-02
-1.122771278023719788e-01
-1.296510994434356689e-01
-6.093535423278808594e-01
-6.364511251449584961e-01
-6.183167099952697754e-01
-6.235854625701904297e-01
-3.452969193458557129e-01
-3.485048413276672363e-01
-3.179250359535217285e-01
-3.123034834861755371e-01
-1.503696441650390625e-01
-1.191037148237228394e-01
-1.111674234271049500e-01
-1.072897911071777344e-01
-7.272762060165405273e-01
-8.140366673469543457e-01
-9.175494909286499023e-01
-8.522743582725524902e-01
-2.863714694976806641e-01
-3.985009193420410156e-01
-4.433961808681488037e-01
-3.224595785140991211e-01
5.295286327600479126e-02
-5.928762257099151611e-03
7.388468086719512939e-02
8.213369548320770264e-02
-1.097579121589660645e+00
-1.035178303718566895e+00
-1.057206988334655762e+00
-1.079807996749877930e+00
-5.025470256805419922e-01
-3.571783900260925293e-01
-3.310276269912719727e-01
-3.663931488990783691e-01
2.061915248632431030e-01
3.155253529548645020e-01
3.316240012645721436e-01
2.326316535472869873e-01
-8.959419727325439453e-01
-9.387173652648925781e-01
-1.010971546173095703e+00
-9.430735707283020020e-01
-2.409219145774841309e-01
-2.607268989086151123e-01
-4.180597662925720215e-01
-3.381701707839965820e-01
2.049742043018341064e-01
3.499943017959594727e-01
1.465554833412170410e-01
3.230609744787216187e-02
-9.151108264923095703e-01
-8.718279600143432617e-01
-8.335783481597900391e-01
-8.549931049346923828e-01
-4.782611727714538574e-01
-4.294925630092620850e-01
-4.119390845298767090e-01
-4.007654786109924316e-01
5.832539498805999756e-02
8.421450853347778320e-03
-5.679432302713394165e-02
8.491098880767822266e-03
-7.747638225555419922e-01
-7.401166558265686035e-01
-7.262325882911682129e-01
-7.527884244918823242e-01
-4.188738763332366943e-01
-3.816343247890472412e-01
-3.692377805709838867e-01
-3.801649808883666992e-01
-8.775963634252548218e-02
-1.365488916635513306e-01
-1.618331372737884521e-01
-6.947883963584899902e-02
-6.390848159790039062e-01
-6.101609468460083008e-01
-6.073907613754272461e-01
-6.286404132843017578e-01
-3.353905081748962402e-01
-3.150242567062377930e-01
-3.992351889610290527e-01
-4.136950373649597168e-01
-1.609731167554855347e-01
-1.240537092089653015e-01
-2.802347242832183838e-01
-3.002796769142150879e-01
-6.375846862792968750e-01
-6.487095355987548828e-01
-6.842795014381408691e-01
-6.820473670959472656e-01
-4.097367227077484131e-01
-4.049997925758361816e-01
-3.577298223972320557e-01
-3.326026797294616699e-01
-2.264844179153442383e-01
-2.106243073940277100e-01
-1.093008369207382202e-01
-8.438570797443389893e-02
-7.666204571723937988e-01
-8.183336257934570312e-01
-8.667706251144409180e-01
-8.330976366996765137e-01
-3.378812670707702637e-01
-3.037930727005004883e-01
-2.411531060934066772e-01
-2.779910862445831299e-01
-4.111035168170928955e-02
6.409974396228790283e-02
2.477142214775085449e-01
1.769537627696990967e-01
-9.249753355979919434e-01
-9.548625946044921875e-01
-8.846085667610168457e-01
-8.838211894035339355e-01
-2.766063511371612549e-01
-2.308572381734848022e-01
-1.909769922494888306e-01
-2.134026437997817993e-01
3.224781155586242676e-01
5.284934043884277344e-01
3.525791466236114502e-01
2.239779829978942871e-01
