-7.915256619453430176e-01
-7.951643466949462891e-01
-8.532913923263549805e-01
-8.300995826721191406e-01
-5.298377871513366699e-01
-5.977622866630554199e-01
-5.049892663955688477e-01
-4.786670804023742676e-01
-3.460256457328796387e-01
-4.833672642707824707e-01
-2.277508080005645752e-01
-1.697323918342590332e-01
-8.929475545883178711e-01
-8.328471183776855469e-01
-8.069072961807250977e-01
-8.160060644149780273e-01
-5.057384371757507324e-01
-4.825201034545898438e-01
-3.930566310882568359e-01
-3.808110654354095459e-01
-1.605639308691024780e-01
-2.823271751403808594e-01
-1.428258717060089111e-01
-2.173542976379394531e-02
-7.300807237625122070e-01
-7.659675478935241699e-01
-7.106005549430847168e-01
-7.043246030807495117e-01
-4.428708553314208984e-01
-5.128979086875915527e-01
-4.769586324691772461e-01
-4.160047173500061035e-01
-2.539815008640289307e-01
-3.074289560317993164e-01
-3.217079341411590576e-01
-2.644277215003967285e-01
-6.981397867202758789e-01
-7.640399932861328125e-01
-6.998585462570190430e-01
-6.498868465423583984e-01
-4.171682298183441162e-01
-4.917185306549072266e-01
-4.469909965991973877e-01
-3.685356378555297852e-01
-2.796999514102935791e-01
-2.856209576129913330e-01
-2.657438516616821289e-01
-2.309879064559936523e-01
-7.332863807678222656e-01
-7.629979252815246582e-01
-7.500562071800231934e-01
-7.373145818710327148e-01
-5.084972381591796875e-01
-4.903363287448883057e-01
-4.136689305305480957e-01
-4.519452452659606934e-01
-3.466627001762390137e-01
-2.935653626918792725e-01
-1.516595482826232910e-01
-2.067720741033554077e-01
-8.478835821151733398e-01
-8.711754679679870605e-01
-8.792744874954223633e-01
-9.016056060791015625e-01
-4.449923634529113770e-01
-4.630021452903747559e-01
-4.111393094062805176e-01
-4.057115912437438965e-01
-1.399108469486236572e-01
-7.675552368164062500e-02
3.682449460029602051e-02
2.276524901390075684e-03
-8.705983161926269531e-01
-7.942121028900146484e-01
-8.166798353195190430e-01
-9.160097837448120117e-01
-3.294474780559539795e-01
-1.844248920679092407e-01
-1.062189862132072449e-01
-2.304470241069793701e-01
1.634749770164489746e-01
2.748134732246398926e-01
5.299109220504760742e-01
4.539550542831420898e-01
-8.495464324951171875e-01
-9.151318669319152832e-01
-9.845198392868041992e-01
-9.142377376556396484e-01
-3.247514367103576660e-01
-5.069141387939453125e-01
-5.579377412796020508e-01
-3.738123774528503418e-01
8.823995292186737061e-02
-2.099090814590454102e-01
-7.386987656354904175e-02
1.454074382781982422e-01
-9.202282428741455078e-01
-8.446699380874633789e-01
-8.230887055397033691e-01
-8.450999259948730469e-01
-4.769067466259002686e-01
-4.696322679519653320e-01
-4.077461659908294678e-01
-4.009698927402496338e-01
2.151653170585632324e-03
-1.757722347974777222e-01
-1.233275830745697021e-01
4.953828454017639160e-02
-6.467022895812988281e-01
-6.314494013786315918e-01
-6.038850545883178711e-01
-6.428330540657043457e-01
-4.543318450450897217e-01
-3.428192734718322754e-01
-3.335211873054504395e-01
-4.645232856273651123e-01
-2.367184013128280640e-01
-1.385204792022705078e-01
-2.148944139480590820e-01
-2.621568441390991211e-01
-6.221807599067687988e-01
-6.031743288040161133e-01
-5.987372398376464844e-01
-6.229452490806579590e-01
-3.069102764129638672e-01
-3.378148078918457031e-01
-3.309027552604675293e-01
-3.134085237979888916e-01
-1.840178221464157104e-01
-2.113988101482391357e-01
-2.127176970243453979e-01
-1.454724967479705811e-01
-6.178353428840637207e-01
-6.258900165557861328e-01
-6.525334119796752930e-01
-6.319820880889892578e-01
-4.181483387947082520e-01
-3.901608288288116455e-01
-3.530883789062500000e-01
-3.696886897087097168e-01
-2.318705022335052490e-01
-1.685345172882080078e-01
-1.120114624500274658e-01
-1.598072946071624756e-01
-7.628955841064453125e-01
-8.427872061729431152e-01
-8.955112099647521973e-01
-8.179296255111694336e-01
-3.690648376941680908e-01
-3.570771813392639160e-01
-3.804691433906555176e-01
-3.911942839622497559e-01
-1.277593374252319336e-01
3.685744106769561768e-02
1.109084784984588623e-01
-9.283360838890075684e-02
-9.384753704071044922e-01
-9.261645674705505371e-01
-9.000011086463928223e-01
-8.817043304443359375e-01
-4.026604294776916504e-01
-2.591296136379241943e-01
-1.224742382764816284e-01
-2.214726805686950684e-01
1.823271661996841431e-01
3.624881207942962646e-01
6.364988088607788086e-01
4.369014203548431396e-01
-7.751836776733398438e-01
-8.784067034721374512e-01
-9.724444150924682617e-01
-8.437682390213012695e-01
-2.153884172439575195e-01
-3.117470741271972656e-01
-3.425800800323486328e-01
-2.080039083957672119e-01
2.610709667205810547e-01
1.240032315254211426e-01
2.621050477027893066e-01
3.966810107231140137e-01
-9.836133718490600586e-01
-9.114503860473632812e-01
-8.373799920082092285e-01
-9.067392945289611816e-01
-4.282863140106201172e-01
-3.868319690227508545e-01
-2.971365153789520264e-01
-2.898414731025695801e-01
6.311592459678649902e-02
-4.420727491378784180e-03
6.935942173004150391e-02
1.885496973991394043e-01
-6.437470912933349609e-01
-6.210137009620666504e-01
-5.678914785385131836e-01
-6.402637362480163574e-01
-4.069595634937286377e-01
-4.020276665687561035e-01
-3.839681744575500488e-01
-4.167245328426361084e-01
-1.695976555347442627e-01
-1.963735073804855347e-01
-2.343640923500061035e-01
-1.775576174259185791e-01
-6.418057084083557129e-01
-6.605982780456542969e-01
-6.793560981750488281e-01
-6.599376797676086426e-01
-3.525360822677612305e-01
-3.273451030254364014e-01
-3.594066798686981201e-01
-3.476125001907348633e-01
-1.773117780685424805e-01
-1.064962595701217651e-01
-1.343821734189987183e-01
-1.272612065076828003e-01
-6.829093098640441895e-01
-6.805828809738159180e-01
-6.881083250045776367e-01
-7.266679406166076660e-01
-3.765559196472167969e-01
-3.821260035037994385e-01
-4.310473799705505371e-01
-4.314125180244445801e-01
-1.148925721645355225e-01
-1.313498765230178833e-01
-1.664516627788543701e-01
-1.395407468080520630e-01
-7.034466862678527832e-01
-7.568598985671997070e-01
-8.189958930015563965e-01
-7.533166408538818359e-01
-2.710654735565185547e-01
-3.545183837413787842e-01
-4.216118752956390381e-01
-3.921492099761962891e-01
3.823684155941009521e-02
2.118596434593200684e-02
-8.046030998229980469e-03
-7.807924598455429077e-02
-8.706647753715515137e-01
-8.022719621658325195e-01
-8.257136940956115723e-01
-8.233945965766906738e-01
-3.460857272148132324e-01
-1.601754277944564819e-01
-8.351389318704605103e-02
-2.033995985984802246e-01
2.187222987413406372e-01
3.454363346099853516e-01
6.001853346824645996e-01
4.666344821453094482e-01
-7.969322800636291504e-01
-8.602346181869506836e-01
-9.940552115440368652e-01
-8.563659191131591797e-01
-9.057845175266265869e-02
-1.760928332805633545e-01
-3.705529570579528809e-01
-2.280243039131164551e-01
5.444377064704895020e-01
3.545370697975158691e-01
2.283148020505905151e-01
4.036048054695129395e-01
-9.759458303451538086e-01
-8.823677897453308105e-01
-7.869119644165039062e-01
-8.390364050865173340e-01
-4.514986872673034668e-01
-3.130828142166137695e-01
-2.752180397510528564e-01
-3.901579380035400391e-01
1.042304188013076782e-01
1.201312392950057983e-01
5.072437226772308350e-02
6.409797072410583496e-02
-6.649399995803833008e-01
-6.553676128387451172e-01
-6.438317298889160156e-01
-6.325978040695190430e-01
-4.145714640617370605e-01
-4.746599197387695312e-01
-4.147545099258422852e-01
-3.561716079711914062e-01
-1.981412619352340698e-01
-2.338376343250274658e-01
-2.217762172222137451e-01
-1.443496644496917725e-01
-6.543148756027221680e-01
-6.617851257324218750e-01
-6.754330396652221680e-01
-6.590981483459472656e-01
-3.838568329811096191e-01
-3.883984684944152832e-01
-4.499719738960266113e-01
-4.402571618556976318e-01
-1.821463555097579956e-01
-1.316653043031692505e-01
-2.406108081340789795e-01
-2.317146062850952148e-01
-6.585518121719360352e-01
-6.349241137504577637e-01
-6.394979953765869141e-01
-6.769492030143737793e-01
-4.472666084766387939e-01
-4.026002287864685059e-01
-3.859826326370239258e-01
-4.465622901916503906e-01
-2.206356972455978394e-01
-1.461811959743499756e-01
-1.486030220985412598e-01
-2.417362928390502930e-01
-7.298839092254638672e-01
-7.975584864616394043e-01
-8.553756475448608398e-01
-7.942578792572021484e-01
-2.965339124202728271e-01
-2.973592877388000488e-01
-3.152228593826293945e-01
-3.731388449668884277e-01
-1.657706499099731445e-02
6.055948138236999512e-02
1.386564224958419800e-01
-7.611781358718872070e-03
-9.072086215019226074e-01
-8.541132211685180664e-01
-8.805742263793945312e-01
-9.204825758934020996e-01
-2.319213449954986572e-01
-7.693223655223846436e-02
-1.102615445852279663e-01
-2.189407795667648315e-01
3.169345259666442871e-01
5.575605630874633789e-01
6.019294261932373047e-01
3.995813727378845215e-01
-8.619458675384521484e-01
-8.895749449729919434e-01
-1.021353363990783691e+00
-9.658042788505554199e-01
-1.190983057022094727e-01
-1.899652779102325439e-01
-4.366650283336639404e-01
-2.701900899410247803e-01
5.385943651199340820e-01
4.332429170608520508e-01
1.423236876726150513e-01
3.177459836006164551e-01
-9.126579761505126953e-01
-8.133786916732788086e-01
-7.552704811096191406e-01
-8.480492830276489258e-01
-4.868907928466796875e-01
-4.045085906982421875e-01
-3.663362264633178711e-01
-4.335940480232238770e-01
3.828841447830200195e-02
-2.954132854938507080e-02
-6.342234462499618530e-02
-4.070959985256195068e-03
-6.651779413223266602e-01
-6.494709253311157227e-01
-6.272845268249511719e-01
-6.493080258369445801e-01
-4.259890913963317871e-01
-4.315433502197265625e-01
-3.731527030467987061e-01
-3.483545780181884766e-01
-2.059736549854278564e-01
-2.661530673503875732e-01
-1.718499809503555298e-01
-8.402316272258758545e-02
-6.543787717819213867e-01
-6.361291408538818359e-01
-6.054346561431884766e-01
-6.299571990966796875e-01
-4.204457402229309082e-01
-3.555754423141479492e-01
-3.486171960830688477e-01
-3.578810691833496094e-01
-2.759022712707519531e-01
-2.118188738822937012e-01
-1.679198890924453735e-01
-1.562875360250473022e-01
-6.407992839813232422e-01
-6.746535301208496094e-01
-6.559239625930786133e-01
-6.585323810577392578e-01
-3.831923902034759521e-01
-3.691914677619934082e-01
-3.399103283882141113e-01
-3.672347068786621094e-01
-2.125044465065002441e-01
-1.300473660230636597e-01
-1.091889142990112305e-01
-2.145665735006332397e-01
-7.426314949989318848e-01
-7.811303138732910156e-01
-8.938245773315429688e-01
-8.250743746757507324e-01
-2.612619698047637939e-01
-3.534047603607177734e-01
-4.632671773433685303e-01
-3.956642150878906250e-01
2.919392287731170654e-02
5.390626192092895508e-02
1.217308640480041504e-02
-2.288226783275604248e-02
-9.261794090270996094e-01
-8.638547658920288086e-01
-8.314948081970214844e-01
-8.654892444610595703e-01
-3.997182250022888184e-01
-2.138749361038208008e-01
-1.655768454074859619e-01
-3.185768723487854004e-01
1.711692810058593750e-01
4.086101651191711426e-01
4.581473767757415771e-01
2.087141722440719604e-01
-8.266471624374389648e-01
-8.941088914871215820e-01
-9.748682975769042969e-01
-9.040864706039428711e-01
-2.132829129695892334e-01
-1.996675133705139160e-01
-4.600996375083923340e-01
-3.538700342178344727e-01
4.659866094589233398e-01
4.859843850135803223e-01
1.216577067971229553e-01
1.523361206054687500e-01
-9.694220423698425293e-01
-8.954695463180541992e-01
-8.474723100662231445e-01
-9.023236036300659180e-01
-5.393468737602233887e-01
-5.145308375358581543e-01
-3.748656809329986572e-01
-4.245834052562713623e-01
-2.004542201757431030e-02
-8.966183662414550781e-02
-9.359582513570785522e-02
1.839950680732727051e-02
-7.415553927421569824e-01
-7.012746334075927734e-01
-6.751638650894165039e-01
-7.286587357521057129e-01
-4.107498526573181152e-01
-3.874945044517517090e-01
-3.726752996444702148e-01
-3.893390893936157227e-01
-1.419574022293090820e-01
-1.763045787811279297e-01
-2.111045122146606445e-01
-1.411207020282745361e-01
-6.067966818809509277e-01
-6.208496093750000000e-01
-5.640395879745483398e-01
-5.599241852760314941e-01
-3.228550851345062256e-01
-3.531951308250427246e-01
-3.598309457302093506e-01
-3.298090994358062744e-01
-1.469314694404602051e-01
-1.461134999990463257e-01
-2.057054638862609863e-01
-1.874624341726303101e-01
-5.671854615211486816e-01
-5.901737213134765625e-01
-5.910682082176208496e-01
-5.838353633880615234e-01
-3.535687327384948730e-01
-3.596582710742950439e-01
-3.335948288440704346e-01
-3.327088952064514160e-01
-2.058979123830795288e-01
-2.167567908763885498e-01
-1.003501713275909424e-01
-1.089836955070495605e-01
-7.225587964057922363e-01
-7.687479853630065918e-01
-8.347094655036926270e-01
-7.926665544509887695e-01
-3.210423886775970459e-01
-3.324853777885437012e-01
-3.601261973381042480e-01
-3.619204759597778320e-01
1.408268511295318604e-02
5.703181028366088867e-02
1.383795589208602905e-01
4.422509670257568359e-02
-9.132924079895019531e-01
-8.871811628341674805e-01
-8.495277166366577148e-01
-8.710815906524658203e-01
-3.776198625564575195e-01
-2.961178123950958252e-01
-1.449365913867950439e-01
-1.640828698873519897e-01
2.510637044906616211e-01
2.921572625637054443e-01
4.436071813106536865e-01
3.865957856178283691e-01
-7.185541987419128418e-01
-8.275574445724487305e-01
-8.757663369178771973e-01
-7.672600150108337402e-01
-9.890795499086380005e-02
-2.442872077226638794e-01
-3.549086451530456543e-01
-2.043168097734451294e-01
4.424338638782501221e-01
3.893109858036041260e-01
8.492209017276763916e-02
1.698857694864273071e-01
-9.668977260589599609e-01
-9.154170751571655273e-01
-8.932176828384399414e-01
-8.922669887542724609e-01
-4.778587818145751953e-01
-5.077305436134338379e-01
-5.209192037582397461e-01
-4.385819733142852783e-01
5.221968889236450195e-02
-9.462749958038330078e-02
-2.504369020462036133e-01
-8.064849674701690674e-02
-7.624263167381286621e-01
-6.988766789436340332e-01
-6.767454147338867188e-01
-7.407113909721374512e-01
-4.823425412178039551e-01
-4.544752538204193115e-01
-5.473331212997436523e-01
-5.156551003456115723e-01
-2.387825548648834229e-01
-2.632063627243041992e-01
-4.905465543270111084e-01
-3.649329543113708496e-01
-6.380940079689025879e-01
-5.880418419837951660e-01
-6.151884198188781738e-01
-6.391755342483520508e-01
-4.411943852901458740e-01
-3.787050247192382812e-01
-4.145856499671936035e-01
-4.175930619239807129e-01
-3.901674449443817139e-01
-3.079038858413696289e-01
-3.642346262931823730e-01
-3.206855356693267822e-01
-6.079598665237426758e-01
-5.721014738082885742e-01
-5.542436838150024414e-01
-5.983868837356567383e-01
-4.074087440967559814e-01
-3.516942858695983887e-01
-3.188315629959106445e-01
-3.272251486778259277e-01
-3.721874356269836426e-01
-1.993052959442138672e-01
-1.670561432838439941e-01
-2.466187328100204468e-01
-6.540870070457458496e-01
-7.364934086799621582e-01
-7.596474289894104004e-01
-7.293496131896972656e-01
-3.124059438705444336e-01
-2.143708318471908569e-01
-2.208158373832702637e-01
-2.788666486740112305e-01
-8.993346989154815674e-02
1.860201954841613770e-01
2.046330124139785767e-01
2.317510545253753662e-02
-7.917326092720031738e-01
-7.814043164253234863e-01
-7.199008464813232422e-01
-7.612988352775573730e-01
-1.714756786823272705e-01
-1.022296696901321411e-01
-7.300446182489395142e-02
-8.443427085876464844e-02
3.186668753623962402e-01
4.046223461627960205e-01
3.626763522624969482e-01
3.226256668567657471e-01
