-5.270798802375793457e-01
-5.262657403945922852e-01
-5.650082826614379883e-01
-5.351207256317138672e-01
-3.237738609313964844e-01
-3.475376963615417480e-01
-4.092591404914855957e-01
-3.651785254478454590e-01
-1.429771780967712402e-01
-2.058724910020828247e-01
-2.201201468706130981e-01
-1.502499580383300781e-01
-5.928810834884643555e-01
-5.778636932373046875e-01
-5.771775245666503906e-01
-5.732927322387695312e-01
-4.356084167957305908e-01
-4.221103787422180176e-01
-4.266864955425262451e-01
-4.227451086044311523e-01
-2.477093935012817383e-01
-2.686593234539031982e-01
-3.079704642295837402e-01
-2.963788807392120361e-01
-5.186006426811218262e-01
-5.085355043411254883e-01
-5.055534243583679199e-01
-5.331134796142578125e-01
-4.396592974662780762e-01
-4.408724904060363770e-01
-4.554651975631713867e-01
-4.531564414501190186e-01
-3.421427309513092041e-01
-3.469121754169464111e-01
-4.401273727416992188e-01
-4.271624088287353516e-01
-4.912635982036590576e-01
-5.202925205230712891e-01
-5.114151835441589355e-01
-5.149984955787658691e-01
-4.489908814430236816e-01
-4.332341551780700684e-01
-4.181744456291198730e-01
-4.651726484298706055e-01
-4.084972143173217773e-01
-3.731182217597961426e-01
-3.696272373199462891e-01
-3.950595855712890625e-01
-5.397490859031677246e-01
-5.558953881263732910e-01
-5.590558648109436035e-01
-5.471123456954956055e-01
-4.333364069461822510e-01
-4.362233877182006836e-01
-4.460373222827911377e-01
-4.774616360664367676e-01
-3.746523857116699219e-01
-3.336575031280517578e-01
-3.238925337791442871e-01
-3.780352771282196045e-01
-5.319705009460449219e-01
-5.392469763755798340e-01
-5.412338972091674805e-01
-5.373674035072326660e-01
-4.278932511806488037e-01
-4.599888920783996582e-01
-4.775280952453613281e-01
-4.743571877479553223e-01
-3.488828837871551514e-01
-3.639366030693054199e-01
-3.614205420017242432e-01
-3.473003804683685303e-01
-5.631859302520751953e-01
-5.537768006324768066e-01
-5.737748146057128906e-01
-5.781718492507934570e-01
-4.512378573417663574e-01
-4.829221665859222412e-01
-4.803111255168914795e-01
-4.549894928932189941e-01
-3.093219399452209473e-01
-3.996501564979553223e-01
-4.042844772338867188e-01
-3.359043002128601074e-01
-5.385327935218811035e-01
-5.668460726737976074e-01
-5.830054283142089844e-01
-5.511650443077087402e-01
-3.418123126029968262e-01
-4.004632532596588135e-01
-4.632132649421691895e-01
-3.780406117439270020e-01
-1.248004436492919922e-01
-1.927912086248397827e-01
-2.777248620986938477e-01
-2.190478742122650146e-01
-5.751693248748779297e-01
-5.535776615142822266e-01
-5.522917509078979492e-01
-5.572347044944763184e-01
-4.774779975414276123e-01
-4.521846771240234375e-01
-4.470486044883728027e-01
-4.550444483757019043e-01
-3.024870157241821289e-01
-3.705713152885437012e-01
-4.065469503402709961e-01
-3.251238167285919189e-01
-4.789960384368896484e-01
-4.923850893974304199e-01
-5.000802278518676758e-01
-4.909067749977111816e-01
-4.601393938064575195e-01
-4.700008630752563477e-01
-4.402213692665100098e-01
-4.601090252399444580e-01
-4.337480664253234863e-01
-4.124500751495361328e-01
-4.116064012050628662e-01
-4.020580351352691650e-01
-4.998069107532501221e-01
-5.022020339965820312e-01
-4.881786108016967773e-01
-5.010050535202026367e-01
-4.442796111106872559e-01
-4.747214019298553467e-01
-4.672214984893798828e-01
-4.391161799430847168e-01
-4.300318658351898193e-01
-4.563672542572021484e-01
-4.695760011672973633e-01
-4.359446763992309570e-01
-5.084390640258789062e-01
-5.381696820259094238e-01
-5.465511083602905273e-01
-5.340119600296020508e-01
-4.631723761558532715e-01
-4.376300275325775146e-01
-4.434541761875152588e-01
-4.681795835494995117e-01
-4.465605020523071289e-01
-3.727874755859375000e-01
-3.645741939544677734e-01
-4.614404439926147461e-01
-5.558201074600219727e-01
-5.531665086746215820e-01
-5.510599613189697266e-01
-5.581300258636474609e-01
-4.639762043952941895e-01
-4.827880561351776123e-01
-4.775569140911102295e-01
-4.582965970039367676e-01
-4.135554134845733643e-01
-4.370271563529968262e-01
-4.216219782829284668e-01
-3.855941295623779297e-01
-5.583032369613647461e-01
-5.656359791755676270e-01
-5.569944381713867188e-01
-5.445069074630737305e-01
-4.571724534034729004e-01
-4.213303923606872559e-01
-4.465599656105041504e-01
-4.635276198387145996e-01
-3.459365069866180420e-01
-3.549844622611999512e-01
-3.420693874359130859e-01
-3.341706395149230957e-01
-5.339292287826538086e-01
-5.531215667724609375e-01
-5.616106390953063965e-01
-5.303683876991271973e-01
-3.500319719314575195e-01
-3.840106129646301270e-01
-4.536225199699401855e-01
-4.002238512039184570e-01
-1.528636664152145386e-01
-2.170183360576629639e-01
-3.081725835800170898e-01
-2.280972301959991455e-01
-5.597689151763916016e-01
-5.707796812057495117e-01
-5.632039308547973633e-01
-5.703861117362976074e-01
-4.965801537036895752e-01
-4.379976987838745117e-01
-4.339325726032257080e-01
-4.712823629379272461e-01
-3.768966794013977051e-01
-3.345872759819030762e-01
-3.372775316238403320e-01
-3.586214780807495117e-01
-5.280107259750366211e-01
-5.097873806953430176e-01
-5.049970746040344238e-01
-5.231490135192871094e-01
-4.246793985366821289e-01
-4.361191391944885254e-01
-4.213370680809020996e-01
-4.301492273807525635e-01
-3.856447041034698486e-01
-4.050398468971252441e-01
-3.971946835517883301e-01
-3.790403008460998535e-01
-5.088459849357604980e-01
-5.067901015281677246e-01
-5.153311491012573242e-01
-5.256029367446899414e-01
-4.589334130287170410e-01
-4.650052189826965332e-01
-4.917115569114685059e-01
-4.742929041385650635e-01
-4.067992568016052246e-01
-4.166610240936279297e-01
-4.451822042465209961e-01
-4.221567809581756592e-01
-5.227439999580383301e-01
-5.171625018119812012e-01
-5.272752642631530762e-01
-5.346243381500244141e-01
-4.655057191848754883e-01
-4.784095287322998047e-01
-4.702209830284118652e-01
-4.722321331501007080e-01
-4.265911579132080078e-01
-4.335768222808837891e-01
-4.280326068401336670e-01
-4.359930455684661865e-01
-5.408966541290283203e-01
-5.574644804000854492e-01
-5.619480609893798828e-01
-5.281560420989990234e-01
-4.447028636932373047e-01
-4.545610845088958740e-01
-4.698629975318908691e-01
-4.767189919948577881e-01
-3.984981179237365723e-01
-3.791135251522064209e-01
-3.906517922878265381e-01
-4.163154959678649902e-01
-5.740542411804199219e-01
-5.403528213500976562e-01
-5.529302954673767090e-01
-5.752097368240356445e-01
-4.589681029319763184e-01
-4.265804290771484375e-01
-3.891904950141906738e-01
-4.242205619812011719e-01
-3.741184473037719727e-01
-3.325148224830627441e-01
-2.516103386878967285e-01
-2.694748640060424805e-01
-5.542807579040527344e-01
-5.470569133758544922e-01
-5.765485763549804688e-01
-5.709565281867980957e-01
-4.023838937282562256e-01
-4.102374911308288574e-01
-4.542851448059082031e-01
-4.394857287406921387e-01
-2.149028927087783813e-01
-2.599598467350006104e-01
-3.654053509235382080e-01
-2.671102881431579590e-01
-5.780639648437500000e-01
-5.491365194320678711e-01
-5.326731801033020020e-01
-5.479111671447753906e-01
-4.819429814815521240e-01
-4.693659543991088867e-01
-4.525514543056488037e-01
-4.694696664810180664e-01
-3.713310360908508301e-01
-3.717848658561706543e-01
-3.720218539237976074e-01
-3.937098979949951172e-01
-5.102587342262268066e-01
-5.129926204681396484e-01
-4.915502965450286865e-01
-5.061020255088806152e-01
-4.652948379516601562e-01
-4.445330798625946045e-01
-4.582714736461639404e-01
-4.682641029357910156e-01
-4.440198838710784912e-01
-4.317265748977661133e-01
-4.109790623188018799e-01
-4.236289560794830322e-01
-5.022730827331542969e-01
-4.984149634838104248e-01
-5.034999847412109375e-01
-5.107421278953552246e-01
-4.664703905582427979e-01
-4.662669301033020020e-01
-4.425536096096038818e-01
-4.371468722820281982e-01
-4.214005172252655029e-01
-4.236173033714294434e-01
-4.363615214824676514e-01
-4.170734286308288574e-01
-5.027561187744140625e-01
-5.190796256065368652e-01
-5.076977014541625977e-01
-5.146101713180541992e-01
-4.302579760551452637e-01
-4.552714228630065918e-01
-4.694534540176391602e-01
-4.579700827598571777e-01
-4.120336174964904785e-01
-4.257280826568603516e-01
-4.280795156955718994e-01
-4.100999534130096436e-01
-5.214911699295043945e-01
-5.399497747421264648e-01
-5.617054700851440430e-01
-5.438940525054931641e-01
-4.527422785758972168e-01
-4.565615057945251465e-01
-4.737381339073181152e-01
-4.740788042545318604e-01
-3.961928486824035645e-01
-3.796680867671966553e-01
-3.532971739768981934e-01
-3.745339512825012207e-01
-5.823706388473510742e-01
-5.703811049461364746e-01
-5.608486533164978027e-01
-5.713428258895874023e-01
-4.271153211593627930e-01
-4.259431958198547363e-01
-4.274032711982727051e-01
-4.190585911273956299e-01
-3.196150362491607666e-01
-2.883835732936859131e-01
-2.506240904331207275e-01
-2.502299547195434570e-01
-5.646648406982421875e-01
-5.821959972381591797e-01
-5.881291627883911133e-01
-5.789047479629516602e-01
-3.805058002471923828e-01
-4.046695828437805176e-01
-4.606541395187377930e-01
-4.274400770664215088e-01
-1.821445524692535400e-01
-2.386953830718994141e-01
-3.533823490142822266e-01
-2.354914695024490356e-01
-5.714394450187683105e-01
-5.497127175331115723e-01
-5.596969127655029297e-01
-5.663669109344482422e-01
-4.672115147113800049e-01
-4.662285745143890381e-01
-4.577759206295013428e-01
-4.416286349296569824e-01
-3.643749952316284180e-01
-4.048791229724884033e-01
-3.626984357833862305e-01
-3.405010104179382324e-01
-5.166953206062316895e-01
-4.914596080780029297e-01
-4.997195303440093994e-01
-5.204879045486450195e-01
-4.609038233757019043e-01
-4.697737097740173340e-01
-4.490506649017333984e-01
-4.451814591884613037e-01
-3.849053084850311279e-01
-4.243183434009552002e-01
-4.239261150360107422e-01
-3.931526243686676025e-01
-4.912045300006866455e-01
-5.080032944679260254e-01
-4.895208179950714111e-01
-4.921273887157440186e-01
-4.622645378112792969e-01
-4.435526132583618164e-01
-4.599007964134216309e-01
-4.761294722557067871e-01
-4.506435990333557129e-01
-4.307860136032104492e-01
-4.301832914352416992e-01
-4.430810809135437012e-01
-5.165415406227111816e-01
-5.131310820579528809e-01
-5.095124840736389160e-01
-5.092113614082336426e-01
-4.514143466949462891e-01
-4.514872729778289795e-01
-4.429106116294860840e-01
-4.367312788963317871e-01
-4.133186638355255127e-01
-4.053703844547271729e-01
-3.968491256237030029e-01
-4.024959206581115723e-01
-5.447532534599304199e-01
-5.404822826385498047e-01
-5.561013221740722656e-01
-5.544719099998474121e-01
-4.660132229328155518e-01
-4.634533524513244629e-01
-4.749341607093811035e-01
-4.539571106433868408e-01
-3.930932283401489258e-01
-3.523523509502410889e-01
-3.604927361011505127e-01
-3.767615258693695068e-01
-5.777994394302368164e-01
-5.542229413986206055e-01
-5.282326936721801758e-01
-5.575693249702453613e-01
-4.255194365978240967e-01
-3.749566972255706787e-01
-3.608878254890441895e-01
-4.157276153564453125e-01
-2.887287735939025879e-01
-2.184266149997711182e-01
-2.201967835426330566e-01
-2.934737801551818848e-01
-5.397650003433227539e-01
-5.620984435081481934e-01
-5.498058795928955078e-01
-5.299603343009948730e-01
-4.380754828453063965e-01
-4.541817307472229004e-01
-4.522876143455505371e-01
-3.884894549846649170e-01
-2.547248601913452148e-01
-2.789066135883331299e-01
-3.376613259315490723e-01
-2.857824563980102539e-01
-5.764286518096923828e-01
-5.686839818954467773e-01
-5.662298202514648438e-01
-5.645389556884765625e-01
-4.721541404724121094e-01
-4.344152510166168213e-01
-4.098851680755615234e-01
-4.466034770011901855e-01
-3.522278666496276855e-01
-3.433483839035034180e-01
-3.174817562103271484e-01
-3.203801512718200684e-01
-5.221074819564819336e-01
-5.016909837722778320e-01
-4.968433976173400879e-01
-5.034995079040527344e-01
-4.402366876602172852e-01
-4.636020362377166748e-01
-4.579914510250091553e-01
-4.411697983741760254e-01
-3.965919613838195801e-01
-4.227400124073028564e-01
-4.289773702621459961e-01
-3.979480862617492676e-01
-4.681772589683532715e-01
-4.739804565906524658e-01
-4.853113293647766113e-01
-4.845145344734191895e-01
-4.711808264255523682e-01
-4.699893593788146973e-01
-4.548139572143554688e-01
-4.694202244281768799e-01
-4.404006898403167725e-01
-4.376832544803619385e-01
-4.200243651866912842e-01
-4.208036363124847412e-01
-5.062578916549682617e-01
-5.126512050628662109e-01
-5.206310749053955078e-01
-5.235885977745056152e-01
-4.741341173648834229e-01
-4.713397920131683350e-01
-4.608339071273803711e-01
-4.700980186462402344e-01
-4.320790171623229980e-01
-4.058858752250671387e-01
-4.034436345100402832e-01
-4.250545501708984375e-01
-5.427633523941040039e-01
-5.438107848167419434e-01
-5.569504499435424805e-01
-5.517623424530029297e-01
-4.322249889373779297e-01
-4.317433834075927734e-01
-4.619295299053192139e-01
-4.394966661930084229e-01
-3.617641925811767578e-01
-3.388934433460235596e-01
-3.710386157035827637e-01
-4.091805815696716309e-01
-5.599469542503356934e-01
-5.424619913101196289e-01
-5.617394447326660156e-01
-5.670926570892333984e-01
-4.410335719585418701e-01
-3.735284209251403809e-01
-3.910945951938629150e-01
-4.539735913276672363e-01
-3.436549901962280273e-01
-2.225671112537384033e-01
-2.073409557342529297e-01
-3.184651136398315430e-01
-5.342321395874023438e-01
-5.402529239654541016e-01
-5.658429265022277832e-01
-5.321354866027832031e-01
-4.611780345439910889e-01
-3.922600448131561279e-01
-4.136524796485900879e-01
-4.491304159164428711e-01
-3.825026750564575195e-01
-2.988873124122619629e-01
-3.202619552612304688e-01
-4.017783403396606445e-01
-5.667599439620971680e-01
-5.460425615310668945e-01
-5.430905818939208984e-01
-5.555362701416015625e-01
-4.564139246940612793e-01
-4.277814924716949463e-01
-4.235672652721405029e-01
-4.539403021335601807e-01
-3.712667524814605713e-01
-3.233179152011871338e-01
-3.565357029438018799e-01
-4.164073467254638672e-01
-5.242224931716918945e-01
-5.194032788276672363e-01
-4.999694526195526123e-01
-5.059760212898254395e-01
-4.307597279548645020e-01
-4.545390605926513672e-01
-4.625542461872100830e-01
-4.625299870967864990e-01
-3.644797801971435547e-01
-4.150673151016235352e-01
-4.409771263599395752e-01
-4.039220213890075684e-01
-5.029477477073669434e-01
-4.869823455810546875e-01
-5.004462003707885742e-01
-5.198659300804138184e-01
-4.541933834552764893e-01
-4.748349487781524658e-01
-4.710209965705871582e-01
-4.498333334922790527e-01
-4.599777162075042725e-01
-4.722366333007812500e-01
-4.602808356285095215e-01
-4.162641763687133789e-01
-4.997665882110595703e-01
-5.015143156051635742e-01
-4.947206974029541016e-01
-5.063310861587524414e-01
-4.729957580566406250e-01
-4.632888436317443848e-01
-4.430081546306610107e-01
-4.528275132179260254e-01
-4.342921376228332520e-01
-4.106513261795043945e-01
-4.067315161228179932e-01
-4.185266792774200439e-01
-5.288247466087341309e-01
-5.352895259857177734e-01
-5.424231290817260742e-01
-5.446618795394897461e-01
-4.365105032920837402e-01
-4.122968018054962158e-01
-4.324968457221984863e-01
-4.672545194625854492e-01
-4.148275554180145264e-01
-3.636964261531829834e-01
-3.693719208240509033e-01
-4.147761464118957520e-01
-5.659345388412475586e-01
-5.658819675445556641e-01
-5.827747583389282227e-01
-5.807249546051025391e-01
-4.777148663997650146e-01
-4.592977464199066162e-01
-4.263079464435577393e-01
-4.321665167808532715e-01
-3.791041374206542969e-01
-3.434439003467559814e-01
-2.890747189521789551e-01
-3.260218799114227295e-01
