-6.333866119384765625e-01
-6.302677392959594727e-01
-7.349557876586914062e-01
-6.797335147857666016e-01
9.791940450668334961e-03
1.717621088027954102e-02
-1.430078148841857910e-01
-7.345008850097656250e-02
5.315619707107543945e-01
5.401250123977661133e-01
4.226468801498413086e-01
4.356071949005126953e-01
-7.559826970100402832e-01
-7.206081151962280273e-01
-7.113008499145507812e-01
-7.291558384895324707e-01
-3.309604823589324951e-01
-3.293238282203674316e-01
-2.971872389316558838e-01
-2.353070527315139771e-01
1.449817121028900146e-01
7.024988532066345215e-02
7.016587257385253906e-02
2.043094038963317871e-01
-7.624659538269042969e-01
-8.323149681091308594e-01
-8.566909432411193848e-01
-8.101741075515747070e-01
-3.501771986484527588e-01
-3.964615464210510254e-01
-4.838806390762329102e-01
-4.787820577621459961e-01
-2.363228797912597656e-02
-2.548640966415405273e-02
-1.721297949552536011e-01
-1.966836601495742798e-01
-9.005867242813110352e-01
-9.109699130058288574e-01
-8.685514926910400391e-01
-8.738991022109985352e-01
-4.569770991802215576e-01
-4.952292442321777344e-01
-5.028285980224609375e-01
-4.608005285263061523e-01
-9.019088745117187500e-02
-1.442864835262298584e-01
-2.065900266170501709e-01
-1.337225139141082764e-01
-7.624822258949279785e-01
-7.499048709869384766e-01
-7.140824794769287109e-01
-7.528914213180541992e-01
-4.720058441162109375e-01
-4.560757279396057129e-01
-4.012631177902221680e-01
-4.668139815330505371e-01
-2.239180505275726318e-01
-2.382755875587463379e-01
-1.800687313079833984e-01
-2.022737860679626465e-01
-7.406510114669799805e-01
-8.009837865829467773e-01
-8.394080400466918945e-01
-8.204034566879272461e-01
-3.599936068058013916e-01
-4.216378331184387207e-01
-4.380399882793426514e-01
-4.159963130950927734e-01
-8.881857991218566895e-02
-1.214576661586761475e-01
-8.038374781608581543e-02
-5.232554674148559570e-02
-8.614004850387573242e-01
-8.386530876159667969e-01
-8.406878113746643066e-01
-8.609734773635864258e-01
-3.872389495372772217e-01
-4.005797505378723145e-01
-3.413923978805541992e-01
-2.879615128040313721e-01
7.122236490249633789e-02
-2.720221877098083496e-02
1.017403304576873779e-01
2.603613138198852539e-01
-7.655801773071289062e-01
-7.890649437904357910e-01
-9.014455080032348633e-01
-8.541994094848632812e-01
-1.335884034633636475e-01
-1.883980929851531982e-01
-3.822852373123168945e-01
-2.973204255104064941e-01
4.933521747589111328e-01
3.424046039581298828e-01
1.500843465328216553e-01
2.635674774646759033e-01
-8.373271226882934570e-01
-7.899532318115234375e-01
-7.596281766891479492e-01
-7.752741575241088867e-01
-3.812147378921508789e-01
-4.146999418735504150e-01
-3.909157514572143555e-01
-3.232715129852294922e-01
1.154863834381103516e-01
-8.022999763488769531e-02
-1.069173812866210938e-01
1.272409260272979736e-01
-6.597385406494140625e-01
-7.094876170158386230e-01
-6.890703439712524414e-01
-6.568611860275268555e-01
-3.771977424621582031e-01
-4.032212495803833008e-01
-4.325836896896362305e-01
-4.268600940704345703e-01
-1.407936215400695801e-01
-1.301866173744201660e-01
-2.362116575241088867e-01
-2.251865565776824951e-01
-7.670780420303344727e-01
-8.112320303916931152e-01
-7.770497202873229980e-01
-7.542675733566284180e-01
-4.206539988517761230e-01
-4.303469359874725342e-01
-4.175117313861846924e-01
-3.775373101234436035e-01
-1.514574885368347168e-01
-1.176322698593139648e-01
-1.496057212352752686e-01
-1.181645393371582031e-01
-7.185355424880981445e-01
-7.131551504135131836e-01
-6.838741898536682129e-01
-6.943930387496948242e-01
-4.592551887035369873e-01
-4.897406399250030518e-01
-3.840343654155731201e-01
-3.745880722999572754e-01
-2.500312328338623047e-01
-2.642077505588531494e-01
-1.372784674167633057e-01
-1.103114485740661621e-01
-7.131910324096679688e-01
-7.788720130920410156e-01
-8.305937051773071289e-01
-7.673787474632263184e-01
-3.524615466594696045e-01
-3.815403580665588379e-01
-4.028047919273376465e-01
-3.755464553833007812e-01
-8.316937088966369629e-02
-1.495137810707092285e-02
2.385038137435913086e-02
-6.269782781600952148e-02
-8.869894742965698242e-01
-8.467177152633666992e-01
-8.303505182266235352e-01
-8.236320018768310547e-01
-4.011024832725524902e-01
-2.941692769527435303e-01
-2.209020853042602539e-01
-2.319864034652709961e-01
1.626853048801422119e-01
2.064385712146759033e-01
2.956876456737518311e-01
2.883130609989166260e-01
-7.797555923461914062e-01
-8.686149716377258301e-01
-9.215438365936279297e-01
-8.097774982452392578e-01
-2.254596352577209473e-01
-2.617553174495697021e-01
-4.182424247264862061e-01
-3.626696467399597168e-01
2.837113738059997559e-01
2.741131484508514404e-01
1.192787289619445801e-01
1.225495934486389160e-01
-8.874901533126831055e-01
-8.324787616729736328e-01
-7.869683504104614258e-01
-8.379890918731689453e-01
-4.066590964794158936e-01
-3.647693991661071777e-01
-3.107063472270965576e-01
-3.088763356208801270e-01
1.218944489955902100e-01
-1.137378811836242676e-02
-3.043657541275024414e-02
1.322335600852966309e-01
-6.499097347259521484e-01
-6.540886759757995605e-01
-6.426329016685485840e-01
-6.674726009368896484e-01
-3.272001147270202637e-01
-3.565838336944580078e-01
-3.790711760520935059e-01
-3.750210106372833252e-01
-9.368288516998291016e-02
-1.459015607833862305e-01
-1.921193301677703857e-01
-1.333049535751342773e-01
-7.017347216606140137e-01
-6.967630386352539062e-01
-7.424151301383972168e-01
-7.379387617111206055e-01
-3.754640817642211914e-01
-3.280761837959289551e-01
-3.844113945960998535e-01
-3.975667357444763184e-01
-1.333527863025665283e-01
-4.422807693481445312e-02
-1.188759803771972656e-01
-1.588357090950012207e-01
-7.276481986045837402e-01
-7.064454555511474609e-01
-6.936864256858825684e-01
-7.285425662994384766e-01
-4.047920107841491699e-01
-3.960452079772949219e-01
-3.617503345012664795e-01
-3.750936388969421387e-01
-1.678687036037445068e-01
-1.457899212837219238e-01
-1.024711132049560547e-01
-9.979161620140075684e-02
-7.018612623214721680e-01
-7.504661679267883301e-01
-8.181923031806945801e-01
-7.532637119293212891e-01
-3.007187247276306152e-01
-3.140477836132049561e-01
-3.641299605369567871e-01
-3.596704602241516113e-01
-1.939138770103454590e-02
4.009863734245300293e-02
5.292862653732299805e-02
-4.689735174179077148e-02
-8.707718849182128906e-01
-8.194923400878906250e-01
-8.292264342308044434e-01
-8.146509528160095215e-01
-3.278533816337585449e-01
-2.056501805782318115e-01
-2.128999233245849609e-01
-2.504301965236663818e-01
1.893222630023956299e-01
2.881326377391815186e-01
3.334979116916656494e-01
2.519417405128479004e-01
-6.967678070068359375e-01
-7.721086740493774414e-01
-8.492726087570190430e-01
-7.362722158432006836e-01
-2.034076899290084839e-01
-2.379606068134307861e-01
-3.419790863990783691e-01
-2.819252014160156250e-01
1.967873573303222656e-01
2.421108484268188477e-01
1.584387123584747314e-01
1.097608804702758789e-01
-9.167320132255554199e-01
-8.601734042167663574e-01
-8.366196751594543457e-01
-8.397081494331359863e-01
-4.140119850635528564e-01
-3.472980856895446777e-01
-3.066424727439880371e-01
-3.511810600757598877e-01
6.242284178733825684e-02
6.852176785469055176e-02
1.102985739707946777e-01
1.174693107604980469e-01
-7.505588531494140625e-01
-7.367143630981445312e-01
-7.283281087875366211e-01
-7.414269447326660156e-01
-3.959387540817260742e-01
-4.492165744304656982e-01
-4.330457746982574463e-01
-3.977302312850952148e-01
-6.362161040306091309e-02
-1.654127240180969238e-01
-1.790705621242523193e-01
-8.516433835029602051e-02
-7.322171926498413086e-01
-7.444242835044860840e-01
-7.684934735298156738e-01
-7.683442831039428711e-01
-4.083765745162963867e-01
-3.935786783695220947e-01
-4.586393833160400391e-01
-4.734585881233215332e-01
-1.339656710624694824e-01
-7.255920767784118652e-02
-1.866009533405303955e-01
-2.339858412742614746e-01
-7.451658844947814941e-01
-7.391034364700317383e-01
-7.215248942375183105e-01
-7.465972900390625000e-01
-4.374449849128723145e-01
-4.193629622459411621e-01
-3.997024297714233398e-01
-4.269036948680877686e-01
-1.538380980491638184e-01
-1.366532146930694580e-01
-1.448443233966827393e-01
-1.886065751314163208e-01
-7.208998203277587891e-01
-7.664735317230224609e-01
-8.128777146339416504e-01
-7.620257139205932617e-01
-3.109495341777801514e-01
-3.280330896377563477e-01
-3.806729912757873535e-01
-4.053416252136230469e-01
-3.049409389495849609e-02
4.304879903793334961e-02
-1.717182993888854980e-02
-1.003420054912567139e-01
-8.558400273323059082e-01
-8.074727058410644531e-01
-8.411129117012023926e-01
-8.574948906898498535e-01
-3.046230375766754150e-01
-2.157112956047058105e-01
-2.528001964092254639e-01
-3.013132214546203613e-01
1.364113986492156982e-01
2.375347316265106201e-01
2.842133343219757080e-01
2.522990405559539795e-01
-6.916372776031494141e-01
-7.396560907363891602e-01
-8.170323371887207031e-01
-7.417109608650207520e-01
-1.437747478485107422e-01
-2.030607461929321289e-01
-3.587555587291717529e-01
-2.869420349597930908e-01
2.739684283733367920e-01
2.218340337276458740e-01
2.605614066123962402e-02
9.260678291320800781e-02
-8.461489081382751465e-01
-8.088321685791015625e-01
-7.819818854331970215e-01
-7.951424121856689453e-01
-3.839846849441528320e-01
-3.246880173683166504e-01
-3.582099676132202148e-01
-3.577942848205566406e-01
2.135667204856872559e-02
4.267019033432006836e-02
-1.348036527633666992e-02
1.849499344825744629e-02
-7.502873539924621582e-01
-7.414375543594360352e-01
-7.073956131935119629e-01
-7.179403305053710938e-01
-4.274099469184875488e-01
-4.458436667919158936e-01
-4.174947440624237061e-01
-3.844061493873596191e-01
-1.732744276523590088e-01
-2.038704454898834229e-01
-1.862557530403137207e-01
-1.514034569263458252e-01
-7.099995017051696777e-01
-7.189109325408935547e-01
-7.188097238540649414e-01
-7.238841056823730469e-01
-4.352986812591552734e-01
-4.282358288764953613e-01
-4.618754982948303223e-01
-4.485178291797637939e-01
-1.955780386924743652e-01
-1.956370621919631958e-01
-2.413410097360610962e-01
-2.432514429092407227e-01
-7.094795703887939453e-01
-7.114781141281127930e-01
-7.140402793884277344e-01
-7.265065908432006836e-01
-4.412407875061035156e-01
-4.374085068702697754e-01
-4.248889684677124023e-01
-4.300710856914520264e-01
-2.214354723691940308e-01
-2.271436452865600586e-01
-1.733637452125549316e-01
-2.101775109767913818e-01
-7.335436940193176270e-01
-7.531931400299072266e-01
-8.302625417709350586e-01
-7.707152366638183594e-01
-3.922006487846374512e-01
-3.792696595191955566e-01
-4.351676106452941895e-01
-4.520639777183532715e-01
-1.262650489807128906e-01
-6.374245882034301758e-02
-5.079132318496704102e-02
-1.157579123973846436e-01
-9.088430404663085938e-01
-8.616597652435302734e-01
-8.690929412841796875e-01
-8.886225223541259766e-01
-4.226748347282409668e-01
-2.956069111824035645e-01
-2.555893063545227051e-01
-3.124845027923583984e-01
7.800567150115966797e-02
1.999367773532867432e-01
3.133849501609802246e-01
2.376880645751953125e-01
-7.646249532699584961e-01
-7.777693867683410645e-01
-8.705655336380004883e-01
-8.301455974578857422e-01
-2.785379290580749512e-01
-3.419001698493957520e-01
-4.821319878101348877e-01
-3.556046783924102783e-01
2.395880818367004395e-01
8.450561761856079102e-02
-5.142453312873840332e-02
1.286456286907196045e-01
-8.864054679870605469e-01
-8.163191676139831543e-01
-8.231258392333984375e-01
-8.614547848701477051e-01
-5.114225745201110840e-01
-4.251719415187835693e-01
-4.194627404212951660e-01
-4.712511003017425537e-01
-7.229760289192199707e-02
-5.126371979713439941e-02
-1.140111386775970459e-01
-5.544283986091613770e-02
-7.621192336082458496e-01
-7.347457408905029297e-01
-7.112735509872436523e-01
-7.402803897857666016e-01
-4.559065103530883789e-01
-4.385232329368591309e-01
-3.827385008335113525e-01
-4.263321757316589355e-01
-2.101955711841583252e-01
-1.784630715847015381e-01
-1.757511496543884277e-01
-2.168543636798858643e-01
-7.097401618957519531e-01
-7.116632461547851562e-01
-6.943365931510925293e-01
-7.173786759376525879e-01
-4.251808524131774902e-01
-4.213605523109436035e-01
-3.969343304634094238e-01
-4.150918722152709961e-01
-1.904480755329132080e-01
-1.904450207948684692e-01
-1.579320132732391357e-01
-1.629544496536254883e-01
-7.237497568130493164e-01
-7.396574020385742188e-01
-7.342412471771240234e-01
-7.346004843711853027e-01
-4.056538939476013184e-01
-4.201897680759429932e-01
-3.594172894954681396e-01
-3.635856509208679199e-01
-1.833199560642242432e-01
-1.689551770687103271e-01
-7.793521881103515625e-02
-9.547409415245056152e-02
-7.553609609603881836e-01
-7.974647879600524902e-01
-8.418966531753540039e-01
-8.167829513549804688e-01
-3.699898123741149902e-01
-4.066377580165863037e-01
-4.203084409236907959e-01
-3.866535425186157227e-01
-2.777901291847229004e-02
-4.207220673561096191e-02
8.750855922698974609e-04
2.183568477630615234e-02
-9.142937064170837402e-01
-8.898004293441772461e-01
-8.840831518173217773e-01
-8.895125389099121094e-01
-3.870097696781158447e-01
-2.884232401847839355e-01
-2.546945512294769287e-01
-2.893205881118774414e-01
2.143364250659942627e-01
3.203521072864532471e-01
3.132719695568084717e-01
2.358094155788421631e-01
-8.285140991210937500e-01
-8.849422931671142578e-01
-9.407659769058227539e-01
-8.743711709976196289e-01
-2.380807697772979736e-01
-3.642669320106506348e-01
-3.887768685817718506e-01
-2.400944530963897705e-01
2.322403490543365479e-01
1.679595112800598145e-01
1.505841612815856934e-01
2.629435956478118896e-01
-9.420112371444702148e-01
-9.009268283843994141e-01
-8.717154264450073242e-01
-9.053858518600463867e-01
-4.800159335136413574e-01
-4.858737885951995850e-01
-4.578153491020202637e-01
-4.217050373554229736e-01
8.238196372985839844e-02
-3.745743632316589355e-02
-1.325102448463439941e-01
3.990352153778076172e-03
-7.438395619392395020e-01
-7.335563898086547852e-01
-7.255821228027343750e-01
-7.539937496185302734e-01
-3.665081560611724854e-01
-4.188389182090759277e-01
-4.738622605800628662e-01
-4.497331380844116211e-01
-7.494533061981201172e-02
-1.893422901630401611e-01
-3.309616148471832275e-01
-2.292246818542480469e-01
-6.963211894035339355e-01
-7.067570686340332031e-01
-7.002339363098144531e-01
-6.940022706985473633e-01
-3.891622424125671387e-01
-4.343110024929046631e-01
-4.808975160121917725e-01
-4.124299585819244385e-01
-1.897716224193572998e-01
-2.358109503984451294e-01
-3.367074728012084961e-01
-2.307064235210418701e-01
-6.878280043601989746e-01
-6.956567168235778809e-01
-6.844891309738159180e-01
-6.817733049392700195e-01
-4.291320145130157471e-01
-4.037446677684783936e-01
-4.037798643112182617e-01
-3.990598917007446289e-01
-2.690423130989074707e-01
-1.943571269512176514e-01
-1.999319195747375488e-01
-2.186831235885620117e-01
-6.975834965705871582e-01
-7.480441331863403320e-01
-7.417749166488647461e-01
-7.154718637466430664e-01
-3.848682343959808350e-01
-3.570144474506378174e-01
-3.077413737773895264e-01
-3.167799115180969238e-01
-1.345912814140319824e-01
7.828831672668457031e-03
8.863717317581176758e-03
-5.340957641601562500e-02
-7.587398290634155273e-01
-7.620700597763061523e-01
-7.327555418014526367e-01
-7.433915138244628906e-01
-2.878740429878234863e-01
-1.806990504264831543e-01
-1.561194062232971191e-01
-2.094887197017669678e-01
1.264104843139648438e-01
3.958656191825866699e-01
2.801101207733154297e-01
9.639593958854675293e-02
