-2.331522703170776367e-01
-2.277650237083435059e-01
-2.031152248382568359e-01
-2.120323777198791504e-01
-3.281057476997375488e-01
-3.051530122756958008e-01
-2.938840389251708984e-01
-3.213474750518798828e-01
-3.800467848777770996e-01
-3.515883684158325195e-01
-3.707073926925659180e-01
-4.022418260574340820e-01
-1.950846910476684570e-01
-2.055808901786804199e-01
-1.984722018241882324e-01
-1.916407346725463867e-01
-2.605866193771362305e-01
-2.767427563667297363e-01
-2.845463156700134277e-01
-2.714054584503173828e-01
-3.516882658004760742e-01
-3.361295461654663086e-01
-3.361479043960571289e-01
-3.551397919654846191e-01
-2.122081518173217773e-01
-2.036227583885192871e-01
-2.105810642242431641e-01
-2.132735848426818848e-01
-2.864738702774047852e-01
-2.713029980659484863e-01
-2.614228129386901855e-01
-2.642065882682800293e-01
-3.386765718460083008e-01
-3.180241584777832031e-01
-2.843447327613830566e-01
-2.912141680717468262e-01
-2.278881669044494629e-01
-2.143529653549194336e-01
-2.207562327384948730e-01
-2.340319752693176270e-01
-2.635948061943054199e-01
-2.751915454864501953e-01
-2.565817236900329590e-01
-2.491154074668884277e-01
-2.880486249923706055e-01
-3.112233877182006836e-01
-2.835392355918884277e-01
-2.731896042823791504e-01
-2.189682126045227051e-01
-2.238218188285827637e-01
-2.384558320045471191e-01
-2.296462059020996094e-01
-2.561883330345153809e-01
-2.780342698097229004e-01
-2.937812209129333496e-01
-2.763014435768127441e-01
-2.883787155151367188e-01
-2.954033613204956055e-01
-3.011018037796020508e-01
-3.075357675552368164e-01
-2.302473187446594238e-01
-2.268224358558654785e-01
-2.063949704170227051e-01
-2.065725922584533691e-01
-2.777427434921264648e-01
-2.698161005973815918e-01
-2.516995668411254883e-01
-2.510421872138977051e-01
-2.817402482032775879e-01
-2.732019424438476562e-01
-2.890176177024841309e-01
-2.980875968933105469e-01
-1.721894145011901855e-01
-1.805539727210998535e-01
-1.652958393096923828e-01
-1.631863117218017578e-01
-2.535363435745239258e-01
-2.357036471366882324e-01
-2.212330698966979980e-01
-2.473338842391967773e-01
-3.095901012420654297e-01
-2.585667371749877930e-01
-2.813395261764526367e-01
-3.470420837402343750e-01
-2.050983309745788574e-01
-1.913112998008728027e-01
-1.744819283485412598e-01
-1.961953639984130859e-01
-3.171772956848144531e-01
-2.830008864402770996e-01
-2.456589341163635254e-01
-2.803975939750671387e-01
-4.249844551086425781e-01
-3.623210191726684570e-01
-3.274156451225280762e-01
-3.782161474227905273e-01
-1.808906793594360352e-01
-1.920045614242553711e-01
-1.997616291046142578e-01
-1.978948712348937988e-01
-2.340497970581054688e-01
-2.452253103256225586e-01
-2.487958669662475586e-01
-2.477238178253173828e-01
-3.333610296249389648e-01
-3.116886019706726074e-01
-2.852508425712585449e-01
-3.125076889991760254e-01
-2.325378060340881348e-01
-2.320098280906677246e-01
-2.415507435798645020e-01
-2.356439232826232910e-01
-2.653722763061523438e-01
-2.686898112297058105e-01
-2.690984606742858887e-01
-2.513839602470397949e-01
-2.848377227783203125e-01
-2.928826808929443359e-01
-2.668470144271850586e-01
-2.671901583671569824e-01
-2.395128011703491211e-01
-2.395575642585754395e-01
-2.354027628898620605e-01
-2.323411107063293457e-01
-2.604150772094726562e-01
-2.588338255882263184e-01
-2.681448459625244141e-01
-2.691913247108459473e-01
-2.739977836608886719e-01
-2.829550504684448242e-01
-2.953385710716247559e-01
-2.873233556747436523e-01
-2.315781712532043457e-01
-2.257761955261230469e-01
-2.288706302642822266e-01
-2.324801087379455566e-01
-2.604179382324218750e-01
-2.705420851707458496e-01
-2.756278514862060547e-01
-2.558979988098144531e-01
-2.728338837623596191e-01
-2.916256785392761230e-01
-2.947263717651367188e-01
-2.744261026382446289e-01
-2.064547538757324219e-01
-1.970552206039428711e-01
-1.939972043037414551e-01
-1.995626688003540039e-01
-2.536076903343200684e-01
-2.395846843719482422e-01
-2.291403412818908691e-01
-2.377550601959228516e-01
-2.703263163566589355e-01
-2.815570831298828125e-01
-2.782254219055175781e-01
-2.698813676834106445e-01
-1.543470621109008789e-01
-1.489889025688171387e-01
-1.513427495956420898e-01
-1.615944504737854004e-01
-2.242542505264282227e-01
-2.472791671752929688e-01
-2.623273730278015137e-01
-2.660029530525207520e-01
-3.067814111709594727e-01
-3.335152864456176758e-01
-3.680397272109985352e-01
-3.467488288879394531e-01
-2.270093560218811035e-01
-2.065760493278503418e-01
-1.853457093238830566e-01
-2.139132618904113770e-01
-3.325293064117431641e-01
-2.861773967742919922e-01
-2.468299865722656250e-01
-3.002419471740722656e-01
-4.236286878585815430e-01
-3.597551584243774414e-01
-3.325422406196594238e-01
-3.881343603134155273e-01
-1.835578083992004395e-01
-1.917609572410583496e-01
-2.004770040512084961e-01
-1.883013248443603516e-01
-2.231209278106689453e-01
-2.431046962738037109e-01
-2.560579180717468262e-01
-2.553241848945617676e-01
-2.959109544754028320e-01
-2.917844653129577637e-01
-3.105890750885009766e-01
-3.284633159637451172e-01
-2.260228395462036133e-01
-2.345658540725708008e-01
-2.325853109359741211e-01
-2.164666652679443359e-01
-2.553330659866333008e-01
-2.553802728652954102e-01
-2.593795657157897949e-01
-2.503591775894165039e-01
-2.821671366691589355e-01
-2.800775766372680664e-01
-2.858005166053771973e-01
-2.744625806808471680e-01
-2.278956770896911621e-01
-2.307580113410949707e-01
-2.160376906394958496e-01
-2.171242833137512207e-01
-2.611628174781799316e-01
-2.624515891075134277e-01
-2.469479441642761230e-01
-2.458250522613525391e-01
-3.005865812301635742e-01
-2.877944707870483398e-01
-2.720924019813537598e-01
-2.802567481994628906e-01
-2.226449251174926758e-01
-2.305978536605834961e-01
-2.136454582214355469e-01
-2.067793011665344238e-01
-2.515894174575805664e-01
-2.551940679550170898e-01
-2.388066053390502930e-01
-2.325590848922729492e-01
-2.809177637100219727e-01
-2.759081721305847168e-01
-2.586898803710937500e-01
-2.600151300430297852e-01
-2.103816866874694824e-01
-2.001752853393554688e-01
-1.846294403076171875e-01
-1.962540745735168457e-01
-2.365616559982299805e-01
-2.207784652709960938e-01
-2.232472896575927734e-01
-2.273374199867248535e-01
-2.780095934867858887e-01
-2.652857899665832520e-01
-2.678288817405700684e-01
-2.665112018585205078e-01
-1.651719212532043457e-01
-1.815247535705566406e-01
-1.801552176475524902e-01
-1.799345612525939941e-01
-2.453875541687011719e-01
-2.711254954338073730e-01
-2.763651609420776367e-01
-2.596315741539001465e-01
-3.191570043563842773e-01
-3.449974060058593750e-01
-3.856178522109985352e-01
-3.605238199234008789e-01
-2.285286188125610352e-01
-2.101380228996276855e-01
-1.861097812652587891e-01
-2.214065790176391602e-01
-3.675529956817626953e-01
-3.166795372962951660e-01
-2.879832386970520020e-01
-3.515623211860656738e-01
-4.916888475418090820e-01
-4.034548997879028320e-01
-3.880789875984191895e-01
-4.737189412117004395e-01
-1.750535368919372559e-01
-1.870481371879577637e-01
-2.026844620704650879e-01
-1.966759562492370605e-01
-2.431833148002624512e-01
-2.563439607620239258e-01
-2.735463976860046387e-01
-2.643747329711914062e-01
-3.323135972023010254e-01
-3.278037309646606445e-01
-3.336794376373291016e-01
-3.536620140075683594e-01
-2.204259037971496582e-01
-2.159624695777893066e-01
-2.224525809288024902e-01
-2.252246141433715820e-01
-2.592157125473022461e-01
-2.544804811477661133e-01
-2.664941549301147461e-01
-2.663841843605041504e-01
-2.860580682754516602e-01
-2.840681672096252441e-01
-2.886067032814025879e-01
-2.863152027130126953e-01
-2.091635465621948242e-01
-1.949269175529479980e-01
-2.034930586814880371e-01
-2.128901481628417969e-01
-2.603195309638977051e-01
-2.523853778839111328e-01
-2.432429790496826172e-01
-2.478243708610534668e-01
-2.856228351593017578e-01
-2.884516119956970215e-01
-2.783718705177307129e-01
-2.808616161346435547e-01
-2.041293978691101074e-01
-1.951549053192138672e-01
-2.013257741928100586e-01
-1.998189091682434082e-01
-2.395644783973693848e-01
-2.402682900428771973e-01
-2.323377132415771484e-01
-2.261276245117187500e-01
-2.768407464027404785e-01
-2.744076848030090332e-01
-2.528209090232849121e-01
-2.482035160064697266e-01
-1.969494819641113281e-01
-1.786845326423645020e-01
-1.715792417526245117e-01
-1.878995299339294434e-01
-2.478973269462585449e-01
-2.300661802291870117e-01
-2.325831055641174316e-01
-2.294852733612060547e-01
-2.857027053833007812e-01
-2.746800184249877930e-01
-2.748165130615234375e-01
-2.745035290718078613e-01
-1.758103966712951660e-01
-1.911087632179260254e-01
-1.977309584617614746e-01
-1.912695765495300293e-01
-2.752715945243835449e-01
-2.943946719169616699e-01
-2.915596365928649902e-01
-2.759395241737365723e-01
-3.393098711967468262e-01
-3.794128894805908203e-01
-3.952162861824035645e-01
-3.597381114959716797e-01
-2.425525188446044922e-01
-2.183012962341308594e-01
-1.786841154098510742e-01
-2.147265076637268066e-01
-3.953943252563476562e-01
-3.616175055503845215e-01
-3.062089085578918457e-01
-3.588705062866210938e-01
-5.261164307594299316e-01
-4.615439772605895996e-01
-4.008647203445434570e-01
-4.686223268508911133e-01
-1.921576261520385742e-01
-2.076767683029174805e-01
-2.266478538513183594e-01
-2.144862413406372070e-01
-2.690080404281616211e-01
-2.692657709121704102e-01
-2.592932581901550293e-01
-2.582554817199707031e-01
-3.449420928955078125e-01
-3.274655938148498535e-01
-3.103757500648498535e-01
-3.456513881683349609e-01
-2.416341304779052734e-01
-2.347998619079589844e-01
-2.359818220138549805e-01
-2.345905900001525879e-01
-2.595826387405395508e-01
-2.594417929649353027e-01
-2.572915554046630859e-01
-2.543151974678039551e-01
-2.813635468482971191e-01
-2.648269534111022949e-01
-2.754738926887512207e-01
-2.869532108306884766e-01
-2.304522395133972168e-01
-2.251721620559692383e-01
-2.211784124374389648e-01
-2.290577888488769531e-01
-2.511793375015258789e-01
-2.383735179901123047e-01
-2.394651174545288086e-01
-2.500880956649780273e-01
-2.884455323219299316e-01
-2.630073428153991699e-01
-2.619653940200805664e-01
-2.639150619506835938e-01
-2.209794521331787109e-01
-2.206203937530517578e-01
-2.195934653282165527e-01
-2.186047434806823730e-01
-2.252507209777832031e-01
-2.237163782119750977e-01
-2.283833026885986328e-01
-2.265406250953674316e-01
-2.409294843673706055e-01
-2.263785004615783691e-01
-2.345482110977172852e-01
-2.453423142433166504e-01
-2.001755833625793457e-01
-1.965748667716979980e-01
-1.806678175926208496e-01
-1.989845037460327148e-01
-2.285196781158447266e-01
-2.241908311843872070e-01
-2.156451344490051270e-01
-2.218196988105773926e-01
-2.546210885047912598e-01
-2.799805998802185059e-01
-2.776049971580505371e-01
-2.541311979293823242e-01
-1.752534508705139160e-01
-1.983266472816467285e-01
-2.008436322212219238e-01
-1.832950711250305176e-01
-2.281496524810791016e-01
-2.792204618453979492e-01
-2.962364554405212402e-01
-2.656702995300292969e-01
-3.104895949363708496e-01
-3.570863604545593262e-01
-3.945481777191162109e-01
-3.657559156417846680e-01
-2.247556447982788086e-01
-2.144017219543457031e-01
-1.934396624565124512e-01
-2.091095447540283203e-01
-3.971984982490539551e-01
-3.643384575843811035e-01
-2.963827848434448242e-01
-3.532567024230957031e-01
-5.433081388473510742e-01
-5.062246918678283691e-01
-4.108970165252685547e-01
-4.516063332557678223e-01
-1.871165037155151367e-01
-2.018671631813049316e-01
-2.055612802505493164e-01
-1.951867341995239258e-01
-2.371942400932312012e-01
-2.448143362998962402e-01
-2.739133834838867188e-01
-2.672632932662963867e-01
-3.400428295135498047e-01
-3.151308894157409668e-01
-3.156934976577758789e-01
-3.618963956832885742e-01
-2.228360772132873535e-01
-2.219110727310180664e-01
-2.313715219497680664e-01
-2.284581065177917480e-01
-2.646097540855407715e-01
-2.608999609947204590e-01
-2.585321664810180664e-01
-2.523775696754455566e-01
-2.898558378219604492e-01
-2.920247912406921387e-01
-2.828059792518615723e-01
-2.701335549354553223e-01
-2.274523377418518066e-01
-2.271158695220947266e-01
-2.249140739440917969e-01
-2.234755754470825195e-01
-2.649676799774169922e-01
-2.667022943496704102e-01
-2.520042061805725098e-01
-2.579080462455749512e-01
-2.900594472885131836e-01
-2.858993411064147949e-01
-2.704430222511291504e-01
-2.750263810157775879e-01
-2.188991308212280273e-01
-2.141383886337280273e-01
-2.159521579742431641e-01
-2.225540876388549805e-01
-2.377895116806030273e-01
-2.346950769424438477e-01
-2.342231869697570801e-01
-2.407295703887939453e-01
-2.586513161659240723e-01
-2.532305121421813965e-01
-2.519490122795104980e-01
-2.553311586380004883e-01
-2.058942317962646484e-01
-1.961510777473449707e-01
-1.795969009399414062e-01
-1.898952126502990723e-01
-2.391421794891357422e-01
-2.408754825592041016e-01
-2.402887940406799316e-01
-2.250226736068725586e-01
-2.513830661773681641e-01
-2.876830697059631348e-01
-3.043779730796813965e-01
-2.688989639282226562e-01
-1.554728746414184570e-01
-1.678664088249206543e-01
-1.731375455856323242e-01
-1.654080748558044434e-01
-2.137934565544128418e-01
-2.619045376777648926e-01
-2.798764705657958984e-01
-2.434811592102050781e-01
-3.131877183914184570e-01
-3.818899393081665039e-01
-3.823366165161132812e-01
-3.156793713569641113e-01
-2.491634488105773926e-01
-2.227617502212524414e-01
-2.055719494819641113e-01
-2.381745576858520508e-01
-3.682862520217895508e-01
-3.616895675659179688e-01
-3.001863956451416016e-01
-3.289389014244079590e-01
-4.486094713211059570e-01
-4.784715175628662109e-01
-3.876638412475585938e-01
-3.691577315330505371e-01
-1.897640824317932129e-01
-1.912782192230224609e-01
-1.984191536903381348e-01
-2.006142735481262207e-01
-2.607645988464355469e-01
-2.548473477363586426e-01
-2.611167430877685547e-01
-2.838274836540222168e-01
-3.594118356704711914e-01
-3.304445147514343262e-01
-2.941576242446899414e-01
-3.366212844848632812e-01
-2.236942648887634277e-01
-2.267495989799499512e-01
-2.206519246101379395e-01
-2.168822288513183594e-01
-2.433580160140991211e-01
-2.358026504516601562e-01
-2.253853678703308105e-01
-2.369516491889953613e-01
-2.747634053230285645e-01
-2.640413641929626465e-01
-2.288681268692016602e-01
-2.505527734756469727e-01
-2.188940048217773438e-01
-2.255078554153442383e-01
-2.203481197357177734e-01
-2.230542898178100586e-01
-2.331442832946777344e-01
-2.585030198097229004e-01
-2.457503676414489746e-01
-2.310350537300109863e-01
-2.360540628433227539e-01
-2.555921077728271484e-01
-2.402474880218505859e-01
-2.360221743583679199e-01
-2.081584930419921875e-01
-2.069845199584960938e-01
-2.133597731590270996e-01
-2.106552720069885254e-01
-2.423024773597717285e-01
-2.296361327171325684e-01
-2.499915361404418945e-01
-2.576579451560974121e-01
-2.347003817558288574e-01
-2.498901486396789551e-01
-2.814260125160217285e-01
-2.631372213363647461e-01
-2.050880789756774902e-01
-1.966543197631835938e-01
-1.905919313430786133e-01
-1.933329701423645020e-01
-2.431729435920715332e-01
-2.366026639938354492e-01
-2.517495155334472656e-01
-2.495913505554199219e-01
-2.665393352508544922e-01
-2.747131586074829102e-01
-2.879021763801574707e-01
-2.916032075881958008e-01
-1.887006759643554688e-01
-1.874802112579345703e-01
-1.916131973266601562e-01
-1.920929551124572754e-01
-2.413345575332641602e-01
-2.529040575027465820e-01
-2.695555686950683594e-01
-2.737306356430053711e-01
-3.033038973808288574e-01
-3.581482768058776855e-01
-3.327333331108093262e-01
-2.853355407714843750e-01
