2.006509006023406982e-01
1.987489163875579834e-01
1.671284735202789307e-01
1.719605326652526855e-01
3.797762095928192139e-01
3.736489713191986084e-01
3.595154285430908203e-01
3.624533414840698242e-01
5.134588479995727539e-01
4.951242804527282715e-01
5.461028814315795898e-01
5.468451976776123047e-01
1.737050712108612061e-01
1.952618956565856934e-01
2.052135169506072998e-01
1.913662850856781006e-01
3.477473258972167969e-01
3.383585214614868164e-01
3.401135802268981934e-01
3.496975898742675781e-01
5.218245983123779297e-01
4.480462074279785156e-01
4.342307746410369873e-01
4.991524219512939453e-01
2.337437868118286133e-01
2.072975039482116699e-01
2.077559828758239746e-01
2.234707474708557129e-01
3.399600684642791748e-01
3.054634928703308105e-01
2.833335697650909424e-01
3.114296793937683105e-01
4.401661455631256104e-01
3.913492262363433838e-01
3.544728159904479980e-01
3.913139998912811279e-01
2.030433118343353271e-01
1.923256218433380127e-01
2.169474065303802490e-01
2.198715507984161377e-01
3.051611185073852539e-01
2.938479483127593994e-01
3.052359819412231445e-01
3.089524209499359131e-01
3.922439813613891602e-01
3.833987116813659668e-01
3.613424301147460938e-01
3.719609975814819336e-01
2.201578915119171143e-01
2.178307175636291504e-01
2.219999432563781738e-01
2.200318872928619385e-01
3.094432353973388672e-01
3.034891784191131592e-01
3.094055354595184326e-01
3.059150874614715576e-01
3.738338947296142578e-01
3.749164342880249023e-01
3.843017220497131348e-01
3.750505447387695312e-01
2.454903125762939453e-01
2.472250163555145264e-01
2.404731512069702148e-01
2.272470593452453613e-01
3.254053592681884766e-01
3.136077523231506348e-01
3.295109570026397705e-01
3.321744799613952637e-01
4.124905467033386230e-01
3.819101750850677490e-01
3.969598412513732910e-01
4.277866184711456299e-01
2.225631177425384521e-01
2.158289551734924316e-01
1.952108740806579590e-01
2.062409222126007080e-01
3.339663147926330566e-01
2.933395206928253174e-01
2.874657511711120605e-01
3.394185304641723633e-01
4.154858887195587158e-01
3.481151461601257324e-01
3.840035498142242432e-01
4.503389894962310791e-01
2.043948173522949219e-01
1.827663779258728027e-01
1.679107546806335449e-01
1.975292563438415527e-01
4.023084640502929688e-01
3.449888229370117188e-01
3.402897119522094727e-01
4.043026566505432129e-01
5.889562368392944336e-01
5.207581520080566406e-01
5.188791751861572266e-01
5.590832233428955078e-01
1.938488185405731201e-01
2.054641842842102051e-01
2.242759168148040771e-01
2.189182341098785400e-01
3.327384889125823975e-01
3.238380849361419678e-01
3.566827178001403809e-01
3.703774511814117432e-01
4.940174221992492676e-01
4.346735179424285889e-01
4.473858475685119629e-01
5.160382986068725586e-01
2.470581531524658203e-01
2.483894824981689453e-01
2.557129263877868652e-01
2.500789761543273926e-01
3.363924920558929443e-01
3.264293074607849121e-01
3.307546973228454590e-01
3.485928773880004883e-01
4.221651852130889893e-01
3.998302519321441650e-01
3.793912231922149658e-01
4.246732592582702637e-01
2.700032591819763184e-01
2.565522491931915283e-01
2.599347829818725586e-01
2.650703489780426025e-01
3.459758758544921875e-01
3.351130485534667969e-01
3.346168696880340576e-01
3.403539359569549561e-01
3.931163549423217773e-01
3.918224573135375977e-01
3.839548826217651367e-01
3.915187120437622070e-01
2.540506720542907715e-01
2.399706244468688965e-01
2.326316237449645996e-01
2.421153783798217773e-01
3.178499042987823486e-01
3.277033567428588867e-01
3.451042175292968750e-01
3.315275013446807861e-01
3.648848235607147217e-01
4.007794857025146484e-01
4.366637468338012695e-01
3.998823165893554688e-01
2.175739705562591553e-01
2.018510997295379639e-01
1.852774620056152344e-01
1.997892856597900391e-01
3.328353166580200195e-01
3.245550394058227539e-01
3.297314345836639404e-01
3.199616968631744385e-01
4.067807495594024658e-01
4.255795776844024658e-01
4.444350004196166992e-01
4.167680144309997559e-01
1.501159369945526123e-01
1.678172945976257324e-01
1.435518264770507812e-01
1.412461400032043457e-01
3.161956667900085449e-01
3.088943064212799072e-01
2.768427729606628418e-01
3.094291687011718750e-01
4.875811934471130371e-01
4.077999293804168701e-01
3.915490508079528809e-01
4.638814926147460938e-01
2.464078068733215332e-01
2.257374525070190430e-01
1.878224909305572510e-01
2.338130474090576172e-01
4.529664218425750732e-01
4.396106898784637451e-01
4.031938314437866211e-01
4.258346855640411377e-01
6.319144964218139648e-01
5.916670560836791992e-01
5.918037295341491699e-01
6.142919063568115234e-01
1.981659829616546631e-01
2.226558029651641846e-01
2.352223098278045654e-01
2.150772213935852051e-01
3.519986569881439209e-01
3.637904226779937744e-01
3.770655393600463867e-01
3.874500989913940430e-01
5.152113437652587891e-01
4.806006550788879395e-01
4.941734969615936279e-01
5.442435741424560547e-01
2.510064840316772461e-01
2.534679174423217773e-01
2.683315277099609375e-01
2.592135071754455566e-01
3.365035653114318848e-01
3.562636971473693848e-01
3.615631461143493652e-01
3.362013399600982666e-01
4.198529422283172607e-01
4.321128129959106445e-01
4.240263700485229492e-01
4.160833358764648438e-01
2.604347169399261475e-01
2.585691511631011963e-01
2.509551346302032471e-01
2.518162131309509277e-01
3.471383750438690186e-01
3.469399213790893555e-01
3.408393561840057373e-01
3.359284698963165283e-01
4.032313227653503418e-01
4.106308519840240479e-01
3.955809473991394043e-01
3.999009728431701660e-01
2.495064735412597656e-01
2.415741384029388428e-01
2.373225986957550049e-01
2.427621185779571533e-01
3.408215045928955078e-01
3.224213719367980957e-01
3.145889043807983398e-01
3.283205330371856689e-01
3.999277353286743164e-01
3.874715566635131836e-01
4.002698957920074463e-01
4.179651737213134766e-01
2.290832102298736572e-01
2.092177867889404297e-01
1.957743167877197266e-01
2.284075319766998291e-01
3.286596834659576416e-01
3.044347763061523438e-01
3.154412209987640381e-01
3.352088034152984619e-01
4.022306799888610840e-01
4.035562574863433838e-01
4.369413256645202637e-01
4.289725124835968018e-01
1.498245894908905029e-01
1.358444988727569580e-01
1.370724737644195557e-01
1.631166338920593262e-01
2.872098982334136963e-01
3.062030076980590820e-01
3.188667893409729004e-01
3.231155276298522949e-01
4.246820211410522461e-01
4.458772242069244385e-01
5.085027217864990234e-01
4.857746958732604980e-01
2.430556118488311768e-01
2.183449864387512207e-01
1.834747791290283203e-01
2.201874256134033203e-01
4.795892238616943359e-01
4.755562841892242432e-01
4.283900558948516846e-01
4.409294426441192627e-01
6.663122177124023438e-01
6.566720008850097656e-01
6.289809942245483398e-01
6.401450037956237793e-01
1.625299453735351562e-01
1.917120814323425293e-01
2.006828784942626953e-01
1.855874359607696533e-01
3.672770559787750244e-01
3.670688569545745850e-01
3.834813237190246582e-01
3.852845728397369385e-01
5.747064352035522461e-01
5.244610309600830078e-01
5.285217165946960449e-01
5.701852440834045410e-01
2.412525415420532227e-01
2.518946528434753418e-01
2.524659037590026855e-01
2.445780634880065918e-01
3.522339761257171631e-01
3.422724604606628418e-01
3.384121060371398926e-01
3.405217528343200684e-01
4.697566628456115723e-01
4.333440363407135010e-01
4.093346297740936279e-01
4.354616999626159668e-01
2.597407102584838867e-01
2.531881332397460938e-01
2.482181787490844727e-01
2.520762681961059570e-01
3.396369218826293945e-01
3.409861922264099121e-01
3.268380463123321533e-01
3.135499954223632812e-01
4.085217714309692383e-01
4.133984446525573730e-01
3.834238350391387939e-01
3.869732022285461426e-01
2.339410483837127686e-01
2.296662628650665283e-01
2.277086377143859863e-01
2.275846898555755615e-01
3.351755738258361816e-01
3.230313360691070557e-01
3.290457129478454590e-01
3.345769941806793213e-01
4.068399071693420410e-01
3.968734145164489746e-01
4.007658064365386963e-01
4.135296344757080078e-01
2.360192537307739258e-01
2.280721962451934814e-01
2.125623524188995361e-01
2.236825823783874512e-01
3.670598864555358887e-01
3.377345502376556396e-01
3.314388394355773926e-01
3.408052921295166016e-01
4.524179100990295410e-01
4.117228984832763672e-01
4.433777928352355957e-01
4.704264104366302490e-01
1.973325312137603760e-01
1.966389715671539307e-01
1.986785531044006348e-01
1.975064575672149658e-01
3.776187002658843994e-01
3.502494394779205322e-01
3.777961134910583496e-01
4.135082960128784180e-01
5.142645835876464844e-01
4.753240942955017090e-01
5.435175895690917969e-01
5.804514288902282715e-01
2.510930895805358887e-01
2.266032099723815918e-01
2.016351521015167236e-01
2.393894195556640625e-01
4.493668675422668457e-01
4.281878173351287842e-01
3.841326236724853516e-01
4.311277270317077637e-01
6.436217427253723145e-01
6.046507358551025391e-01
5.676883459091186523e-01
6.176916956901550293e-01
1.933797597885131836e-01
2.021297812461853027e-01
2.324255406856536865e-01
2.341297566890716553e-01
3.611137866973876953e-01
3.755589127540588379e-01
3.959005475044250488e-01
3.927349448204040527e-01
5.301855802536010742e-01
5.346981287002563477e-01
5.182138681411743164e-01
5.163390040397644043e-01
2.492439746856689453e-01
2.518841028213500977e-01
2.624042630195617676e-01
2.530490756034851074e-01
3.579882085323333740e-01
3.413194119930267334e-01
3.405862450599670410e-01
3.616645038127899170e-01
4.600522518157958984e-01
4.190622568130493164e-01
4.074262380599975586e-01
4.512774944305419922e-01
2.815038859844207764e-01
2.687659859657287598e-01
2.651925981044769287e-01
2.668211460113525391e-01
3.486787080764770508e-01
3.310310244560241699e-01
3.172033727169036865e-01
3.438938260078430176e-01
4.110280573368072510e-01
3.875386416912078857e-01
3.614218831062316895e-01
3.968113660812377930e-01
2.551235556602478027e-01
2.486569583415985107e-01
2.472085952758789062e-01
2.500995993614196777e-01
3.250975906848907471e-01
3.395223915576934814e-01
3.491871654987335205e-01
3.399136066436767578e-01
3.876486718654632568e-01
4.034818112850189209e-01
4.264327287673950195e-01
4.071335196495056152e-01
2.245211005210876465e-01
2.186945080757141113e-01
2.105340957641601562e-01
2.224074006080627441e-01
3.618501722812652588e-01
3.519393801689147949e-01
3.488332331180572510e-01
3.533879518508911133e-01
4.526818692684173584e-01
4.609364867210388184e-01
4.677372872829437256e-01
4.605752229690551758e-01
1.991161704063415527e-01
2.194492518901824951e-01
2.256740331649780273e-01
2.114398777484893799e-01
4.001083672046661377e-01
4.449366331100463867e-01
4.267270863056182861e-01
4.006420075893402100e-01
5.576083660125732422e-01
5.930523872375488281e-01
5.998731851577758789e-01
5.825332403182983398e-01
2.485226094722747803e-01
2.337073087692260742e-01
2.097936868667602539e-01
2.189872264862060547e-01
4.606587886810302734e-01
4.442089796066284180e-01
3.906324207782745361e-01
4.568780660629272461e-01
6.857710480690002441e-01
6.324265003204345703e-01
5.683727264404296875e-01
6.509734988212585449e-01
2.271213829517364502e-01
2.576403617858886719e-01
2.577519714832305908e-01
2.360915243625640869e-01
3.926791548728942871e-01
3.865617513656616211e-01
4.019776880741119385e-01
3.996993899345397949e-01
5.331548452377319336e-01
5.110338926315307617e-01
5.011841058731079102e-01
5.352892279624938965e-01
2.601837813854217529e-01
2.681367099285125732e-01
2.755035459995269775e-01
2.648867368698120117e-01
3.465740978717803955e-01
3.506376743316650391e-01
3.627274036407470703e-01
3.550912439823150635e-01
4.410863518714904785e-01
4.311488568782806396e-01
4.221968054771423340e-01
4.347293376922607422e-01
2.648907303810119629e-01
2.540657222270965576e-01
2.598273456096649170e-01
2.628734111785888672e-01
3.341064155101776123e-01
3.358111381530761719e-01
3.510258197784423828e-01
3.370630741119384766e-01
3.893730640411376953e-01
3.935126662254333496e-01
4.095902442932128906e-01
4.096160233020782471e-01
2.502856552600860596e-01
2.486028671264648438e-01
2.556513547897338867e-01
2.467619180679321289e-01
3.507107496261596680e-01
3.434994518756866455e-01
3.370180130004882812e-01
3.436398208141326904e-01
4.196268916130065918e-01
4.170459210872650146e-01
4.034211635589599609e-01
4.154770076274871826e-01
2.420925796031951904e-01
2.301917672157287598e-01
2.128526866436004639e-01
2.245372533798217773e-01
3.669312298297882080e-01
3.561455607414245605e-01
3.340432941913604736e-01
3.429441452026367188e-01
4.536572396755218506e-01
4.763575792312622070e-01
4.591778516769409180e-01
4.304167032241821289e-01
1.823696792125701904e-01
2.108784615993499756e-01
2.100259065628051758e-01
1.902650892734527588e-01
3.290742635726928711e-01
4.274948239326477051e-01
4.244698882102966309e-01
3.565979301929473877e-01
5.077412128448486328e-01
6.182789802551269531e-01
5.994539856910705566e-01
5.054128766059875488e-01
2.291538417339324951e-01
2.178884148597717285e-01
2.091538906097412109e-01
2.318585515022277832e-01
4.175778925418853760e-01
4.508245587348937988e-01
4.110585451126098633e-01
4.051449596881866455e-01
5.976972579956054688e-01
6.651011705398559570e-01
5.826537013053894043e-01
5.425355434417724609e-01
2.030716538429260254e-01
2.216337621212005615e-01
2.277145087718963623e-01
2.033813297748565674e-01
3.669129610061645508e-01
3.949716985225677490e-01
3.729103207588195801e-01
3.617244660854339600e-01
5.246750712394714355e-01
5.267306566238403320e-01
4.670906364917755127e-01
4.786266386508941650e-01
2.507987916469573975e-01
2.547996640205383301e-01
2.494084239006042480e-01
2.413191497325897217e-01
3.718388676643371582e-01
3.598970174789428711e-01
3.108662366867065430e-01
3.287363052368164062e-01
4.667933881282806396e-01
4.272549152374267578e-01
3.507206141948699951e-01
4.048632681369781494e-01
2.704972326755523682e-01
2.707688212394714355e-01
2.631724178791046143e-01
2.598497569561004639e-01
3.376490771770477295e-01
3.309767246246337891e-01
3.150716423988342285e-01
3.297566771507263184e-01
3.841385245323181152e-01
3.833338618278503418e-01
3.484769165515899658e-01
3.708626031875610352e-01
2.638084888458251953e-01
2.566576898097991943e-01
2.587639093399047852e-01
2.622257769107818604e-01
3.199849724769592285e-01
3.364767134189605713e-01
3.470081984996795654e-01
3.404434323310852051e-01
3.532335162162780762e-01
3.972056508064270020e-01
4.193663597106933594e-01
3.923496305942535400e-01
2.243355512619018555e-01
2.123484611511230469e-01
2.111997604370117188e-01
2.099665701389312744e-01
3.348841667175292969e-01
3.475148081779479980e-01
3.581808805465698242e-01
3.426781296730041504e-01
4.037135243415832520e-01
4.518573582172393799e-01
4.882544279098510742e-01
4.464586973190307617e-01
1.717089712619781494e-01
1.682430505752563477e-01
1.666740179061889648e-01
1.625251770019531250e-01
3.351203501224517822e-01
3.759751319885253906e-01
3.740786612033843994e-01
3.382485210895538330e-01
4.720676839351654053e-01
5.730068683624267578e-01
5.497325062751770020e-01
4.530344605445861816e-01
