-1.031231522560119629e+00
-1.127660870552062988e+00
-1.399689435958862305e+00
-1.185409307479858398e+00
3.565052747726440430e-01
1.482380479574203491e-01
5.394117534160614014e-02
4.812330007553100586e-01
1.622064828872680664e+00
1.374444127082824707e+00
1.751905918121337891e+00
2.168248176574707031e+00
-1.547918319702148438e+00
-1.336169242858886719e+00
-1.251499295234680176e+00
-1.298560500144958496e+00
-1.416271626949310303e-01
8.630155026912689209e-02
1.820044368505477905e-01
1.560658812522888184e-01
1.470549821853637695e+00
1.325874567031860352e+00
1.346572279930114746e+00
1.547339320182800293e+00
-7.692659497261047363e-01
-8.133236765861511230e-01
-6.304966211318969727e-01
-6.798572540283203125e-01
2.385786622762680054e-01
5.313681066036224365e-02
-8.762250095605850220e-02
6.580844521522521973e-03
1.220116257667541504e+00
7.906161546707153320e-01
2.441743314266204834e-01
5.777115225791931152e-01
-7.333446741104125977e-01
-9.140917658805847168e-01
-8.652358055114746094e-01
-7.080773711204528809e-01
5.729395151138305664e-02
-1.470260471105575562e-01
-2.250577956438064575e-01
7.098315656185150146e-02
6.699479818344116211e-01
5.866603851318359375e-01
4.424399733543395996e-01
6.163551211357116699e-01
-9.941780567169189453e-01
-9.998046159744262695e-01
-8.686594963073730469e-01
-8.648747205734252930e-01
-2.284330576658248901e-01
7.725864648818969727e-03
2.245177328586578369e-01
2.994826436042785645e-02
3.923988938331604004e-01
9.547054171562194824e-01
1.147893905639648438e+00
6.496397256851196289e-01
-9.531798362731933594e-01
-1.009166121482849121e+00
-1.102978229522705078e+00
-1.186008334159851074e+00
1.729850322008132935e-01
7.445870339870452881e-02
1.405095905065536499e-01
1.117808073759078979e-01
9.924425482749938965e-01
1.027810931205749512e+00
1.346157073974609375e+00
1.236247420310974121e+00
-1.335838079452514648e+00
-1.177372455596923828e+00
-1.314747452735900879e+00
-1.463216066360473633e+00
1.608100533485412598e-01
1.478477716445922852e-01
1.386678069829940796e-01
3.322182297706604004e-01
1.693655371665954590e+00
1.327482342720031738e+00
1.776024818420410156e+00
2.275449514389038086e+00
-1.098321080207824707e+00
-1.265787482261657715e+00
-1.513497829437255859e+00
-1.256203532218933105e+00
7.000628113746643066e-01
2.892323732376098633e-01
-9.590453654527664185e-02
5.355163216590881348e-01
2.510861873626708984e+00
1.752550363540649414e+00
1.525578141212463379e+00
2.350661277770996094e+00
-1.328845977783203125e+00
-1.164378404617309570e+00
-1.053089380264282227e+00
-1.150784134864807129e+00
-4.327139258384704590e-02
1.124651134014129639e-01
1.949093788862228394e-01
1.660968214273452759e-01
1.339432835578918457e+00
1.210581660270690918e+00
1.105847120285034180e+00
1.353545904159545898e+00
-5.838657021522521973e-01
-6.091100573539733887e-01
-5.702000856399536133e-01
-5.866942405700683594e-01
9.083503484725952148e-02
4.831635951995849609e-02
1.881412863731384277e-01
1.416696310043334961e-01
7.131552696228027344e-01
5.415122509002685547e-01
5.862920880317687988e-01
7.908205986022949219e-01
-7.269779443740844727e-01
-7.552729249000549316e-01
-8.033928871154785156e-01
-8.040789365768432617e-01
1.603557914495468140e-01
1.705545485019683838e-01
9.251199662685394287e-02
1.118256896734237671e-01
7.050485610961914062e-01
7.456507086753845215e-01
6.090862154960632324e-01
8.094564080238342285e-01
-6.807012557983398438e-01
-6.442275047302246094e-01
-6.690507531166076660e-01
-6.749837994575500488e-01
1.809348613023757935e-01
1.626340299844741821e-01
2.063889354467391968e-01
1.424211114645004272e-01
7.000392079353332520e-01
9.171670675277709961e-01
9.437072277069091797e-01
7.497978806495666504e-01
-8.758547902107238770e-01
-1.104464769363403320e+00
-1.282265901565551758e+00
-1.059808135032653809e+00
1.817330718040466309e-01
1.208294630050659180e-01
6.022748351097106934e-02
1.394839733839035034e-01
9.069309830665588379e-01
1.188711524009704590e+00
1.557616233825683594e+00
1.220292448997497559e+00
-1.701631784439086914e+00
-1.646215677261352539e+00
-1.528763055801391602e+00
-1.500489711761474609e+00
-1.425776481628417969e-01
1.319989264011383057e-01
5.714309215545654297e-01
5.826430916786193848e-01
1.690722465515136719e+00
1.924326658248901367e+00
2.695533514022827148e+00
2.515784025192260742e+00
-9.856505393981933594e-01
-1.152988433837890625e+00
-1.345179915428161621e+00
-1.007289409637451172e+00
9.702845215797424316e-01
6.719942688941955566e-01
2.965381741523742676e-01
7.118798494338989258e-01
2.981069326400756836e+00
2.409334182739257812e+00
1.913074731826782227e+00
2.515873432159423828e+00
-1.212626576423645020e+00
-1.106833577156066895e+00
-9.053607583045959473e-01
-1.038738965988159180e+00
5.934222042560577393e-02
2.843446135520935059e-01
4.342796802520751953e-01
3.153696656227111816e-01
1.463574290275573730e+00
1.402929663658142090e+00
1.376422643661499023e+00
1.557637572288513184e+00
-7.566643953323364258e-01
-7.706632018089294434e-01
-7.195537090301513672e-01
-7.777210474014282227e-01
1.293593645095825195e-01
8.405461907386779785e-03
1.016865670680999756e-01
2.098141759634017944e-01
8.084631562232971191e-01
6.275033950805664062e-01
7.444286942481994629e-01
9.990462660789489746e-01
-7.941029071807861328e-01
-7.777591347694396973e-01
-7.924063205718994141e-01
-8.036855459213256836e-01
8.980676531791687012e-03
1.579330414533615112e-01
-2.551159262657165527e-02
-1.556872725486755371e-01
7.019900083541870117e-01
9.522548913955688477e-01
5.923465490341186523e-01
4.571090340614318848e-01
-7.526066899299621582e-01
-7.741908431053161621e-01
-8.327943086624145508e-01
-8.304038643836975098e-01
1.217117160558700562e-01
3.846804797649383545e-02
3.884437680244445801e-02
5.791386961936950684e-02
7.871663570404052734e-01
6.946871280670166016e-01
7.308434844017028809e-01
8.033732175827026367e-01
-8.930017352104187012e-01
-1.024806857109069824e+00
-1.169982790946960449e+00
-9.871783852577209473e-01
2.606272697448730469e-01
1.175888329744338989e-01
2.466262876987457275e-02
2.145746946334838867e-01
1.159689188003540039e+00
1.097421646118164062e+00
1.295831561088562012e+00
1.280055880546569824e+00
-1.250564694404602051e+00
-1.160820960998535156e+00
-1.028846859931945801e+00
-9.394702911376953125e-01
3.351625502109527588e-01
8.905209898948669434e-01
1.090959191322326660e+00
8.258931040763854980e-01
1.896687746047973633e+00
2.593880891799926758e+00
3.166325807571411133e+00
2.575575828552246094e+00
-7.525339126586914062e-01
-9.323737621307373047e-01
-1.176221728324890137e+00
-8.666223883628845215e-01
1.388329029083251953e+00
1.152500867843627930e+00
5.053860545158386230e-01
9.441424012184143066e-01
3.214896678924560547e+00
2.773086786270141602e+00
2.116254329681396484e+00
2.724729537963867188e+00
-1.249631643295288086e+00
-1.061533212661743164e+00
-1.003044366836547852e+00
-1.058961033821105957e+00
1.321423351764678955e-01
1.773587465286254883e-01
2.843611240386962891e-01
3.373983800411224365e-01
1.591613769531250000e+00
1.219455838203430176e+00
1.401072740554809570e+00
1.899102330207824707e+00
-8.598399162292480469e-01
-7.957658767700195312e-01
-7.480701804161071777e-01
-7.601174116134643555e-01
9.880076348781585693e-02
7.258364558219909668e-02
6.018662452697753906e-02
1.411119103431701660e-01
9.391373991966247559e-01
7.939462661743164062e-01
7.776383161544799805e-01
9.329963922500610352e-01
-6.500269174575805664e-01
-6.400750279426574707e-01
-6.346902847290039062e-01
-6.585265398025512695e-01
-2.400492131710052490e-02
-5.692932754755020142e-02
1.517422497272491455e-02
-9.257942438125610352e-04
5.844027996063232422e-01
6.554101705551147461e-01
5.719630122184753418e-01
5.988621711730957031e-01
-7.964307069778442383e-01
-8.639558553695678711e-01
-9.128755331039428711e-01
-8.495594263076782227e-01
-3.536045551300048828e-05
-1.844891905784606934e-02
-1.957459747791290283e-02
3.774902224540710449e-02
7.137019038200378418e-01
6.664083003997802734e-01
7.813504934310913086e-01
7.097010612487792969e-01
-9.474213123321533203e-01
-1.002295136451721191e+00
-1.071257591247558594e+00
-9.978794455528259277e-01
2.929683625698089600e-01
2.294155806303024292e-01
1.194530278444290161e-01
6.184339523315429688e-02
1.279304265975952148e+00
1.313508629798889160e+00
1.296535730361938477e+00
1.228079199790954590e+00
-8.621821403503417969e-01
-6.833580732345581055e-01
-6.022006273269653320e-01
-7.321872115135192871e-01
7.427907586097717285e-01
1.407785296440124512e+00
1.568449139595031738e+00
1.033506512641906738e+00
2.085207939147949219e+00
3.000355720520019531e+00
3.394466876983642578e+00
2.676636934280395508e+00
-7.339439392089843750e-01
-8.181451559066772461e-01
-1.135908126831054688e+00
-8.987491130828857422e-01
1.227028608322143555e+00
1.123866558074951172e+00
6.784693598747253418e-01
9.426957964897155762e-01
2.908004999160766602e+00
2.860335350036621094e+00
2.260047674179077148e+00
2.580273389816284180e+00
-1.310155391693115234e+00
-1.202195644378662109e+00
-1.067022085189819336e+00
-1.144556283950805664e+00
1.613811552524566650e-01
2.331310957670211792e-01
3.620539605617523193e-01
4.152821004390716553e-01
1.735114574432373047e+00
1.573677420616149902e+00
1.533411622047424316e+00
1.786873936653137207e+00
-7.716876864433288574e-01
-6.866206526756286621e-01
-5.724739432334899902e-01
-6.750858426094055176e-01
2.443459779024124146e-01
2.097160518169403076e-01
2.152178585529327393e-01
2.208142429590225220e-01
1.184337019920349121e+00
9.201936721801757812e-01
7.778161764144897461e-01
1.009579539299011230e+00
-5.001891255378723145e-01
-5.419414043426513672e-01
-5.153790712356567383e-01
-4.961029887199401855e-01
1.758059561252593994e-01
1.425112485885620117e-01
1.587492823600769043e-01
2.634297013282775879e-01
7.359987497329711914e-01
6.167092323303222656e-01
5.806168317794799805e-01
7.948992252349853516e-01
-6.377806663513183594e-01
-7.009451389312744141e-01
-7.058827877044677734e-01
-6.825178265571594238e-01
1.882659643888473511e-01
1.897844970226287842e-01
6.618715822696685791e-02
6.981056928634643555e-02
6.949322223663330078e-01
7.728605866432189941e-01
7.284720540046691895e-01
6.453723311424255371e-01
-9.387587308883666992e-01
-9.173917770385742188e-01
-1.128875374794006348e+00
-9.819650650024414062e-01
1.805871129035949707e-01
2.462472021579742432e-01
1.857160031795501709e-01
1.628308296203613281e-01
1.002631664276123047e+00
1.420700073242187500e+00
1.589320302009582520e+00
1.249833226203918457e+00
-9.650214910507202148e-01
-6.603344082832336426e-01
-5.773476362228393555e-01
-8.346970081329345703e-01
4.509553015232086182e-01
1.217697381973266602e+00
1.605013847351074219e+00
9.665789008140563965e-01
1.922085285186767578e+00
2.818548202514648438e+00
3.543050527572631836e+00
2.733027458190917969e+00
-8.464323878288269043e-01
-8.923833966255187988e-01
-1.081536531448364258e+00
-9.258956909179687500e-01
8.230273127555847168e-01
8.961998224258422852e-01
5.725062489509582520e-01
7.571201920509338379e-01
2.479632854461669922e+00
2.625214576721191406e+00
2.059638023376464844e+00
2.182464361190795898e+00
-1.117124438285827637e+00
-1.046126961708068848e+00
-9.100307226181030273e-01
-9.568666219711303711e-01
3.032414913177490234e-01
4.595143198966979980e-01
5.226650834083557129e-01
3.597808778285980225e-01
1.622352600097656250e+00
1.914975643157958984e+00
1.504230618476867676e+00
1.374592661857604980e+00
-7.256691455841064453e-01
-6.886685490608215332e-01
-6.303777694702148438e-01
-6.964907646179199219e-01
3.614096045494079590e-01
1.635327786207199097e-01
1.830724924802780151e-01
3.745463490486145020e-01
1.289345979690551758e+00
9.465515613555908203e-01
7.797158956527709961e-01
1.168071508407592773e+00
-6.229239106178283691e-01
-5.583769679069519043e-01
-5.906228423118591309e-01
-6.318159103393554688e-01
1.824325919151306152e-01
1.234699487686157227e-01
8.003230392932891846e-02
1.601885259151458740e-01
8.222666978836059570e-01
5.933010578155517578e-01
6.408935189247131348e-01
9.521684646606445312e-01
-6.260269880294799805e-01
-6.478352546691894531e-01
-6.696190237998962402e-01
-6.910836696624755859e-01
7.462392747402191162e-02
8.244069665670394897e-02
1.236590966582298279e-01
1.081800982356071472e-01
5.969845652580261230e-01
7.416162490844726562e-01
8.699361085891723633e-01
7.694498896598815918e-01
-9.221156835556030273e-01
-9.809546470642089844e-01
-1.121389508247375488e+00
-1.068801522254943848e+00
1.593627035617828369e-01
3.299571573734283447e-01
2.904984951019287109e-01
1.772086322307586670e-01
1.122210979461669922e+00
1.574847340583801270e+00
1.525890111923217773e+00
1.135272026062011719e+00
-1.084556818008422852e+00
-9.041301608085632324e-01
-7.979621887207031250e-01
-9.091416597366333008e-01
3.763263821601867676e-01
9.942891597747802734e-01
1.263632059097290039e+00
8.303713798522949219e-01
2.003405809402465820e+00
2.746979951858520508e+00
2.851765632629394531e+00
2.247957468032836914e+00
-1.114613175392150879e+00
-1.011915802955627441e+00
-1.104593753814697266e+00
-1.098137855529785156e+00
3.344751894474029541e-01
5.658468008041381836e-01
2.056669592857360840e-01
2.100313007831573486e-01
1.681943893432617188e+00
1.972704768180847168e+00
1.236042499542236328e+00
1.128806591033935547e+00
-7.147856950759887695e-01
-6.524785757064819336e-01
-6.195222139358520508e-01
-6.586867570877075195e-01
1.705009192228317261e-01
5.336056351661682129e-01
3.684767484664916992e-01
6.489719450473785400e-02
1.030165791511535645e+00
1.544535517692565918e+00
9.708063006401062012e-01
4.678616523742675781e-01
-7.719603180885314941e-01
-7.593078613281250000e-01
-8.093271255493164062e-01
-7.976176142692565918e-01
1.946449130773544312e-01
1.841245591640472412e-01
-3.410430252552032471e-02
8.680987358093261719e-02
8.206585645675659180e-01
8.797079920768737793e-01
5.057725310325622559e-01
6.598932743072509766e-01
-9.306209087371826172e-01
-8.497632145881652832e-01
-8.929836750030517578e-01
-9.603289365768432617e-01
-1.147619709372520447e-01
-1.526440680027008057e-02
-1.316161006689071655e-01
-7.798263430595397949e-02
4.185358881950378418e-01
5.980316400527954102e-01
4.334875345230102539e-01
5.698847770690917969e-01
-8.482393026351928711e-01
-8.116538524627685547e-01
-7.712029814720153809e-01
-8.341162204742431641e-01
-1.917952299118041992e-02
3.718474507331848145e-02
9.764903783798217773e-02
8.503240346908569336e-02
4.725535511970520020e-01
6.563686132431030273e-01
7.617337107658386230e-01
6.954190135002136230e-01
-8.236253261566162109e-01
-9.192404747009277344e-01
-1.004742264747619629e+00
-9.790943861007690430e-01
2.441171109676361084e-01
3.982028663158416748e-01
1.573617011308670044e-01
-4.492461681365966797e-03
1.035294771194458008e+00
1.577027082443237305e+00
1.119137525558471680e+00
6.617043018341064453e-01
-9.658596515655517578e-01
-8.808132410049438477e-01
-9.543350338935852051e-01
-1.030565977096557617e+00
2.779777050018310547e-01
6.517453193664550781e-01
4.662716388702392578e-01
2.402451336383819580e-01
1.603676438331604004e+00
2.212692975997924805e+00
1.750730752944946289e+00
1.276300668716430664e+00
