-3.110104203224182129e-01
-3.146414756774902344e-01
-3.450414538383483887e-01
-3.316118717193603516e-01
-1.665576994419097900e-01
-1.812666356563568115e-01
-2.320481091737747192e-01
-1.953127980232238770e-01
-5.636149644851684570e-02
-6.422296166419982910e-02
-1.011379957199096680e-01
-8.896267414093017578e-02
-3.575484454631805420e-01
-3.477783799171447754e-01
-3.453826308250427246e-01
-3.471402525901794434e-01
-2.557739615440368652e-01
-2.593515217304229736e-01
-2.729338407516479492e-01
-2.630002200603485107e-01
-1.255734264850616455e-01
-1.468967497348785400e-01
-2.085658013820648193e-01
-1.806745529174804688e-01
-3.181216418743133545e-01
-3.211123943328857422e-01
-3.113699257373809814e-01
-3.101905286312103271e-01
-2.706575095653533936e-01
-2.771619558334350586e-01
-2.865911126136779785e-01
-2.783676087856292725e-01
-2.090361118316650391e-01
-2.309699058532714844e-01
-2.713737487792968750e-01
-2.487725913524627686e-01
-3.246099948883056641e-01
-3.342190086841583252e-01
-3.338744938373565674e-01
-3.237946927547454834e-01
-2.874965071678161621e-01
-2.981693744659423828e-01
-2.993978559970855713e-01
-2.842049896717071533e-01
-2.587622702121734619e-01
-2.659070491790771484e-01
-2.680993974208831787e-01
-2.628939151763916016e-01
-3.347111642360687256e-01
-3.446996808052062988e-01
-3.311136960983276367e-01
-3.234820961952209473e-01
-2.983179092407226562e-01
-3.037230968475341797e-01
-2.905945181846618652e-01
-2.905616164207458496e-01
-2.667599916458129883e-01
-2.657285332679748535e-01
-2.640898525714874268e-01
-2.575420737266540527e-01
-3.232443928718566895e-01
-3.297345936298370361e-01
-3.327457606792449951e-01
-3.336749672889709473e-01
-2.815131545066833496e-01
-2.965444326400756836e-01
-2.955431938171386719e-01
-2.900072932243347168e-01
-2.492024004459381104e-01
-2.686692476272583008e-01
-2.603318095207214355e-01
-2.443992793560028076e-01
-3.386967778205871582e-01
-3.306152224540710449e-01
-3.430361151695251465e-01
-3.468725681304931641e-01
-2.856443226337432861e-01
-2.880066037178039551e-01
-2.776154577732086182e-01
-2.620652914047241211e-01
-2.330849170684814453e-01
-2.461210638284683228e-01
-2.238979041576385498e-01
-1.934868693351745605e-01
-3.428288102149963379e-01
-3.396960496902465820e-01
-3.561737537384033203e-01
-3.476451337337493896e-01
-2.292923331260681152e-01
-2.342604994773864746e-01
-2.718409299850463867e-01
-2.576942443847656250e-01
-9.251651167869567871e-02
-1.237406730651855469e-01
-1.850012242794036865e-01
-1.612228453159332275e-01
-3.575848937034606934e-01
-3.450239300727844238e-01
-3.411566615104675293e-01
-3.489027023315429688e-01
-2.929078936576843262e-01
-2.725810408592224121e-01
-2.688036561012268066e-01
-2.881456613540649414e-01
-2.069307863712310791e-01
-2.082582116127014160e-01
-2.275460958480834961e-01
-2.244277000427246094e-01
-3.153704702854156494e-01
-3.116365671157836914e-01
-3.095943927764892578e-01
-3.173684775829315186e-01
-2.732147872447967529e-01
-2.834153771400451660e-01
-2.746509909629821777e-01
-2.691233158111572266e-01
-2.460659742355346680e-01
-2.608524560928344727e-01
-2.655144929885864258e-01
-2.394781410694122314e-01
-3.019935190677642822e-01
-3.107767701148986816e-01
-3.099219202995300293e-01
-3.028963208198547363e-01
-2.680402398109436035e-01
-2.670106887817382812e-01
-2.840071320533752441e-01
-2.831264138221740723e-01
-2.572967410087585449e-01
-2.475331425666809082e-01
-2.657386362552642822e-01
-2.646668851375579834e-01
-3.088551461696624756e-01
-3.042184710502624512e-01
-3.046025931835174561e-01
-3.086403906345367432e-01
-2.817556262016296387e-01
-2.719895839691162109e-01
-2.549851834774017334e-01
-2.667039036750793457e-01
-2.591589689254760742e-01
-2.454407215118408203e-01
-2.270255833864212036e-01
-2.394013404846191406e-01
-3.198935389518737793e-01
-3.374851644039154053e-01
-3.494336307048797607e-01
-3.382852673530578613e-01
-2.726769745349884033e-01
-2.782457172870635986e-01
-2.700671851634979248e-01
-2.671745419502258301e-01
-2.426134645938873291e-01
-2.262815088033676147e-01
-1.914500594139099121e-01
-2.159629166126251221e-01
-3.781569898128509521e-01
-3.703293800354003906e-01
-3.701153397560119629e-01
-3.748561739921569824e-01
-2.937852144241333008e-01
-2.700261175632476807e-01
-2.648888826370239258e-01
-2.779620289802551270e-01
-2.116623520851135254e-01
-1.986601352691650391e-01
-1.710374951362609863e-01
-1.832333207130432129e-01
-3.487355113029479980e-01
-3.510466217994689941e-01
-3.554356098175048828e-01
-3.481177687644958496e-01
-2.277662158012390137e-01
-2.586809992790222168e-01
-2.778922319412231445e-01
-2.424592077732086182e-01
-9.589231014251708984e-02
-1.662119626998901367e-01
-2.085305303335189819e-01
-1.341539025306701660e-01
-3.402622342109680176e-01
-3.387285470962524414e-01
-3.349927663803100586e-01
-3.398334383964538574e-01
-2.908369302749633789e-01
-2.817313075065612793e-01
-2.806364297866821289e-01
-2.902974784374237061e-01
-2.279064357280731201e-01
-2.248917818069458008e-01
-2.286089211702346802e-01
-2.305542230606079102e-01
-3.222242891788482666e-01
-3.202100098133087158e-01
-3.139810860157012939e-01
-3.143751621246337891e-01
-2.916171550750732422e-01
-2.814598977565765381e-01
-2.714178562164306641e-01
-2.794491648674011230e-01
-2.491301596164703369e-01
-2.538418769836425781e-01
-2.573482394218444824e-01
-2.524371743202209473e-01
-3.079353570938110352e-01
-3.056061267852783203e-01
-3.158822655677795410e-01
-3.137035369873046875e-01
-2.706981897354125977e-01
-2.721307277679443359e-01
-2.723588347434997559e-01
-2.665072083473205566e-01
-2.520536184310913086e-01
-2.481471002101898193e-01
-2.462333738803863525e-01
-2.420401871204376221e-01
-3.175033628940582275e-01
-3.139010369777679443e-01
-3.156140148639678955e-01
-3.157837390899658203e-01
-2.698721587657928467e-01
-2.663348317146301270e-01
-2.802137732505798340e-01
-2.805768847465515137e-01
-2.452613264322280884e-01
-2.377358078956604004e-01
-2.401682734489440918e-01
-2.461808174848556519e-01
-3.271262049674987793e-01
-3.399003744125366211e-01
-3.482725322246551514e-01
-3.326117396354675293e-01
-2.668204307556152344e-01
-2.832563519477844238e-01
-2.902098894119262695e-01
-2.810648083686828613e-01
-2.158485054969787598e-01
-2.300389856100082397e-01
-2.399099320173263550e-01
-2.357484996318817139e-01
-3.505636155605316162e-01
-3.553642034530639648e-01
-3.516586422920227051e-01
-3.445618450641632080e-01
-2.756565809249877930e-01
-2.767203152179718018e-01
-2.865138649940490723e-01
-2.777712941169738770e-01
-2.111692577600479126e-01
-2.027425169944763184e-01
-1.943223774433135986e-01
-1.959970295429229736e-01
-3.339507281780242920e-01
-3.427523076534271240e-01
-3.527408838272094727e-01
-3.358214199542999268e-01
-2.411929666996002197e-01
-2.512130141258239746e-01
-2.624779045581817627e-01
-2.383941411972045898e-01
-1.475663185119628906e-01
-1.673719286918640137e-01
-1.834664642810821533e-01
-1.496488153934478760e-01
-3.492673635482788086e-01
-3.396252989768981934e-01
-3.277117609977722168e-01
-3.332831263542175293e-01
-2.927373051643371582e-01
-2.861800193786621094e-01
-2.707573771476745605e-01
-2.772108912467956543e-01
-2.303298562765121460e-01
-2.378118634223937988e-01
-2.351881116628646851e-01
-2.200233340263366699e-01
-3.187442421913146973e-01
-3.198489248752593994e-01
-3.152388930320739746e-01
-3.139581978321075439e-01
-2.820731997489929199e-01
-2.804647684097290039e-01
-2.803828418254852295e-01
-2.792026400566101074e-01
-2.591239809989929199e-01
-2.539984583854675293e-01
-2.496387064456939697e-01
-2.499411702156066895e-01
-3.192751705646514893e-01
-3.184555172920227051e-01
-3.193099200725555420e-01
-3.195522427558898926e-01
-2.786617875099182129e-01
-2.776789665222167969e-01
-2.789306640625000000e-01
-2.783355414867401123e-01
-2.516448795795440674e-01
-2.425127327442169189e-01
-2.540117502212524414e-01
-2.510385215282440186e-01
-3.117265105247497559e-01
-3.164771199226379395e-01
-3.199081718921661377e-01
-3.224003612995147705e-01
-2.749698162078857422e-01
-2.832967042922973633e-01
-2.930949330329895020e-01
-2.866704463958740234e-01
-2.459717243909835815e-01
-2.531015276908874512e-01
-2.567643523216247559e-01
-2.552301883697509766e-01
-3.278233408927917480e-01
-3.303927779197692871e-01
-3.473417758941650391e-01
-3.394120931625366211e-01
-2.746908366680145264e-01
-2.773782908916473389e-01
-2.855640351772308350e-01
-2.928700447082519531e-01
-2.294227033853530884e-01
-2.364598512649536133e-01
-2.288621068000793457e-01
-2.367247045040130615e-01
-3.500977158546447754e-01
-3.439350724220275879e-01
-3.469741642475128174e-01
-3.494351506233215332e-01
-2.750618457794189453e-01
-2.548709511756896973e-01
-2.516609132289886475e-01
-2.695724964141845703e-01
-1.950175464153289795e-01
-1.913657784461975098e-01
-1.786713600158691406e-01
-1.872805356979370117e-01
-3.468764424324035645e-01
-3.410479426383972168e-01
-3.615816831588745117e-01
-3.562125563621520996e-01
-2.438767850399017334e-01
-2.342042475938796997e-01
-2.628908753395080566e-01
-2.622247636318206787e-01
-1.434388458728790283e-01
-1.422584950923919678e-01
-1.796489357948303223e-01
-1.672938168048858643e-01
-3.415926396846771240e-01
-3.344981670379638672e-01
-3.216674625873565674e-01
-3.306332826614379883e-01
-2.775531709194183350e-01
-2.774837911128997803e-01
-2.676910459995269775e-01
-2.698885500431060791e-01
-2.120462954044342041e-01
-2.321690917015075684e-01
-2.332203537225723267e-01
-2.178120613098144531e-01
-3.164040148258209229e-01
-3.123277425765991211e-01
-3.125518858432769775e-01
-3.153441548347473145e-01
-2.781198024749755859e-01
-2.822650372982025146e-01
-2.848189473152160645e-01
-2.703064978122711182e-01
-2.431129515171051025e-01
-2.591555714607238770e-01
-2.568656206130981445e-01
-2.421711087226867676e-01
-3.080264627933502197e-01
-3.074823021888732910e-01
-3.061865568161010742e-01
-3.038045763969421387e-01
-2.808370292186737061e-01
-2.699331939220428467e-01
-2.740171551704406738e-01
-2.763968706130981445e-01
-2.632080316543579102e-01
-2.488403618335723877e-01
-2.504996061325073242e-01
-2.630164921283721924e-01
-3.169053196907043457e-01
-3.202992081642150879e-01
-3.179664313793182373e-01
-3.163503706455230713e-01
-2.836422622203826904e-01
-2.866210341453552246e-01
-2.822002172470092773e-01
-2.763160467147827148e-01
-2.651500105857849121e-01
-2.663018107414245605e-01
-2.515517473220825195e-01
-2.537088096141815186e-01
-3.350129127502441406e-01
-3.419318795204162598e-01
-3.465099036693572998e-01
-3.378791511058807373e-01
-2.708926796913146973e-01
-2.773591578006744385e-01
-2.827595472335815430e-01
-2.798416018486022949e-01
-2.320158332586288452e-01
-2.241079658269882202e-01
-2.222995758056640625e-01
-2.346157282590866089e-01
-3.546200394630432129e-01
-3.505559563636779785e-01
-3.474116027355194092e-01
-3.493722379207611084e-01
-2.789786458015441895e-01
-2.613938152790069580e-01
-2.595556080341339111e-01
-2.744288146495819092e-01
-2.084605246782302856e-01
-1.560912430286407471e-01
-1.635470986366271973e-01
-2.063331007957458496e-01
-3.519221544265747070e-01
-3.488179445266723633e-01
-3.505272865295410156e-01
-3.524417877197265625e-01
-2.643477320671081543e-01
-2.596453130245208740e-01
-2.684652209281921387e-01
-2.646218240261077881e-01
-1.411693692207336426e-01
-1.449781954288482666e-01
-1.982426047325134277e-01
-1.876855939626693726e-01
-3.386462926864624023e-01
-3.313314318656921387e-01
-3.263669013977050781e-01
-3.318283557891845703e-01
-2.666101455688476562e-01
-2.702138125896453857e-01
-2.578195631504058838e-01
-2.650091648101806641e-01
-1.995812356472015381e-01
-2.192181944847106934e-01
-2.190137654542922974e-01
-2.000317871570587158e-01
-3.209887742996215820e-01
-3.193405866622924805e-01
-3.128880262374877930e-01
-3.153344392776489258e-01
-2.702611088752746582e-01
-2.725305557250976562e-01
-2.702010273933410645e-01
-2.628102302551269531e-01
-2.283447086811065674e-01
-2.386748343706130981e-01
-2.524113655090332031e-01
-2.280503213405609131e-01
-3.025178611278533936e-01
-2.989054918289184570e-01
-2.977482676506042480e-01
-3.034742176532745361e-01
-2.706705331802368164e-01
-2.682747244834899902e-01
-2.751145064830780029e-01
-2.806998193264007568e-01
-2.578589618206024170e-01
-2.559362351894378662e-01
-2.624603807926177979e-01
-2.592296600341796875e-01
-3.071108162403106689e-01
-3.138027787208557129e-01
-3.130968511104583740e-01
-3.070650696754455566e-01
-2.680649757385253906e-01
-2.768748402595520020e-01
-2.834655642509460449e-01
-2.724031507968902588e-01
-2.488233149051666260e-01
-2.500753700733184814e-01
-2.535623908042907715e-01
-2.509436905384063721e-01
-3.206805884838104248e-01
-3.259998261928558350e-01
-3.355491161346435547e-01
-3.362434804439544678e-01
-2.729035615921020508e-01
-2.775662243366241455e-01
-2.858548760414123535e-01
-2.802148163318634033e-01
-2.393101751804351807e-01
-2.343571633100509644e-01
-2.294733524322509766e-01
-2.301011234521865845e-01
-3.506301641464233398e-01
-3.427178859710693359e-01
-3.430320918560028076e-01
-3.494139909744262695e-01
-2.888393998146057129e-01
-2.728685736656188965e-01
-2.735958993434906006e-01
-2.780438363552093506e-01
-2.207701355218887329e-01
-1.990164220333099365e-01
-1.873986124992370605e-01
-2.110723853111267090e-01
-3.274262547492980957e-01
-3.382002413272857666e-01
-3.424566686153411865e-01
-3.323407769203186035e-01
-2.482391595840454102e-01
-2.515518665313720703e-01
-2.660658359527587891e-01
-2.580739259719848633e-01
-1.766556501388549805e-01
-1.674270331859588623e-01
-1.835248172283172607e-01
-1.843272447586059570e-01
-3.393993377685546875e-01
-3.390389084815979004e-01
-3.380063474178314209e-01
-3.364925384521484375e-01
-2.706281244754791260e-01
-2.773770689964294434e-01
-2.804310321807861328e-01
-2.708316445350646973e-01
-2.038203477859497070e-01
-2.283552736043930054e-01
-2.301461100578308105e-01
-2.073943912982940674e-01
-3.251979947090148926e-01
-3.166251778602600098e-01
-3.117117881774902344e-01
-3.158284723758697510e-01
-2.779238224029541016e-01
-2.729785740375518799e-01
-2.779757380485534668e-01
-2.823027670383453369e-01
-2.373811304569244385e-01
-2.426223754882812500e-01
-2.611720561981201172e-01
-2.468961775302886963e-01
-3.072883486747741699e-01
-3.043575286865234375e-01
-3.095378279685974121e-01
-3.073945343494415283e-01
-2.812104523181915283e-01
-2.807986736297607422e-01
-2.849693000316619873e-01
-2.825431227684020996e-01
-2.651585638523101807e-01
-2.612775862216949463e-01
-2.632969915866851807e-01
-2.568601369857788086e-01
-3.180320262908935547e-01
-3.122461438179016113e-01
-3.195199072360992432e-01
-3.217718005180358887e-01
-2.818504571914672852e-01
-2.803870439529418945e-01
-2.703327238559722900e-01
-2.663636803627014160e-01
-2.649132013320922852e-01
-2.586074173450469971e-01
-2.278483808040618896e-01
-2.331214547157287598e-01
-3.315554261207580566e-01
-3.380494117736816406e-01
-3.396135568618774414e-01
-3.350153863430023193e-01
-2.786817550659179688e-01
-2.713944315910339355e-01
-2.639967203140258789e-01
-2.789975404739379883e-01
-2.327063083648681641e-01
-2.146644145250320435e-01
-2.122423797845840454e-01
-2.351350486278533936e-01
-3.489415943622589111e-01
-3.526739776134490967e-01
-3.448288738727569580e-01
-3.466789722442626953e-01
-2.772212624549865723e-01
-2.750819325447082520e-01
-2.631504535675048828e-01
-2.638373970985412598e-01
-2.101289480924606323e-01
-2.110707014799118042e-01
-2.043188214302062988e-01
-1.961042881011962891e-01
