-5.206677317619323730e-02
-5.708986520767211914e-02
-4.245236515998840332e-02
-4.568490386009216309e-02
-1.620886623859405518e-01
-1.574164032936096191e-01
-1.346244812011718750e-01
-1.406732499599456787e-01
-2.378514409065246582e-01
-2.454684972763061523e-01
-2.299812883138656616e-01
-2.104126811027526855e-01
-6.282202899456024170e-02
-7.674929499626159668e-02
-7.775013148784637451e-02
-6.229996681213378906e-02
-1.267375946044921875e-01
-1.271643042564392090e-01
-1.232230216264724731e-01
-1.222048401832580566e-01
-2.164935767650604248e-01
-1.909999251365661621e-01
-1.660073399543762207e-01
-1.857696324586868286e-01
-8.139124512672424316e-02
-8.053153753280639648e-02
-7.548610866069793701e-02
-7.975465059280395508e-02
-1.212804019451141357e-01
-1.156715750694274902e-01
-1.071235537528991699e-01
-1.085011959075927734e-01
-1.653752326965332031e-01
-1.525639593601226807e-01
-1.238695979118347168e-01
-1.276476979255676270e-01
-6.493909657001495361e-02
-6.057530641555786133e-02
-6.925326585769653320e-02
-7.205271720886230469e-02
-9.604009985923767090e-02
-9.798690676689147949e-02
-1.004994958639144897e-01
-1.015394479036331177e-01
-1.272009611129760742e-01
-1.376408338546752930e-01
-1.213645637035369873e-01
-1.149858683347702026e-01
-7.135620713233947754e-02
-6.161965429782867432e-02
-6.424477696418762207e-02
-6.680437922477722168e-02
-1.065458655357360840e-01
-1.010760068893432617e-01
-1.000621616840362549e-01
-9.856450557708740234e-02
-1.111228466033935547e-01
-1.322908997535705566e-01
-1.407145261764526367e-01
-1.184039413928985596e-01
-5.820554494857788086e-02
-5.314829945564270020e-02
-5.736130475997924805e-02
-4.983040690422058105e-02
-1.006211936473846436e-01
-9.912270307540893555e-02
-1.072629988193511963e-01
-1.078328192234039307e-01
-1.502130627632141113e-01
-1.425790488719940186e-01
-1.534225493669509888e-01
-1.561079025268554688e-01
-4.505571722984313965e-02
-5.344402790069580078e-02
-4.059079289436340332e-02
-3.039741516113281250e-02
-1.258887201547622681e-01
-1.138771772384643555e-01
-1.154719591140747070e-01
-1.234815120697021484e-01
-1.814128458499908447e-01
-1.593194901943206787e-01
-2.024994492530822754e-01
-2.290503978729248047e-01
-5.050364136695861816e-02
-4.397560656070709229e-02
-3.726549446582794189e-02
-4.400289058685302734e-02
-1.381340175867080688e-01
-1.382378637790679932e-01
-1.162378191947937012e-01
-1.194745600223541260e-01
-2.057017534971237183e-01
-2.011562138795852661e-01
-1.965301930904388428e-01
-2.005610466003417969e-01
-4.361328482627868652e-02
-4.710303246974945068e-02
-5.494511127471923828e-02
-5.290552973747253418e-02
-1.016271710395812988e-01
-1.015221178531646729e-01
-1.258013248443603516e-01
-1.219376921653747559e-01
-1.732739806175231934e-01
-1.557888984680175781e-01
-1.659234464168548584e-01
-1.746414005756378174e-01
-7.780867815017700195e-02
-7.867169380187988281e-02
-8.056028187274932861e-02
-7.228714227676391602e-02
-1.238223016262054443e-01
-1.125259399414062500e-01
-1.003378629684448242e-01
-1.064325571060180664e-01
-1.603029817342758179e-01
-1.363053172826766968e-01
-1.070811450481414795e-01
-1.365450620651245117e-01
-8.931930363178253174e-02
-8.438429236412048340e-02
-9.269747138023376465e-02
-9.182038903236389160e-02
-1.102099120616912842e-01
-9.685742855072021484e-02
-9.443674981594085693e-02
-1.009373813867568970e-01
-1.180767118930816650e-01
-1.136708706617355347e-01
-9.943869709968566895e-02
-1.143998354673385620e-01
-9.193314611911773682e-02
-8.385446667671203613e-02
-8.193778991699218750e-02
-8.885982632637023926e-02
-9.564343094825744629e-02
-1.057838201522827148e-01
-1.175405383110046387e-01
-1.077336966991424561e-01
-1.122131943702697754e-01
-1.261126250028610229e-01
-1.332253664731979370e-01
-1.188098341226577759e-01
-6.863048672676086426e-02
-5.390173196792602539e-02
-4.936191439628601074e-02
-6.421270966529846191e-02
-1.139128059148788452e-01
-1.099987328052520752e-01
-1.119460463523864746e-01
-1.153374314308166504e-01
-1.427368968725204468e-01
-1.555286049842834473e-01
-1.774043142795562744e-01
-1.529781222343444824e-01
-2.673533558845520020e-02
-1.990003883838653564e-02
-1.936677098274230957e-02
-3.328275680541992188e-02
-9.397810697555541992e-02
-1.199306398630142212e-01
-1.267797052860260010e-01
-1.188390552997589111e-01
-1.829369366168975830e-01
-2.096906751394271851e-01
-2.314589023590087891e-01
-2.062625139951705933e-01
-4.979585111141204834e-02
-5.301901698112487793e-02
-4.656088352203369141e-02
-4.831905663013458252e-02
-1.030373424291610718e-01
-1.136733889579772949e-01
-1.044947206974029541e-01
-1.186821013689041138e-01
-1.855185329914093018e-01
-1.752919107675552368e-01
-1.680344939231872559e-01
-1.859740167856216431e-01
-5.627734959125518799e-02
-6.078130006790161133e-02
-6.841222941875457764e-02
-6.663239002227783203e-02
-1.015178561210632324e-01
-1.217840909957885742e-01
-1.326285600662231445e-01
-1.162388473749160767e-01
-1.475881338119506836e-01
-1.534340679645538330e-01
-1.727256774902343750e-01
-1.575497090816497803e-01
-8.676587045192718506e-02
-8.939686417579650879e-02
-8.981595933437347412e-02
-8.903692662715911865e-02
-1.158458590507507324e-01
-1.202854812145233154e-01
-1.169044971466064453e-01
-1.110710352659225464e-01
-1.492081135511398315e-01
-1.370603144168853760e-01
-1.235906779766082764e-01
-1.366306841373443604e-01
-8.861984312534332275e-02
-8.826619386672973633e-02
-8.373813331127166748e-02
-8.430275321006774902e-02
-1.131573766469955444e-01
-1.087659597396850586e-01
-1.162957251071929932e-01
-1.193250417709350586e-01
-1.246912181377410889e-01
-1.140876114368438721e-01
-1.215953528881072998e-01
-1.415693163871765137e-01
-8.448337018489837646e-02
-8.662992715835571289e-02
-8.103802800178527832e-02
-7.904879748821258545e-02
-1.131736934185028076e-01
-1.097447276115417480e-01
-1.044345796108245850e-01
-9.936478734016418457e-02
-1.224562674760818481e-01
-1.218925416469573975e-01
-1.293150186538696289e-01
-1.284958720207214355e-01
-7.022032141685485840e-02
-6.585469841957092285e-02
-5.421669781208038330e-02
-6.288748979568481445e-02
-1.244502961635589600e-01
-1.109260320663452148e-01
-1.030578911304473877e-01
-1.019118875265121460e-01
-1.675627380609512329e-01
-1.485177427530288696e-01
-1.442479193210601807e-01
-1.475744545459747314e-01
-4.336054623126983643e-02
-4.725870490074157715e-02
-5.048316717147827148e-02
-5.011434853076934814e-02
-1.045357584953308105e-01
-1.226894557476043701e-01
-1.248347163200378418e-01
-1.129171252250671387e-01
-1.829873323440551758e-01
-2.064396142959594727e-01
-2.044585943222045898e-01
-1.822113692760467529e-01
-3.209537267684936523e-02
-2.763161063194274902e-02
-2.540132403373718262e-02
-2.665671706199645996e-02
-1.261667907238006592e-01
-1.287405192852020264e-01
-1.030316352844238281e-01
-1.062313914299011230e-01
-2.059196382761001587e-01
-1.952041089534759521e-01
-1.706749200820922852e-01
-1.785567104816436768e-01
-4.902791976928710938e-02
-6.413905322551727295e-02
-7.550299167633056641e-02
-6.040823459625244141e-02
-1.191477477550506592e-01
-1.278530359268188477e-01
-1.287188529968261719e-01
-1.165150701999664307e-01
-1.827096045017242432e-01
-1.639334261417388916e-01
-1.626890003681182861e-01
-1.731966435909271240e-01
-8.733783662319183350e-02
-8.963537216186523438e-02
-8.644101023674011230e-02
-8.623242378234863281e-02
-1.096384972333908081e-01
-1.146700680255889893e-01
-1.171322762966156006e-01
-1.149379014968872070e-01
-1.477897614240646362e-01
-1.493878662586212158e-01
-1.359797418117523193e-01
-1.403560936450958252e-01
-7.825058698654174805e-02
-7.526530325412750244e-02
-7.603760063648223877e-02
-7.874953746795654297e-02
-1.121380627155303955e-01
-1.074609011411666870e-01
-1.014212220907211304e-01
-1.052752733230590820e-01
-1.249123662710189819e-01
-1.271165013313293457e-01
-1.212982237339019775e-01
-1.242935210466384888e-01
-8.383163809776306152e-02
-8.080773055553436279e-02
-8.249729871749877930e-02
-8.468990027904510498e-02
-1.052821576595306396e-01
-1.019638627767562866e-01
-1.024997532367706299e-01
-9.926208853721618652e-02
-1.249860823154449463e-01
-1.261590123176574707e-01
-1.198968291282653809e-01
-1.103712916374206543e-01
-7.251036167144775391e-02
-6.155468523502349854e-02
-5.307480692863464355e-02
-6.018105149269104004e-02
-1.214214265346527100e-01
-1.119318902492523193e-01
-1.021737754344940186e-01
-9.781785309314727783e-02
-1.542638242244720459e-01
-1.597805619239807129e-01
-1.628471910953521729e-01
-1.453221440315246582e-01
-4.162940382957458496e-02
-4.701007902622222900e-02
-4.326626658439636230e-02
-3.867593407630920410e-02
-1.092835515737533569e-01
-1.228920370340347290e-01
-1.241970956325531006e-01
-1.139627099037170410e-01
-1.706340909004211426e-01
-1.930876970291137695e-01
-2.253556847572326660e-01
-2.026890516281127930e-01
-4.641327261924743652e-02
-4.047590494155883789e-02
-3.178459405899047852e-02
-4.599317908287048340e-02
-1.131254881620407104e-01
-1.274889111518859863e-01
-1.130212545394897461e-01
-1.067206710577011108e-01
-1.589413583278656006e-01
-2.027983963489532471e-01
-1.886328905820846558e-01
-1.531247794628143311e-01
-4.016816616058349609e-02
-5.251875519752502441e-02
-5.840471386909484863e-02
-4.735484719276428223e-02
-1.019948720932006836e-01
-1.149449646472930908e-01
-1.295536607503890991e-01
-1.161570996046066284e-01
-1.625489294528961182e-01
-1.581374406814575195e-01
-1.686975061893463135e-01
-1.729215979576110840e-01
-8.005565404891967773e-02
-8.296301960945129395e-02
-8.640271425247192383e-02
-7.844614982604980469e-02
-1.226077973842620850e-01
-1.155590713024139404e-01
-1.108664572238922119e-01
-1.161234080791473389e-01
-1.502532511949539185e-01
-1.283349543809890747e-01
-1.246816813945770264e-01
-1.419891715049743652e-01
-8.388340473175048828e-02
-8.454672992229461670e-02
-8.751088380813598633e-02
-8.403326570987701416e-02
-1.032584309577941895e-01
-1.090666055679321289e-01
-1.167764514684677124e-01
-1.082676053047180176e-01
-1.273699700832366943e-01
-1.294158101081848145e-01
-1.227438151836395264e-01
-1.181993484497070312e-01
-8.374312520027160645e-02
-8.564439415931701660e-02
-8.622384071350097656e-02
-8.195424079895019531e-02
-1.069774925708770752e-01
-9.865570068359375000e-02
-1.060004830360412598e-01
-1.140018999576568604e-01
-1.085792481899261475e-01
-1.104974746704101562e-01
-1.226668357849121094e-01
-1.172314286231994629e-01
-6.700038909912109375e-02
-5.421310663223266602e-02
-4.616220295429229736e-02
-6.388512253761291504e-02
-1.116003990173339844e-01
-1.044224202632904053e-01
-9.943577647209167480e-02
-1.029511243104934692e-01
-1.456769257783889771e-01
-1.475504934787750244e-01
-1.504312753677368164e-01
-1.394977569580078125e-01
-3.335922956466674805e-02
-4.230436682701110840e-02
-5.203241109848022461e-02
-4.583591222763061523e-02
-9.734052419662475586e-02
-1.144933998584747314e-01
-1.296333372592926025e-01
-1.269416809082031250e-01
-1.719357967376708984e-01
-1.808517277240753174e-01
-2.029365599155426025e-01
-2.036590278148651123e-01
-5.780047178268432617e-02
-5.373302102088928223e-02
-4.468107223510742188e-02
-5.035534501075744629e-02
-1.266645789146423340e-01
-1.193010509014129639e-01
-1.057759523391723633e-01
-1.137609183788299561e-01
-1.860407590866088867e-01
-1.736179590225219727e-01
-1.617304235696792603e-01
-1.596959829330444336e-01
-4.196406900882720947e-02
-5.189305543899536133e-02
-6.045264005661010742e-02
-5.189196765422821045e-02
-9.928846359252929688e-02
-1.120136976242065430e-01
-1.209129989147186279e-01
-1.054954528808593750e-01
-1.638764739036560059e-01
-1.643810272216796875e-01
-1.545850634574890137e-01
-1.549621075391769409e-01
-7.153218984603881836e-02
-7.501381635665893555e-02
-8.056166768074035645e-02
-7.771064341068267822e-02
-1.098832190036773682e-01
-9.906816482543945312e-02
-1.040253341197967529e-01
-1.104547381401062012e-01
-1.434945911169052124e-01
-1.281324326992034912e-01
-1.243016123771667480e-01
-1.376869380474090576e-01
-9.100431203842163086e-02
-8.591917157173156738e-02
-8.891379833221435547e-02
-9.245547652244567871e-02
-1.125928014516830444e-01
-1.056829690933227539e-01
-1.095933914184570312e-01
-1.093067228794097900e-01
-1.288266927003860474e-01
-1.153986454010009766e-01
-1.161588728427886963e-01
-1.288700997829437256e-01
-8.676236867904663086e-02
-8.485764265060424805e-02
-8.621676266193389893e-02
-8.642759919166564941e-02
-1.074597984552383423e-01
-1.097696125507354736e-01
-1.141487956047058105e-01
-1.093539893627166748e-01
-1.173202097415924072e-01
-1.200791597366333008e-01
-1.253143846988677979e-01
-1.248483359813690186e-01
-6.560206413269042969e-02
-5.998133122920989990e-02
-4.658749699592590332e-02
-5.320236086845397949e-02
-1.157177090644836426e-01
-1.055041849613189697e-01
-1.053825616836547852e-01
-1.105174422264099121e-01
-1.454007476568222046e-01
-1.478667557239532471e-01
-1.600808799266815186e-01
-1.515488773584365845e-01
-3.457762300968170166e-02
-4.076123237609863281e-02
-3.418599069118499756e-02
-2.928912639617919922e-02
-9.927147626876831055e-02
-1.293750107288360596e-01
-1.323742270469665527e-01
-1.083605289459228516e-01
-1.804931759834289551e-01
-2.209530770778656006e-01
-2.191571742296218872e-01
-1.786650717258453369e-01
-7.303179800510406494e-02
-5.769532918930053711e-02
-5.207496881484985352e-02
-6.611794233322143555e-02
-1.572123169898986816e-01
-1.318959593772888184e-01
-1.270157098770141602e-01
-1.486598700284957886e-01
-2.152055501937866211e-01
-1.902983188629150391e-01
-1.783866584300994873e-01
-1.947657763957977295e-01
-6.039991974830627441e-02
-6.483545899391174316e-02
-6.469209492206573486e-02
-6.042867898941040039e-02
-1.241792142391204834e-01
-1.141647994518280029e-01
-1.031337976455688477e-01
-1.092988550662994385e-01
-1.859435737133026123e-01
-1.620903015136718750e-01
-1.321789324283599854e-01
-1.590825021266937256e-01
-7.022187113761901855e-02
-7.516852021217346191e-02
-7.313036918640136719e-02
-7.210570573806762695e-02
-1.038111001253128052e-01
-1.062727570533752441e-01
-1.074678748846054077e-01
-1.042649298906326294e-01
-1.359917521476745605e-01
-1.264386326074600220e-01
-1.269734054803848267e-01
-1.357477009296417236e-01
-7.618755102157592773e-02
-8.341637253761291504e-02
-8.301761746406555176e-02
-8.025400340557098389e-02
-9.922409057617187500e-02
-1.050893515348434448e-01
-1.069149672985076904e-01
-1.078823208808898926e-01
-1.163353621959686279e-01
-1.114305406808853149e-01
-1.136150062084197998e-01
-1.243755370378494263e-01
-8.693292737007141113e-02
-8.390326797962188721e-02
-8.273154497146606445e-02
-8.162981271743774414e-02
-1.098887920379638672e-01
-1.046887636184692383e-01
-1.056788563728332520e-01
-1.079193651676177979e-01
-1.169489324092864990e-01
-1.122331321239471436e-01
-1.253346800804138184e-01
-1.288231164216995239e-01
-6.610953807830810547e-02
-6.320779025554656982e-02
-5.983741581439971924e-02
-6.455302238464355469e-02
-1.163175702095031738e-01
-1.111812740564346313e-01
-1.054618209600448608e-01
-1.134390532970428467e-01
-1.374535709619522095e-01
-1.462647020816802979e-01
-1.390797197818756104e-01
-1.318278610706329346e-01
-5.327320098876953125e-02
-5.838620662689208984e-02
-6.708759069442749023e-02
-6.165856122970581055e-02
-9.834170341491699219e-02
-1.367449611425399780e-01
-1.324615180492401123e-01
-9.511440992355346680e-02
-1.549665033817291260e-01
-2.159478813409805298e-01
-1.682632565498352051e-01
-1.150789707899093628e-01
