1.783952116966247559e-01
1.595924496650695801e-01
2.112305760383605957e-01
2.049770355224609375e-01
-3.795760869979858398e-02
1.395875215530395508e-02
3.615689277648925781e-02
-5.279433727264404297e-02
-2.921353876590728760e-01
-1.380009055137634277e-01
-1.809553802013397217e-01
-3.808352053165435791e-01
1.971760392189025879e-01
1.497001051902770996e-01
1.713263988494873047e-01
2.031791210174560547e-01
6.289732456207275391e-02
2.315628528594970703e-02
2.179235219955444336e-02
5.327928066253662109e-02
-1.460532546043395996e-01
-7.789224386215209961e-02
-9.700751304626464844e-02
-1.364855766296386719e-01
1.077556610107421875e-01
1.051949858665466309e-01
1.006845235824584961e-01
1.084924340248107910e-01
3.547549247741699219e-03
4.254221916198730469e-03
3.171914815902709961e-02
2.211326360702514648e-02
-1.058028340339660645e-01
-5.126303434371948242e-02
5.001842975616455078e-03
-3.161567449569702148e-02
9.377032518386840820e-02
1.099277138710021973e-01
9.313338994979858398e-02
8.737838268280029297e-02
3.982573747634887695e-02
5.607694387435913086e-02
5.383223295211791992e-02
3.126126527786254883e-02
6.172060966491699219e-03
-2.076804637908935547e-03
2.173393964767456055e-02
1.147550344467163086e-02
1.171808242797851562e-01
1.345199346542358398e-01
1.340231299400329590e-01
1.263234019279479980e-01
7.329404354095458984e-02
6.451016664505004883e-02
6.658107042312622070e-02
9.476709365844726562e-02
2.670514583587646484e-02
7.774591445922851562e-03
3.078579902648925781e-04
3.166252374649047852e-02
1.715798377990722656e-01
1.477730274200439453e-01
1.576886773109436035e-01
1.896954178810119629e-01
1.770782470703125000e-02
1.418805122375488281e-02
9.485721588134765625e-03
9.891510009765625000e-03
-1.036407351493835449e-01
-8.877378702163696289e-02
-1.092858910560607910e-01
-1.321161985397338867e-01
1.201549172401428223e-01
5.466675758361816406e-02
7.652306556701660156e-02
1.491876244544982910e-01
-5.579406023025512695e-02
-1.700413525104522705e-01
-2.270241975784301758e-01
-1.483935415744781494e-01
-2.182089686393737793e-01
-3.310146629810333252e-01
-4.984222650527954102e-01
-4.515435099601745605e-01
2.796255350112915039e-01
2.963591814041137695e-01
3.091194629669189453e-01
2.936522364616394043e-01
-4.437291622161865234e-02
-1.293802261352539062e-02
6.807804107666015625e-03
-5.976849794387817383e-02
-4.138325750827789307e-01
-2.869638204574584961e-01
-2.489186823368072510e-01
-4.233917593955993652e-01
2.370395064353942871e-01
2.478204369544982910e-01
2.226507663726806641e-01
2.315217256546020508e-01
3.933399915695190430e-02
4.655563831329345703e-02
3.786283731460571289e-02
5.507779121398925781e-02
-1.598009467124938965e-01
-1.262397766113281250e-01
-9.592264890670776367e-02
-1.165891885757446289e-01
1.213692426681518555e-01
1.123086214065551758e-01
9.000235795974731445e-02
1.181005239486694336e-01
-2.246022224426269531e-02
-7.451355457305908203e-03
2.444446086883544922e-02
2.175974845886230469e-02
-1.202869415283203125e-01
-6.313681602478027344e-02
1.964527368545532227e-02
-3.702729940414428711e-02
4.855829477310180664e-02
5.426293611526489258e-02
4.128116369247436523e-02
4.260545969009399414e-02
-2.582788467407226562e-03
-1.733183860778808594e-02
1.300394535064697266e-02
2.652364969253540039e-02
-2.619177103042602539e-02
-3.756827116012573242e-02
4.529267549514770508e-02
3.052669763565063477e-02
5.315846204757690430e-02
7.825475931167602539e-02
9.109640121459960938e-02
7.388985157012939453e-02
2.107882499694824219e-02
8.257865905761718750e-03
2.431559562683105469e-02
3.143078088760375977e-02
3.851640224456787109e-02
-5.762690305709838867e-02
-6.105029582977294922e-02
2.040851116180419922e-02
2.101680040359497070e-01
2.541655302047729492e-01
3.034733533859252930e-01
2.602671384811401367e-01
3.548872470855712891e-02
3.282159566879272461e-02
4.852235317230224609e-02
5.006110668182373047e-02
-7.511174678802490234e-02
-1.803582310676574707e-01
-2.478962838649749756e-01
-1.263893842697143555e-01
3.281983733177185059e-01
2.852000594139099121e-01
2.863322496414184570e-01
3.231923580169677734e-01
5.306804180145263672e-02
-8.476454019546508789e-02
-1.232950091361999512e-01
-1.346415281295776367e-02
-2.699787020683288574e-01
-4.547423124313354492e-01
-5.304039716720581055e-01
-3.690812289714813232e-01
1.946344971656799316e-01
2.119185328483581543e-01
2.237640619277954102e-01
1.789665818214416504e-01
-8.064484596252441406e-02
-1.490128040313720703e-02
1.032408475875854492e-01
2.551674842834472656e-03
-4.282037019729614258e-01
-2.715742588043212891e-01
-1.204651594161987305e-01
-2.980968356132507324e-01
2.009138464927673340e-01
1.752721071243286133e-01
1.484390497207641602e-01
1.638684272766113281e-01
1.339148283004760742e-01
9.280097484588623047e-02
-1.135110855102539062e-02
4.307627677917480469e-04
-6.783509254455566406e-02
-3.249937295913696289e-02
-1.133979558944702148e-01
-1.384335160255432129e-01
1.065382361412048340e-01
8.350235223770141602e-02
6.193357706069946289e-02
9.369730949401855469e-02
4.002183675765991211e-02
4.889011383056640625e-03
2.054810523986816406e-03
3.523576259613037109e-02
5.335807800292968750e-03
-3.137832880020141602e-02
-2.858883142471313477e-02
-3.858864307403564453e-03
5.689036846160888672e-02
4.347819089889526367e-02
5.310744047164916992e-02
6.236350536346435547e-02
5.363529920578002930e-02
2.987003326416015625e-02
2.103745937347412109e-02
4.882055521011352539e-02
5.301141738891601562e-02
2.395796775817871094e-02
6.860494613647460938e-05
1.021403074264526367e-02
7.975697517395019531e-02
9.870022535324096680e-02
1.200203895568847656e-01
1.170014142990112305e-01
4.344576597213745117e-02
4.273188114166259766e-02
6.820684671401977539e-02
5.076724290847778320e-02
1.832330226898193359e-02
-6.621897220611572266e-03
-2.539306879043579102e-02
-2.519810199737548828e-02
2.160966992378234863e-01
2.670402526855468750e-01
3.367044329643249512e-01
2.670058608055114746e-01
-1.275837421417236328e-03
7.707291841506958008e-02
1.519036889076232910e-01
9.135740995407104492e-02
-1.271507143974304199e-01
-1.033825874328613281e-01
-1.089672446250915527e-01
-6.940907239913940430e-02
3.504940271377563477e-01
3.112019300460815430e-01
2.874388694763183594e-01
3.170388340950012207e-01
1.545152068138122559e-01
4.417163133621215820e-02
4.091930389404296875e-02
9.785747528076171875e-02
-1.708253920078277588e-01
-2.468115091323852539e-01
-3.024218380451202393e-01
-2.457271516323089600e-01
1.676671504974365234e-01
1.826971173286437988e-01
2.383867502212524414e-01
1.912380456924438477e-01
-1.061992049217224121e-01
-8.811557292938232422e-02
-2.726012468338012695e-02
-8.805751800537109375e-02
-4.443064332008361816e-01
-3.150899708271026611e-01
-2.766736149787902832e-01
-4.194668233394622803e-01
2.597544193267822266e-01
1.947254538536071777e-01
2.031869292259216309e-01
2.559939622879028320e-01
5.297702550888061523e-02
1.883685588836669922e-03
-2.100479602813720703e-02
1.359766721725463867e-02
-1.260832548141479492e-01
-9.261852502822875977e-02
-1.907661557197570801e-01
-2.227935791015625000e-01
1.068006753921508789e-01
8.741247653961181641e-02
8.488887548446655273e-02
1.124099493026733398e-01
-6.918907165527343750e-03
-2.325171232223510742e-02
2.771389484405517578e-02
5.471026897430419922e-02
-8.183819055557250977e-02
-8.160996437072753906e-02
-1.325827836990356445e-02
-1.551926136016845703e-02
6.245201826095581055e-02
6.705832481384277344e-02
8.798688650131225586e-02
7.496923208236694336e-02
1.326978206634521484e-02
3.455471992492675781e-02
2.921015024185180664e-02
1.202118396759033203e-02
-2.319037914276123047e-03
-6.036579608917236328e-03
-9.602725505828857422e-03
-2.256000041961669922e-02
8.852851390838623047e-02
1.025749444961547852e-01
9.996443986892700195e-02
9.231567382812500000e-02
3.757178783416748047e-02
4.066854715347290039e-02
2.156990766525268555e-02
3.725802898406982422e-02
-4.279553890228271484e-03
6.100773811340332031e-03
-1.604187488555908203e-02
-1.437509059906005859e-02
2.200528979301452637e-01
2.628867626190185547e-01
3.063740730285644531e-01
2.472510337829589844e-01
4.726290702819824219e-03
3.905862569808959961e-02
7.368373870849609375e-02
6.652402877807617188e-02
-1.246227025985717773e-01
-1.221674680709838867e-01
-1.223961710929870605e-01
-8.633232116699218750e-02
3.639652729034423828e-01
3.129515051841735840e-01
2.959358692169189453e-01
3.544878959655761719e-01
9.854018688201904297e-02
8.408725261688232422e-03
-8.617639541625976562e-04
3.560698032379150391e-02
-1.791772246360778809e-01
-2.350678741931915283e-01
-3.236750364303588867e-01
-2.928464412689208984e-01
2.512324452400207520e-01
2.506657242774963379e-01
3.233677148818969727e-01
2.828856110572814941e-01
-1.511011719703674316e-01
-5.232495069503784180e-02
1.940721273422241211e-02
-1.264899969100952148e-01
-5.166229605674743652e-01
-3.696922063827514648e-01
-2.953369617462158203e-01
-4.883257448673248291e-01
2.840155959129333496e-01
2.625335454940795898e-01
2.037345767021179199e-01
2.391896843910217285e-01
9.012395143508911133e-02
3.425896167755126953e-02
2.248930931091308594e-02
8.673554658889770508e-02
-1.745014190673828125e-01
-2.173964381217956543e-01
-1.446774005889892578e-01
-1.260301470756530762e-01
8.240151405334472656e-02
8.431243896484375000e-02
6.435501575469970703e-02
7.562649250030517578e-02
1.556509733200073242e-02
2.560210227966308594e-02
3.165394067764282227e-02
2.661412954330444336e-02
-7.237511873245239258e-02
-3.150981664657592773e-02
1.443320512771606445e-02
-2.023315429687500000e-02
7.370865345001220703e-02
6.520414352416992188e-02
6.224626302719116211e-02
6.458884477615356445e-02
3.082454204559326172e-03
-1.154804229736328125e-02
-1.410698890686035156e-02
-3.479832410812377930e-02
-3.506624698638916016e-02
-4.211676120758056641e-02
-5.550450086593627930e-02
-7.848054170608520508e-02
6.596148014068603516e-02
9.294611215591430664e-02
8.672195672988891602e-02
7.726424932479858398e-02
1.975798606872558594e-02
2.621173858642578125e-02
2.849775552749633789e-02
2.668637037277221680e-02
2.222836017608642578e-03
-2.068948745727539062e-02
-1.442527770996093750e-02
-1.660209894180297852e-02
1.794824004173278809e-01
2.330642938613891602e-01
2.844306230545043945e-01
2.051669359207153320e-01
1.510423421859741211e-02
4.234325885772705078e-02
1.274175047874450684e-01
1.042659282684326172e-01
-9.104883670806884766e-02
-1.354834437370300293e-01
-5.643731355667114258e-02
-1.071953773498535156e-02
3.494959473609924316e-01
3.224626779556274414e-01
2.925855517387390137e-01
3.029883503913879395e-01
1.487526893615722656e-01
1.074564456939697266e-02
4.212141036987304688e-03
8.723801374435424805e-02
-1.491380929946899414e-01
-2.950327992439270020e-01
-3.219578862190246582e-01
-1.972358822822570801e-01
2.904764413833618164e-01
2.939472794532775879e-01
3.366464376449584961e-01
3.037625551223754883e-01
-6.092250347137451172e-02
-9.787356853485107422e-02
4.932224750518798828e-02
-8.917450904846191406e-04
-4.287974834442138672e-01
-4.706600904464721680e-01
-2.449043393135070801e-01
-2.489528954029083252e-01
2.332291007041931152e-01
1.811956167221069336e-01
1.544277667999267578e-01
2.185356616973876953e-01
9.420931339263916016e-02
4.223674535751342773e-02
2.750045061111450195e-02
9.541946649551391602e-02
-1.057912707328796387e-01
-1.197839975357055664e-01
-5.708110332489013672e-02
-7.059633731842041016e-02
8.666318655014038086e-02
8.966737985610961914e-02
9.672248363494873047e-02
1.008931398391723633e-01
2.036106586456298828e-02
4.033291339874267578e-02
2.583432197570800781e-02
1.735860109329223633e-02
-1.419448852539062500e-02
-6.437242031097412109e-03
-3.578996658325195312e-02
-4.621392488479614258e-02
9.429484605789184570e-02
8.256012201309204102e-02
7.464063167572021484e-02
8.299845457077026367e-02
1.197731494903564453e-02
-2.441084384918212891e-02
1.302367448806762695e-02
3.242093324661254883e-02
-4.759919643402099609e-02
-4.901081323623657227e-02
-2.328246831893920898e-02
-3.004992008209228516e-02
5.440050363540649414e-02
6.604164838790893555e-02
3.677713871002197266e-02
4.186856746673583984e-02
1.118379831314086914e-02
3.443717956542968750e-02
3.992927074432373047e-02
2.893263101577758789e-02
-2.295219898223876953e-02
1.044398546218872070e-02
4.092139005661010742e-02
2.206891775131225586e-02
1.122355461120605469e-01
1.597122550010681152e-01
2.244668602943420410e-01
1.877917051315307617e-01
1.349341869354248047e-02
6.072336435317993164e-02
1.130021214485168457e-01
7.218563556671142578e-02
-4.463362693786621094e-02
-3.400957584381103516e-02
-4.153788089752197266e-02
-3.897732496261596680e-02
2.977505922317504883e-01
2.769774198532104492e-01
2.679529786109924316e-01
2.704715728759765625e-01
1.356474161148071289e-01
7.420253753662109375e-02
1.519107818603515625e-02
1.691567897796630859e-02
-1.144617795944213867e-01
-1.901079714298248291e-01
-2.782146334648132324e-01
-1.902106404304504395e-01
2.303230166435241699e-01
2.350690960884094238e-01
2.427729964256286621e-01
2.176572084426879883e-01
-4.027277231216430664e-02
-6.789839267730712891e-02
7.450568675994873047e-02
7.219821214675903320e-02
-2.819238901138305664e-01
-3.441503047943115234e-01
-1.095551252365112305e-01
-3.927987813949584961e-02
2.127270698547363281e-01
2.047674059867858887e-01
1.784676313400268555e-01
1.801211833953857422e-01
1.087396740913391113e-01
1.067134737968444824e-01
4.459917545318603516e-02
4.336088895797729492e-02
-6.068825721740722656e-02
-4.592639207839965820e-02
-3.426444530487060547e-02
-4.802316427230834961e-02
1.089182496070861816e-01
1.010542511940002441e-01
1.048066616058349609e-01
1.141881346702575684e-01
8.119344711303710938e-03
3.022605180740356445e-02
5.047762393951416016e-02
1.734340190887451172e-02
-5.965483188629150391e-02
-2.104520797729492188e-03
1.950556039810180664e-02
-4.837834835052490234e-02
7.796472311019897461e-02
7.305914163589477539e-02
6.365084648132324219e-02
6.519091129302978516e-02
3.784203529357910156e-02
1.897478103637695312e-02
3.431558609008789062e-02
3.345459699630737305e-02
-7.324039936065673828e-03
-2.840936183929443359e-02
2.706229686737060547e-03
8.545517921447753906e-04
5.175948143005371094e-02
4.171240329742431641e-02
4.897338151931762695e-02
6.214517354965209961e-02
4.019081592559814453e-02
4.854893684387207031e-02
6.533443927764892578e-03
-3.167867660522460938e-03
3.387790918350219727e-02
4.688465595245361328e-02
-6.169450283050537109e-02
-7.808083295822143555e-02
1.300092935562133789e-01
1.736183166503906250e-01
2.064010500907897949e-01
1.800269484519958496e-01
5.684494972229003906e-03
3.326016664505004883e-02
-8.011519908905029297e-03
-2.492487430572509766e-03
-9.353077411651611328e-02
-1.175373196601867676e-01
-1.890753805637359619e-01
-1.463980972766876221e-01
2.554897069931030273e-01
2.419320344924926758e-01
2.107739448547363281e-01
2.366808652877807617e-01
2.396297454833984375e-02
-1.873451471328735352e-02
-6.818455457687377930e-02
-3.476238250732421875e-02
-2.449783980846405029e-01
-2.925738096237182617e-01
-2.942351698875427246e-01
-2.610048949718475342e-01
