-7.242108881473541260e-02
-7.474697381258010864e-02
-7.572461664676666260e-02
-7.275616377592086792e-02
-9.667494148015975952e-02
-9.953157603740692139e-02
-9.928548336029052734e-02
-9.685519337654113770e-02
-1.100261136889457703e-01
-1.104379370808601379e-01
-1.153610944747924805e-01
-1.150117963552474976e-01
-7.895112037658691406e-02
-8.076835423707962036e-02
-7.979174703359603882e-02
-7.765823602676391602e-02
-1.017129793763160706e-01
-1.019821912050247192e-01
-1.007580608129501343e-01
-1.010328829288482666e-01
-1.184746921062469482e-01
-1.136107295751571655e-01
-1.171849444508552551e-01
-1.223805621266365051e-01
-8.075948059558868408e-02
-7.888100296258926392e-02
-7.704155147075653076e-02
-8.148828893899917603e-02
-1.017386168241500854e-01
-9.828285872936248779e-02
-9.748144447803497314e-02
-1.002234145998954773e-01
-1.160704791545867920e-01
-1.116173639893531799e-01
-1.091408059000968933e-01
-1.128571853041648865e-01
-7.397100329399108887e-02
-7.130442559719085693e-02
-7.295793294906616211e-02
-7.415087521076202393e-02
-9.217092394828796387e-02
-9.414785355329513550e-02
-9.199026226997375488e-02
-9.151676297187805176e-02
-1.043012440204620361e-01
-1.097393706440925598e-01
-1.062105372548103333e-01
-1.057059541344642639e-01
-7.158905267715454102e-02
-7.304219901561737061e-02
-7.507094740867614746e-02
-7.353731989860534668e-02
-9.253580868244171143e-02
-8.936074376106262207e-02
-9.337408095598220825e-02
-9.466904401779174805e-02
-1.071181967854499817e-01
-1.056510135531425476e-01
-1.109597310423851013e-01
-1.089238598942756653e-01
-7.600610703229904175e-02
-7.718262076377868652e-02
-7.813699543476104736e-02
-7.449073344469070435e-02
-9.874579310417175293e-02
-9.884990751743316650e-02
-9.604243189096450806e-02
-9.508150815963745117e-02
-1.146662756800651550e-01
-1.151249706745147705e-01
-1.154129281640052795e-01
-1.146942526102066040e-01
-7.692547142505645752e-02
-7.559245079755783081e-02
-7.544369995594024658e-02
-7.492983341217041016e-02
-9.741513431072235107e-02
-9.698377549648284912e-02
-9.514829516410827637e-02
-9.694373607635498047e-02
-1.152677983045578003e-01
-1.109741404652595520e-01
-1.101410835981369019e-01
-1.141108274459838867e-01
-7.284115254878997803e-02
-7.285129278898239136e-02
-7.244925200939178467e-02
-7.378727197647094727e-02
-9.636410325765609741e-02
-9.482815861701965332e-02
-9.540646523237228394e-02
-9.840522706508636475e-02
-1.194551214575767517e-01
-1.147823035717010498e-01
-1.169719249010086060e-01
-1.174734309315681458e-01
-7.469005882740020752e-02
-7.742747664451599121e-02
-7.708778232336044312e-02
-7.594743371009826660e-02
-9.750213474035263062e-02
-9.857449680566787720e-02
-1.009358614683151245e-01
-9.735540300607681274e-02
-1.169437319040298462e-01
-1.148295029997825623e-01
-1.177781969308853149e-01
-1.195799261331558228e-01
-7.829312980175018311e-02
-7.984645664691925049e-02
-8.123856037855148315e-02
-8.009231835603713989e-02
-1.006611138582229614e-01
-9.901073575019836426e-02
-9.435942023992538452e-02
-9.767422825098037720e-02
-1.175602525472640991e-01
-1.139036715030670166e-01
-1.061758399009704590e-01
-1.115388870239257812e-01
-7.965710759162902832e-02
-7.758251577615737915e-02
-7.859867066144943237e-02
-7.951980084180831909e-02
-9.558866918087005615e-02
-9.390996396541595459e-02
-9.533046185970306396e-02
-9.327273815870285034e-02
-1.072078049182891846e-01
-1.108582466840744019e-01
-1.062203049659729004e-01
-1.080609411001205444e-01
-7.449826598167419434e-02
-7.271860539913177490e-02
-7.368022948503494263e-02
-7.491815835237503052e-02
-9.301242977380752563e-02
-9.303297102451324463e-02
-9.649184346199035645e-02
-9.483794867992401123e-02
-1.067051365971565247e-01
-1.101189479231834412e-01
-1.173615083098411560e-01
-1.143675819039344788e-01
-7.352864742279052734e-02
-7.464694976806640625e-02
-7.183743268251419067e-02
-7.126228511333465576e-02
-9.518233686685562134e-02
-9.655484557151794434e-02
-9.432163089513778687e-02
-9.218829125165939331e-02
-1.119788140058517456e-01
-1.144893243908882141e-01
-1.129347085952758789e-01
-1.091752126812934875e-01
-7.420577108860015869e-02
-7.619285583496093750e-02
-7.482995092868804932e-02
-7.365375757217407227e-02
-9.610588103532791138e-02
-9.544685482978820801e-02
-9.825766086578369141e-02
-9.976033866405487061e-02
-1.184818819165229797e-01
-1.095921546220779419e-01
-1.134934127330780029e-01
-1.190119534730911255e-01
-7.836288213729858398e-02
-7.500377297401428223e-02
-7.467123866081237793e-02
-7.820499688386917114e-02
-1.030397415161132812e-01
-1.004256755113601685e-01
-9.675950556993484497e-02
-1.020586118102073669e-01
-1.237752214074134827e-01
-1.183039173483848572e-01
-1.195538341999053955e-01
-1.238872855901718140e-01
-7.331924885511398315e-02
-7.415233552455902100e-02
-7.512563467025756836e-02
-7.480201125144958496e-02
-9.727248549461364746e-02
-9.942762553691864014e-02
-1.026124060153961182e-01
-1.016416922211647034e-01
-1.176049113273620605e-01
-1.195509359240531921e-01
-1.223823353648185730e-01
-1.216382160782814026e-01
-7.748342305421829224e-02
-7.720544189214706421e-02
-7.896574586629867554e-02
-7.794088870286941528e-02
-9.729740023612976074e-02
-9.880259633064270020e-02
-9.784266352653503418e-02
-9.430340677499771118e-02
-1.138736903667449951e-01
-1.144451871514320374e-01
-1.085366606712341309e-01
-1.097470745444297791e-01
-7.671554386615753174e-02
-7.721586525440216064e-02
-7.345168292522430420e-02
-7.468658685684204102e-02
-9.904894232749938965e-02
-9.305554628372192383e-02
-9.084139764308929443e-02
-9.565828740596771240e-02
-1.131199449300765991e-01
-1.063475161790847778e-01
-1.051516607403755188e-01
-1.117250025272369385e-01
-7.321640849113464355e-02
-7.647436857223510742e-02
-7.506477087736129761e-02
-7.361139357089996338e-02
-9.426033496856689453e-02
-9.280943870544433594e-02
-9.350903332233428955e-02
-9.370484948158264160e-02
-1.105948388576507568e-01
-1.121222898364067078e-01
-1.118796914815902710e-01
-1.127314865589141846e-01
-7.645925879478454590e-02
-7.544571161270141602e-02
-7.422035932540893555e-02
-7.579969614744186401e-02
-9.286646544933319092e-02
-9.541149437427520752e-02
-9.593603014945983887e-02
-9.237679839134216309e-02
-1.090447902679443359e-01
-1.159950122237205505e-01
-1.190028116106987000e-01
-1.090385019779205322e-01
-7.087202370166778564e-02
-7.070726156234741211e-02
-7.427684217691421509e-02
-7.550857216119766235e-02
-9.680956602096557617e-02
-9.879712760448455811e-02
-1.028677076101303101e-01
-1.014635339379310608e-01
-1.220999807119369507e-01
-1.184689551591873169e-01
-1.248673871159553528e-01
-1.248997449874877930e-01
-8.124063909053802490e-02
-7.895339280366897583e-02
-7.599135488271713257e-02
-8.026768267154693604e-02
-1.120175793766975403e-01
-1.064055114984512329e-01
-1.019435822963714600e-01
-1.074354127049446106e-01
-1.372969895601272583e-01
-1.278491318225860596e-01
-1.241708993911743164e-01
-1.316723823547363281e-01
-7.386863976716995239e-02
-7.640206813812255859e-02
-7.575280219316482544e-02
-7.520790398120880127e-02
-9.973990917205810547e-02
-9.945259988307952881e-02
-1.009874194860458374e-01
-1.005477458238601685e-01
-1.233785375952720642e-01
-1.190973073244094849e-01
-1.199882179498672485e-01
-1.262513399124145508e-01
-8.032282441854476929e-02
-7.930253446102142334e-02
-7.949431240558624268e-02
-8.037891983985900879e-02
-9.763327240943908691e-02
-9.551122039556503296e-02
-9.510057419538497925e-02
-9.593150764703750610e-02
-1.113509312272071838e-01
-1.127479895949363708e-01
-1.114007458090782166e-01
-1.124326437711715698e-01
-7.462969422340393066e-02
-7.028225809335708618e-02
-6.988257169723510742e-02
-7.344198971986770630e-02
-9.396672248840332031e-02
-9.146672487258911133e-02
-9.202115982770919800e-02
-9.321281313896179199e-02
-1.128496527671813965e-01
-1.104820445179939270e-01
-1.137119084596633911e-01
-1.155341640114784241e-01
-6.970696151256561279e-02
-7.281705737113952637e-02
-7.482540607452392578e-02
-7.196781039237976074e-02
-9.305894374847412109e-02
-9.536665678024291992e-02
-9.460861980915069580e-02
-9.350097179412841797e-02
-1.175615265965461731e-01
-1.119509637355804443e-01
-1.104896888136863708e-01
-1.142155304551124573e-01
-8.040386438369750977e-02
-8.057658374309539795e-02
-7.936677336692810059e-02
-7.876370847225189209e-02
-1.021353229880332947e-01
-9.903629124164581299e-02
-1.000097766518592834e-01
-9.719654172658920288e-02
-1.169302985072135925e-01
-1.162810474634170532e-01
-1.170250624418258667e-01
-1.179330348968505859e-01
-8.022907376289367676e-02
-7.988387346267700195e-02
-7.941914349794387817e-02
-7.944232225418090820e-02
-1.057579219341278076e-01
-1.073256507515907288e-01
-1.102571934461593628e-01
-1.097784787416458130e-01
-1.252373456954956055e-01
-1.246697157621383667e-01
-1.325444877147674561e-01
-1.321060806512832642e-01
-8.304262161254882812e-02
-7.893909513950347900e-02
-7.558523863554000854e-02
-8.097772300243377686e-02
-1.167470216751098633e-01
-1.134516224265098572e-01
-1.064149811863899231e-01
-1.117217764258384705e-01
-1.424168199300765991e-01
-1.391428411006927490e-01
-1.329364925622940063e-01
-1.384263336658477783e-01
-7.483214884996414185e-02
-7.847719639539718628e-02
-7.991255819797515869e-02
-7.621873915195465088e-02
-1.043850183486938477e-01
-1.024712771177291870e-01
-1.040882766246795654e-01
-1.059966906905174255e-01
-1.309283971786499023e-01
-1.220950782299041748e-01
-1.211659312248229980e-01
-1.280615925788879395e-01
-8.325671404600143433e-02
-8.345308899879455566e-02
-8.415750414133071899e-02
-8.235228061676025391e-02
-1.011178493499755859e-01
-9.920992702245712280e-02
-9.978874027729034424e-02
-1.018675565719604492e-01
-1.156823784112930298e-01
-1.111825555562973022e-01
-1.118152439594268799e-01
-1.186769753694534302e-01
-8.058823645114898682e-02
-7.710856199264526367e-02
-7.727000117301940918e-02
-7.970790565013885498e-02
-1.003924310207366943e-01
-9.693253785371780396e-02
-9.679089486598968506e-02
-1.017582267522811890e-01
-1.173267811536788940e-01
-1.152705028653144836e-01
-1.121852099895477295e-01
-1.130616068840026855e-01
-7.930485904216766357e-02
-7.867900282144546509e-02
-7.987321168184280396e-02
-7.939864695072174072e-02
-9.746471047401428223e-02
-9.743188321590423584e-02
-9.621443599462509155e-02
-9.751068800687789917e-02
-1.119448468089103699e-01
-1.132243871688842773e-01
-1.127470955252647400e-01
-1.115079969167709351e-01
-8.133256435394287109e-02
-8.061671257019042969e-02
-7.881649583578109741e-02
-8.074774593114852905e-02
-9.997544437646865845e-02
-1.000807136297225952e-01
-1.043150573968887329e-01
-1.029284000396728516e-01
-1.130576878786087036e-01
-1.172432750463485718e-01
-1.242178753018379211e-01
-1.217494457960128784e-01
-7.978413999080657959e-02
-8.084495365619659424e-02
-8.281390368938446045e-02
-8.220519125461578369e-02
-1.059359014034271240e-01
-1.098730340600013733e-01
-1.136632263660430908e-01
-1.102031692862510681e-01
-1.272410899400711060e-01
-1.316341310739517212e-01
-1.403132975101470947e-01
-1.356988847255706787e-01
-8.580416440963745117e-02
-8.261681348085403442e-02
-8.040724694728851318e-02
-8.319468796253204346e-02
-1.097324490547180176e-01
-1.118160635232925415e-01
-1.076332628726959229e-01
-1.092995852231979370e-01
-1.322447955608367920e-01
-1.393440812826156616e-01
-1.317185163497924805e-01
-1.277664601802825928e-01
-7.376539707183837891e-02
-7.761377841234207153e-02
-7.895216345787048340e-02
-7.840164005756378174e-02
-1.033984869718551636e-01
-1.050538867712020874e-01
-1.095642670989036560e-01
-1.087434142827987671e-01
-1.288583725690841675e-01
-1.319722980260848999e-01
-1.301444470882415771e-01
-1.311314404010772705e-01
-8.161228895187377930e-02
-8.329090476036071777e-02
-8.329941332340240479e-02
-7.967533171176910400e-02
-1.028780192136764526e-01
-9.970623254776000977e-02
-1.006116196513175964e-01
-1.014476865530014038e-01
-1.217106431722640991e-01
-1.158620119094848633e-01
-1.141342371702194214e-01
-1.186062842607498169e-01
-8.158099651336669922e-02
-8.160787075757980347e-02
-8.154412358999252319e-02
-8.115185797214508057e-02
-1.034771502017974854e-01
-1.038714125752449036e-01
-9.779560565948486328e-02
-9.462672472000122070e-02
-1.174415647983551025e-01
-1.184459850192070007e-01
-1.100115552544593811e-01
-1.093298643827438354e-01
-7.936475425958633423e-02
-8.150248229503631592e-02
-7.876142859458923340e-02
-7.860083132982254028e-02
-9.306236356496810913e-02
-9.660042822360992432e-02
-9.825052320957183838e-02
-9.512385725975036621e-02
-1.064534485340118408e-01
-1.112309321761131287e-01
-1.143302619457244873e-01
-1.087007448077201843e-01
-7.730623334646224976e-02
-7.957570254802703857e-02
-7.999598234891891479e-02
-7.657438516616821289e-02
-9.804525226354598999e-02
-1.038816943764686584e-01
-1.059789061546325684e-01
-1.008828878402709961e-01
-1.143066212534904480e-01
-1.212233453989028931e-01
-1.276737600564956665e-01
-1.213623359799385071e-01
-8.162762224674224854e-02
-8.421877026557922363e-02
-8.393947035074234009e-02
-8.185460418462753296e-02
-1.088085696101188660e-01
-1.143384948372840881e-01
-1.164204999804496765e-01
-1.128343939781188965e-01
-1.308298707008361816e-01
-1.381863057613372803e-01
-1.435382068157196045e-01
-1.357224881649017334e-01
-8.123210072517395020e-02
-8.147755265235900879e-02
-7.942353934049606323e-02
-7.915012538433074951e-02
-1.037193164229393005e-01
-1.072755753993988037e-01
-1.042445898056030273e-01
-1.003766506910324097e-01
-1.197213307023048401e-01
-1.304619312286376953e-01
-1.252071708440780640e-01
-1.134524643421173096e-01
-7.621834427118301392e-02
-7.815913110971450806e-02
-7.925188541412353516e-02
-7.773601263761520386e-02
-1.009343490004539490e-01
-1.048030555248260498e-01
-1.017822697758674622e-01
-9.977582842111587524e-02
-1.260025501251220703e-01
-1.296379268169403076e-01
-1.210176274180412292e-01
-1.145956665277481079e-01
-8.072762191295623779e-02
-7.908277958631515503e-02
-7.777398079633712769e-02
-7.889160513877868652e-02
-1.026442199945449829e-01
-1.005781665444374084e-01
-9.283907711505889893e-02
-9.526050090789794922e-02
-1.168210506439208984e-01
-1.142130568623542786e-01
-1.050137877464294434e-01
-1.067161709070205688e-01
-7.555448263883590698e-02
-7.662823796272277832e-02
-7.420917600393295288e-02
-7.393319904804229736e-02
-9.202903509140014648e-02
-9.333793818950653076e-02
-9.006410837173461914e-02
-9.065065532922744751e-02
-1.029181256890296936e-01
-1.043203175067901611e-01
-1.011969298124313354e-01
-1.016297787427902222e-01
-7.287797331809997559e-02
-7.439716160297393799e-02
-7.532183825969696045e-02
-7.367773354053497314e-02
-8.775538206100463867e-02
-9.415925294160842896e-02
-9.318436682224273682e-02
-8.811418712139129639e-02
-9.798815846443176270e-02
-1.087697446346282959e-01
-1.106917560100555420e-01
-1.027569100260734558e-01
-7.636401057243347168e-02
-7.500594854354858398e-02
-7.543242722749710083e-02
-7.559543848037719727e-02
-9.610857814550399780e-02
-1.017550826072692871e-01
-1.057002097368240356e-01
-9.794082492589950562e-02
-1.131059974431991577e-01
-1.242873817682266235e-01
-1.288651078939437866e-01
-1.155490875244140625e-01
-8.035624027252197266e-02
-8.295208215713500977e-02
-8.382445573806762695e-02
-8.085437119007110596e-02
-1.089760437607765198e-01
-1.136385202407836914e-01
-1.179906129837036133e-01
-1.120406687259674072e-01
-1.346023380756378174e-01
-1.417138278484344482e-01
-1.426214426755905151e-01
-1.341339349746704102e-01
