4.816158115863800049e-02
3.069934248924255371e-02
-4.326945543289184570e-02
-6.498605012893676758e-03
7.068722248077392578e-01
6.002923846244812012e-01
5.649455785751342773e-01
6.824353933334350586e-01
1.216850996017456055e+00
1.055836439132690430e+00
1.121239900588989258e+00
1.291621327400207520e+00
-1.099853515625000000e-01
-4.352235794067382812e-02
-5.169194936752319336e-02
-7.536631822586059570e-02
4.522432088851928711e-01
4.163194298744201660e-01
4.619113206863403320e-01
5.619177818298339844e-01
1.034371972084045410e+00
7.898266911506652832e-01
8.467378616333007812e-01
1.108608365058898926e+00
4.849940538406372070e-03
-8.122324943542480469e-03
1.510018110275268555e-02
4.624962806701660156e-03
4.207073748111724854e-01
3.743935227394104004e-01
3.539463579654693604e-01
3.688631057739257812e-01
7.168335914611816406e-01
6.581871509552001953e-01
6.182869672775268555e-01
6.654859781265258789e-01
-4.624956846237182617e-02
-9.102234244346618652e-02
-9.597548842430114746e-02
-7.399737834930419922e-02
3.556403219699859619e-01
3.562181591987609863e-01
3.412414193153381348e-01
3.335584998130798340e-01
6.025297641754150391e-01
6.959003210067749023e-01
6.859178543090820312e-01
6.362656950950622559e-01
-8.068129420280456543e-02
-5.875912308692932129e-02
-2.649867534637451172e-02
-6.709265708923339844e-02
3.474102020263671875e-01
3.623298406600952148e-01
3.935034573078155518e-01
3.426055312156677246e-01
6.525959968566894531e-01
6.669313907623291016e-01
7.026786804199218750e-01
6.749063134193420410e-01
-2.719968557357788086e-03
-4.384964704513549805e-03
-5.227744579315185547e-02
-9.467241168022155762e-02
4.310224652290344238e-01
4.608802199363708496e-01
4.268124103546142578e-01
3.677772879600524902e-01
7.726143002510070801e-01
8.120462894439697266e-01
8.260365724563598633e-01
7.975731492042541504e-01
-6.164899468421936035e-02
-1.079928874969482422e-02
-2.634680271148681641e-02
-9.761711955070495605e-02
4.790014922618865967e-01
5.451089143753051758e-01
5.876470208168029785e-01
5.590745210647583008e-01
9.534890651702880859e-01
9.633772373199462891e-01
1.070005416870117188e+00
1.099584937095642090e+00
9.431938827037811279e-02
1.455157995223999023e-03
-7.776218652725219727e-02
3.574627637863159180e-02
8.159135580062866211e-01
6.980349421501159668e-01
6.064517498016357422e-01
7.479321956634521484e-01
1.469132184982299805e+00
1.314504384994506836e+00
1.203364014625549316e+00
1.303356766700744629e+00
-1.561083197593688965e-01
-1.378452181816101074e-01
-1.149629950523376465e-01
-1.222518980503082275e-01
5.009351968765258789e-01
4.702181220054626465e-01
4.499898552894592285e-01
5.070255994796752930e-01
1.127428889274597168e+00
9.802722930908203125e-01
9.086459875106811523e-01
1.094664812088012695e+00
5.815893411636352539e-03
9.111493825912475586e-03
3.727221488952636719e-02
1.541382074356079102e-02
4.227790534496307373e-01
3.725947439670562744e-01
3.417867124080657959e-01
3.942504525184631348e-01
7.775758504867553711e-01
7.044668197631835938e-01
5.993715524673461914e-01
7.355043292045593262e-01
1.754328608512878418e-02
-3.128919005393981934e-02
-3.444531559944152832e-02
-1.770034432411193848e-02
3.867329955101013184e-01
3.774209320545196533e-01
3.387228548526763916e-01
3.436036407947540283e-01
6.628944873809814453e-01
7.086857557296752930e-01
6.470671892166137695e-01
6.326305866241455078e-01
-6.829813122749328613e-02
-6.280696392059326172e-02
-7.126149535179138184e-02
-7.137367129325866699e-02
3.088364005088806152e-01
2.944853603839874268e-01
3.501973748207092285e-01
3.421624600887298584e-01
6.076886653900146484e-01
6.456460952758789062e-01
7.220437526702880859e-01
6.734578609466552734e-01
-1.088220477104187012e-01
-1.425412297248840332e-01
-2.061286270618438721e-01
-1.791335642337799072e-01
3.079739212989807129e-01
3.141782283782958984e-01
3.243959844112396240e-01
2.959583401679992676e-01
6.668866872787475586e-01
8.032677173614501953e-01
8.865271210670471191e-01
7.199020385742187500e-01
-2.030383646488189697e-01
-1.705621182918548584e-01
-1.477283537387847900e-01
-1.597681939601898193e-01
3.757413625717163086e-01
5.004583597183227539e-01
5.678541660308837891e-01
4.760738313198089600e-01
1.005386829376220703e+00
1.068681240081787109e+00
1.165746927261352539e+00
1.035420179367065430e+00
1.532941758632659912e-01
7.489430904388427734e-02
-1.291558146476745605e-02
1.247316747903823853e-01
8.333157300949096680e-01
7.258849143981933594e-01
5.617395043373107910e-01
6.909142732620239258e-01
1.439979314804077148e+00
1.282571554183959961e+00
1.130607485771179199e+00
1.244948983192443848e+00
-9.905418753623962402e-02
-8.161494135856628418e-02
-5.990147590637207031e-02
-7.598754763603210449e-02
4.344636201858520508e-01
4.860137104988098145e-01
4.752849042415618896e-01
4.677544534206390381e-01
9.981468319892883301e-01
9.817939400672912598e-01
9.477320313453674316e-01
9.912592172622680664e-01
-3.438889980316162109e-02
-2.869102358818054199e-02
1.531288027763366699e-02
-6.048470735549926758e-03
3.666431307792663574e-01
3.508906364440917969e-01
4.075065255165100098e-01
3.995577991008758545e-01
7.431828975677490234e-01
6.782124042510986328e-01
7.110693454742431641e-01
7.673175930976867676e-01
-4.787057638168334961e-03
-2.060392498970031738e-02
-4.691702127456665039e-02
-3.381422162055969238e-02
3.844912052154541016e-01
3.548397123813629150e-01
3.359515070915222168e-01
3.562974035739898682e-01
7.138471007347106934e-01
6.944692730903625488e-01
6.801357269287109375e-01
7.147537469863891602e-01
-7.995611429214477539e-02
-7.706490159034729004e-02
-7.339310646057128906e-02
-7.481172680854797363e-02
3.522000014781951904e-01
3.129430711269378662e-01
3.276992440223693848e-01
3.618288338184356689e-01
7.248160839080810547e-01
6.398890018463134766e-01
6.615107059478759766e-01
7.461752891540527344e-01
-8.074089884757995605e-02
-1.342821717262268066e-01
-1.580966114997863770e-01
-9.959480166435241699e-02
3.463594317436218262e-01
3.269047439098358154e-01
3.442758321762084961e-01
3.395227193832397461e-01
7.239347696304321289e-01
7.571006417274475098e-01
8.238928318023681641e-01
7.579512596130371094e-01
-1.075259447097778320e-01
-7.412642240524291992e-02
-3.874555230140686035e-02
-2.626550197601318359e-02
4.432622194290161133e-01
5.501904487609863281e-01
6.241761445999145508e-01
5.472218394279479980e-01
9.433155655860900879e-01
1.039751410484313965e+00
1.199411749839782715e+00
1.064307689666748047e+00
1.305769532918930054e-01
6.680628657341003418e-02
-4.432886838912963867e-02
5.573850870132446289e-02
8.738478422164916992e-01
7.658369541168212891e-01
5.915926694869995117e-01
7.088916301727294922e-01
1.497163534164428711e+00
1.282906770706176758e+00
1.117498517036437988e+00
1.324532508850097656e+00
-1.167885363101959229e-01
-8.552244305610656738e-02
-6.033754348754882812e-02
-6.541514396667480469e-02
4.845529198646545410e-01
4.794623851776123047e-01
4.585804343223571777e-01
4.705134332180023193e-01
1.068422317504882812e+00
9.892531633377075195e-01
9.147281646728515625e-01
1.016228914260864258e+00
-6.433248519897460938e-03
7.772445678710937500e-05
2.277112007141113281e-02
2.432993054389953613e-02
4.128849208354949951e-01
3.960876464843750000e-01
4.156868755817413330e-01
4.300666451454162598e-01
8.095635175704956055e-01
7.483844757080078125e-01
7.378073930740356445e-01
7.908989787101745605e-01
2.761009335517883301e-02
-2.576529979705810547e-03
-1.814207434654235840e-02
-1.403030753135681152e-02
4.266641139984130859e-01
3.708594739437103271e-01
3.598762750625610352e-01
4.011285006999969482e-01
7.572585344314575195e-01
7.338141202926635742e-01
7.003149986267089844e-01
7.630544900894165039e-01
-3.782442212104797363e-02
-4.173684120178222656e-02
-3.904414176940917969e-02
-3.618192672729492188e-02
3.976909220218658447e-01
3.655389547348022461e-01
3.466269075870513916e-01
3.862310647964477539e-01
7.726393938064575195e-01
6.997130513191223145e-01
6.641077995300292969e-01
7.077840566635131836e-01
6.430506706237792969e-03
-2.468326687812805176e-02
-5.207815766334533691e-02
-3.259018063545227051e-02
4.458637535572052002e-01
4.405071437358856201e-01
4.266929626464843750e-01
3.766468465328216553e-01
7.983797788619995117e-01
8.278658986091613770e-01
8.309707641601562500e-01
7.904573678970336914e-01
-2.614378929138183594e-03
2.843415737152099609e-02
5.075752735137939453e-02
2.867341041564941406e-02
5.537987947463989258e-01
6.563599109649658203e-01
7.364247441291809082e-01
6.647371053695678711e-01
9.379802346229553223e-01
1.069478511810302734e+00
1.266972064971923828e+00
1.186781764030456543e+00
4.217392206192016602e-02
1.144009828567504883e-02
-8.148473501205444336e-02
2.766847610473632812e-04
8.120155334472656250e-01
7.394683361053466797e-01
5.925420522689819336e-01
6.988462209701538086e-01
1.471595525741577148e+00
1.319613456726074219e+00
1.142888545989990234e+00
1.319511890411376953e+00
-1.044241487979888916e-01
-8.293262124061584473e-02
-5.017194151878356934e-02
-6.551575660705566406e-02
4.937109947204589844e-01
4.923388361930847168e-01
4.521149396896362305e-01
4.809076189994812012e-01
1.088061094284057617e+00
9.957098960876464844e-01
8.657258749008178711e-01
9.652684926986694336e-01
7.283717393875122070e-03
4.497009515762329102e-02
5.176806449890136719e-02
2.084860205650329590e-02
4.294254779815673828e-01
4.172179102897644043e-01
3.905343413352966309e-01
4.280227124691009521e-01
7.926915287971496582e-01
7.267435789108276367e-01
7.059558033943176270e-01
7.653979063034057617e-01
3.875714540481567383e-02
2.386102080345153809e-02
3.033563494682312012e-02
3.623318672180175781e-02
3.842962980270385742e-01
4.352618753910064697e-01
4.504067301750183105e-01
4.417276680469512939e-01
7.202458381652832031e-01
7.607112526893615723e-01
7.830982208251953125e-01
7.506953477859497070e-01
-1.138797402381896973e-02
-5.448162555694580078e-04
3.303885459899902344e-03
-1.490354537963867188e-02
4.233078956604003906e-01
4.518688321113586426e-01
4.489235281944274902e-01
4.083886742591857910e-01
7.442739009857177734e-01
7.953470945358276367e-01
8.128665089607238770e-01
7.239220738410949707e-01
-4.509621858596801758e-02
-3.646919131278991699e-02
-1.253456175327301025e-01
-9.939408302307128906e-02
4.423121809959411621e-01
4.614997506141662598e-01
4.472634494304656982e-01
3.966497778892517090e-01
8.314977884292602539e-01
9.033703207969665527e-01
9.797984957695007324e-01
8.858758211135864258e-01
-1.049192845821380615e-01
-5.417227745056152344e-03
6.597638130187988281e-04
-7.200300693511962891e-02
5.333665609359741211e-01
6.691743135452270508e-01
7.413954734802246094e-01
6.374231576919555664e-01
1.095124959945678711e+00
1.165181875228881836e+00
1.324224233627319336e+00
1.243021011352539062e+00
7.818329334259033203e-02
1.605120301246643066e-02
-2.458661794662475586e-02
4.419183731079101562e-02
7.889233231544494629e-01
7.307435870170593262e-01
6.393342614173889160e-01
7.789635658264160156e-01
1.532061815261840820e+00
1.430428147315979004e+00
1.264537334442138672e+00
1.414274096488952637e+00
-7.010555267333984375e-02
-6.209725141525268555e-02
-4.580357670783996582e-02
-5.789652466773986816e-02
5.253865718841552734e-01
4.905767440795898438e-01
4.646533727645874023e-01
4.994206726551055908e-01
1.128463029861450195e+00
1.021118879318237305e+00
8.739179968833923340e-01
1.001609325408935547e+00
-4.604864120483398438e-02
-3.283047676086425781e-02
-3.008890151977539062e-02
-4.957672953605651855e-02
4.210881590843200684e-01
3.715968132019042969e-01
3.395659923553466797e-01
3.938176631927490234e-01
8.277596235275268555e-01
6.905893683433532715e-01
6.095184087753295898e-01
7.829045653343200684e-01
1.913309097290039062e-05
2.005234360694885254e-02
1.467934250831604004e-02
-1.641431450843811035e-02
3.651631474494934082e-01
4.008754193782806396e-01
3.808441460132598877e-01
3.582580387592315674e-01
6.697263717651367188e-01
7.009000778198242188e-01
6.864242553710937500e-01
6.902526617050170898e-01
3.275960683822631836e-02
2.847990393638610840e-02
6.180620193481445312e-02
5.149772763252258301e-02
4.127495884895324707e-01
4.447093605995178223e-01
4.569424688816070557e-01
4.190690517425537109e-01
6.660329103469848633e-01
7.602511048316955566e-01
7.601720094680786133e-01
6.801908016204833984e-01
-2.164793014526367188e-02
-7.931733131408691406e-02
-1.082088649272918701e-01
-7.827663421630859375e-02
4.316240847110748291e-01
4.641551375389099121e-01
4.551356434822082520e-01
4.384800195693969727e-01
8.258072137832641602e-01
9.776372909545898438e-01
9.664676189422607422e-01
8.457077741622924805e-01
-1.295357942581176758e-01
-7.316383719444274902e-02
-5.819317698478698730e-02
-8.405986428260803223e-02
4.852552115917205811e-01
6.384095549583435059e-01
6.715620756149291992e-01
5.969164371490478516e-01
1.111629486083984375e+00
1.242274403572082520e+00
1.207164764404296875e+00
1.125783920288085938e+00
2.039277106523513794e-01
1.492501646280288696e-01
1.198456138372421265e-01
1.824237406253814697e-01
8.823589086532592773e-01
8.352912664413452148e-01
7.973819971084594727e-01
8.836355805397033691e-01
1.453411817550659180e+00
1.476166725158691406e+00
1.344187021255493164e+00
1.348286390304565430e+00
3.801429271697998047e-02
9.362220764160156250e-03
1.619580388069152832e-02
5.714505910873413086e-02
5.949378609657287598e-01
5.299240350723266602e-01
5.056226253509521484e-01
6.223338246345520020e-01
1.144054412841796875e+00
1.063790798187255859e+00
9.368153810501098633e-01
1.045663595199584961e+00
-9.870892763137817383e-02
-1.126096248626708984e-01
-1.343693137168884277e-01
-1.084190607070922852e-01
4.173545241355895996e-01
3.101530373096466064e-01
2.321818470954895020e-01
3.410082459449768066e-01
8.314051628112792969e-01
6.814537048339843750e-01
5.359363555908203125e-01
7.152898907661437988e-01
-1.348999738693237305e-01
-9.073609113693237305e-02
-9.805607795715332031e-02
-1.390571892261505127e-01
2.759118080139160156e-01
2.859120368957519531e-01
2.171939462423324585e-01
2.268840968608856201e-01
6.004238724708557129e-01
5.831183195114135742e-01
4.830689728260040283e-01
5.695754885673522949e-01
-1.493126153945922852e-02
2.383446693420410156e-02
1.897320151329040527e-02
-2.490943670272827148e-02
3.230832815170288086e-01
3.716271817684173584e-01
3.769658207893371582e-01
3.283021152019500732e-01
5.724954605102539062e-01
6.218033432960510254e-01
6.568759083747863770e-01
6.215412020683288574e-01
1.039543747901916504e-02
-9.116113185882568359e-03
-4.674729704856872559e-02
-5.149450898170471191e-02
4.292979836463928223e-01
4.770155847072601318e-01
4.565327763557434082e-01
3.912347555160522461e-01
7.517004609107971191e-01
9.169185161590576172e-01
9.026302695274353027e-01
7.455420494079589844e-01
-6.433895230293273926e-02
-2.090772986412048340e-02
-1.031255722045898438e-02
-6.197547912597656250e-02
4.313868880271911621e-01
5.699654221534729004e-01
5.821099281311035156e-01
4.773970246315002441e-01
9.507148861885070801e-01
1.122858524322509766e+00
1.011037826538085938e+00
8.627570867538452148e-01
