-9.535976052284240723e-01
-9.689411520957946777e-01
-9.601783156394958496e-01
-9.559949040412902832e-01
-5.754221677780151367e-01
-6.375489234924316406e-01
-5.616158843040466309e-01
-5.140955448150634766e-01
-2.599617838859558105e-01
-3.639467358589172363e-01
-2.033898830413818359e-01
-1.193522214889526367e-01
-9.497795701026916504e-01
-9.196228384971618652e-01
-9.125946164131164551e-01
-9.245110154151916504e-01
-5.375486612319946289e-01
-5.503685474395751953e-01
-5.174887180328369141e-01
-4.566509723663330078e-01
-1.185475587844848633e-01
-2.561534047126770020e-01
-1.873555183410644531e-01
-4.851222038269042969e-02
-8.645635247230529785e-01
-8.627020716667175293e-01
-8.357411623001098633e-01
-8.351871371269226074e-01
-4.586489200592041016e-01
-4.795216321945190430e-01
-4.727827906608581543e-01
-4.457181096076965332e-01
-1.411182880401611328e-01
-2.175610065460205078e-01
-2.145723700523376465e-01
-1.489621400833129883e-01
-8.290487527847290039e-01
-8.600417971611022949e-01
-8.334304094314575195e-01
-8.284720182418823242e-01
-4.826732873916625977e-01
-4.878947734832763672e-01
-4.615968465805053711e-01
-4.591019749641418457e-01
-2.465921044349670410e-01
-2.138937115669250488e-01
-1.687723994255065918e-01
-1.808409690856933594e-01
-8.930670619010925293e-01
-8.753641843795776367e-01
-8.733011484146118164e-01
-8.871355056762695312e-01
-4.839686155319213867e-01
-4.722412824630737305e-01
-3.924973607063293457e-01
-4.117926955223083496e-01
-1.812384724617004395e-01
-1.523092389106750488e-01
-4.590719938278198242e-02
-5.618017911911010742e-02
-8.629643917083740234e-01
-8.768314123153686523e-01
-8.768546581268310547e-01
-9.040750265121459961e-01
-4.153810739517211914e-01
-4.039386510848999023e-01
-3.649457097053527832e-01
-3.608421087265014648e-01
-4.244679212570190430e-02
-6.990444660186767578e-02
3.840708732604980469e-02
1.041606664657592773e-01
-8.454331755638122559e-01
-8.458792567253112793e-01
-8.213018178939819336e-01
-8.448368906974792480e-01
-3.564360141754150391e-01
-4.212053418159484863e-01
-3.657391667366027832e-01
-3.035793304443359375e-01
1.913881301879882812e-02
-1.545318365097045898e-01
-7.409703731536865234e-02
1.074396371841430664e-01
-8.620249629020690918e-01
-9.135394096374511719e-01
-9.260532855987548828e-01
-8.578588366508483887e-01
-4.205811619758605957e-01
-4.913067221641540527e-01
-3.966516852378845215e-01
-3.090710043907165527e-01
-2.510321140289306641e-02
-9.394115209579467773e-02
4.794430732727050781e-02
1.076890230178833008e-01
-9.511662125587463379e-01
-9.395753145217895508e-01
-9.426640868186950684e-01
-9.384007453918457031e-01
-4.730755686759948730e-01
-4.656752943992614746e-01
-4.194312095642089844e-01
-4.253742098808288574e-01
-2.931296825408935547e-02
-7.715141773223876953e-02
8.881211280822753906e-03
7.020330429077148438e-02
-8.764401078224182129e-01
-8.452151417732238770e-01
-8.323920965194702148e-01
-8.472868204116821289e-01
-4.186576008796691895e-01
-4.238176345825195312e-01
-4.138916134834289551e-01
-4.174150228500366211e-01
-5.664360523223876953e-02
-9.158885478973388672e-02
-1.140807867050170898e-01
-2.529299259185791016e-02
-8.196691870689392090e-01
-8.392653465270996094e-01
-8.451455831527709961e-01
-8.454884290695190430e-01
-3.999598622322082520e-01
-4.314879179000854492e-01
-4.214096069335937500e-01
-3.952562808990478516e-01
-1.001875996589660645e-01
-1.072049140930175781e-01
-1.378972530364990234e-01
-7.171726226806640625e-02
-8.730902671813964844e-01
-8.655551075935363770e-01
-9.089165925979614258e-01
-8.872536420822143555e-01
-4.234098792076110840e-01
-4.278500676155090332e-01
-4.299232959747314453e-01
-4.262693524360656738e-01
-1.120241880416870117e-01
-5.875909328460693359e-02
-1.620125770568847656e-02
-4.621380567550659180e-02
-8.958034515380859375e-01
-8.813921809196472168e-01
-8.952644467353820801e-01
-8.969347476959228516e-01
-4.265549182891845703e-01
-3.802710175514221191e-01
-3.316267728805541992e-01
-3.715581893920898438e-01
-1.760244369506835938e-03
7.646965980529785156e-02
1.527687311172485352e-01
6.721270084381103516e-02
-8.346172571182250977e-01
-8.292410969734191895e-01
-8.253382444381713867e-01
-8.081582784652709961e-01
-3.287491798400878906e-01
-3.269797563552856445e-01
-2.366248965263366699e-01
-2.166755199432373047e-01
1.354169845581054688e-01
6.021833419799804688e-02
1.814333200454711914e-01
2.291401624679565430e-01
-7.948788404464721680e-01
-8.291753530502319336e-01
-8.550540208816528320e-01
-7.666301131248474121e-01
-2.369828820228576660e-01
-2.510678768157958984e-01
-3.033096790313720703e-01
-2.551115155220031738e-01
1.831468343734741211e-01
1.136716604232788086e-01
1.276388168334960938e-01
1.872437000274658203e-01
-8.577222228050231934e-01
-8.922293782234191895e-01
-8.510549068450927734e-01
-8.342723846435546875e-01
-3.710656166076660156e-01
-3.413232564926147461e-01
-3.222069144248962402e-01
-3.327428698539733887e-01
5.473446846008300781e-02
8.726894855499267578e-02
7.723021507263183594e-02
6.639289855957031250e-02
-8.627095818519592285e-01
-8.815767765045166016e-01
-8.383571505546569824e-01
-8.278064727783203125e-01
-3.747094869613647461e-01
-4.222183227539062500e-01
-4.041649103164672852e-01
-3.622138500213623047e-01
-1.088905334472656250e-02
-4.497712850570678711e-02
-5.050778388977050781e-02
2.897930145263671875e-02
-8.642070293426513672e-01
-8.587832450866699219e-01
-8.799930810928344727e-01
-8.667325973510742188e-01
-4.281730055809020996e-01
-4.498808979988098145e-01
-4.646826982498168945e-01
-4.237042069435119629e-01
-6.720232963562011719e-02
-1.004957556724548340e-01
-1.559022665023803711e-01
-5.882763862609863281e-02
-8.909372687339782715e-01
-8.871506452560424805e-01
-8.913831114768981934e-01
-8.816810250282287598e-01
-4.260050058364868164e-01
-4.450945854187011719e-01
-4.795607924461364746e-01
-4.461933970451354980e-01
-5.050396919250488281e-02
-5.706578493118286133e-02
-9.045946598052978516e-02
-7.561999559402465820e-02
-8.530618548393249512e-01
-8.469066619873046875e-01
-8.541466593742370605e-01
-8.413574695587158203e-01
-4.109936952590942383e-01
-3.653408885002136230e-01
-3.230853676795959473e-01
-3.353438377380371094e-01
-3.298211097717285156e-02
6.481862068176269531e-02
1.492667198181152344e-01
7.041716575622558594e-02
-7.974396347999572754e-01
-7.850738763809204102e-01
-7.440011501312255859e-01
-7.413463592529296875e-01
-2.659000158309936523e-01
-1.465817689895629883e-01
-1.030725240707397461e-01
-1.850816607475280762e-01
1.668182611465454102e-01
2.309855222702026367e-01
3.473030328750610352e-01
2.731329202651977539e-01
-7.640554904937744141e-01
-7.739921212196350098e-01
-8.297920823097229004e-01
-7.882464528083801270e-01
-1.695496439933776855e-01
-2.042759060859680176e-01
-3.182654976844787598e-01
-2.822810411453247070e-01
2.868160009384155273e-01
2.207429409027099609e-01
1.002743244171142578e-01
1.421035528182983398e-01
-8.308871388435363770e-01
-7.958171367645263672e-01
-7.970824837684631348e-01
-8.079431056976318359e-01
-3.468022346496582031e-01
-3.322408795356750488e-01
-3.532631993293762207e-01
-3.819358348846435547e-01
1.075727939605712891e-01
9.108138084411621094e-02
3.556632995605468750e-02
7.597601413726806641e-02
-8.452159762382507324e-01
-8.354240655899047852e-01
-8.438735008239746094e-01
-8.224979043006896973e-01
-4.048563838005065918e-01
-3.968560099601745605e-01
-4.264854788780212402e-01
-4.024535417556762695e-01
-1.767635345458984375e-02
-2.971434593200683594e-02
-5.145829916000366211e-02
-2.866852283477783203e-02
-8.577156066894531250e-01
-8.613077402114868164e-01
-8.799857497215270996e-01
-8.929755091667175293e-01
-4.469903111457824707e-01
-4.472566843032836914e-01
-4.888368248939514160e-01
-4.809605479240417480e-01
-9.675872325897216797e-02
-8.351010084152221680e-02
-1.443844437599182129e-01
-1.221399307250976562e-01
-8.931013345718383789e-01
-8.831663131713867188e-01
-9.218178391456604004e-01
-9.262854456901550293e-01
-4.880440831184387207e-01
-4.639128446578979492e-01
-5.138002038002014160e-01
-5.134196281433105469e-01
-1.027438640594482422e-01
-9.103369712829589844e-02
-9.355783462524414062e-02
-1.397217512130737305e-01
-8.712019324302673340e-01
-8.419551849365234375e-01
-8.539292216300964355e-01
-8.695955872535705566e-01
-3.787260651588439941e-01
-3.222835063934326172e-01
-2.913845777511596680e-01
-3.892153501510620117e-01
2.705347537994384766e-02
8.607470989227294922e-02
1.229981184005737305e-01
5.740237236022949219e-02
-7.484565377235412598e-01
-7.065244913101196289e-01
-7.089697122573852539e-01
-7.409930229187011719e-01
-2.176423072814941406e-01
-1.142261028289794922e-01
-1.243235468864440918e-01
-2.286355495452880859e-01
1.708190441131591797e-01
3.042722940444946289e-01
3.507254123687744141e-01
2.460390329360961914e-01
-8.270599842071533203e-01
-8.170971870422363281e-01
-8.714925050735473633e-01
-8.363596796989440918e-01
-2.619641423225402832e-01
-2.376908063888549805e-01
-3.040623068809509277e-01
-3.197616934776306152e-01
1.743309497833251953e-01
2.073118686676025391e-01
1.543461084365844727e-01
1.222076416015625000e-01
-8.994948863983154297e-01
-8.813232779502868652e-01
-8.805207014083862305e-01
-8.927915096282958984e-01
-3.883742690086364746e-01
-3.910928368568420410e-01
-3.656769990921020508e-01
-3.473733067512512207e-01
8.382451534271240234e-02
5.479824542999267578e-02
7.236623764038085938e-02
1.112930774688720703e-01
-8.894850015640258789e-01
-8.661187291145324707e-01
-8.598445057868957520e-01
-8.711371421813964844e-01
-3.920494318008422852e-01
-4.060268998146057129e-01
-4.258438944816589355e-01
-3.945651650428771973e-01
2.671372890472412109e-02
-2.312052249908447266e-02
-4.018378257751464844e-02
-2.390396595001220703e-02
-8.578931093215942383e-01
-8.765147924423217773e-01
-8.664855360984802246e-01
-8.575975894927978516e-01
-4.513738751411437988e-01
-4.367861151695251465e-01
-4.356387257575988770e-01
-4.153805375099182129e-01
-6.160831451416015625e-02
-9.220021963119506836e-02
-1.049777865409851074e-01
-6.685721874237060547e-02
-8.975071907043457031e-01
-9.114226698875427246e-01
-9.061295390129089355e-01
-8.987605571746826172e-01
-4.398107528686523438e-01
-4.503008127212524414e-01
-4.651432037353515625e-01
-4.332576990127563477e-01
-8.202546834945678711e-02
-6.490659713745117188e-02
-3.384780883789062500e-02
-8.866697549819946289e-02
-9.227723479270935059e-01
-8.858036398887634277e-01
-9.206263422966003418e-01
-9.121004939079284668e-01
-4.189138412475585938e-01
-3.331102728843688965e-01
-3.125993013381958008e-01
-3.886235952377319336e-01
8.828997611999511719e-03
9.334719181060791016e-02
1.634138822555541992e-01
7.613754272460937500e-02
-8.411887884140014648e-01
-7.786371111869812012e-01
-7.460165023803710938e-01
-8.097672462463378906e-01
-3.004646301269531250e-01
-1.969243288040161133e-01
-1.598867177963256836e-01
-2.503784894943237305e-01
1.548076868057250977e-01
2.552871704101562500e-01
3.271597623825073242e-01
2.304917573928833008e-01
-8.357226848602294922e-01
-8.584843277931213379e-01
-8.878757953643798828e-01
-8.616780042648315430e-01
-3.728398084640502930e-01
-3.261075615882873535e-01
-3.543029427528381348e-01
-3.631939291954040527e-01
5.194497108459472656e-02
1.537272930145263672e-01
1.056480407714843750e-01
3.690552711486816406e-02
-9.231228828430175781e-01
-9.184941053390502930e-01
-8.938060998916625977e-01
-8.788197040557861328e-01
-3.915616869926452637e-01
-3.964427113533020020e-01
-3.445514440536499023e-01
-3.344277739524841309e-01
9.259235858917236328e-02
9.333872795104980469e-02
3.093492984771728516e-02
8.050560951232910156e-02
-8.635002970695495605e-01
-8.531326651573181152e-01
-8.206302523612976074e-01
-8.329187631607055664e-01
-3.491557836532592773e-01
-3.963657617568969727e-01
-3.891986608505249023e-01
-3.519866466522216797e-01
3.245270252227783203e-02
-1.351499557495117188e-02
-7.200485467910766602e-02
1.400482654571533203e-02
-8.192586898803710938e-01
-8.219017982482910156e-01
-7.947943210601806641e-01
-7.960200905799865723e-01
-3.899905085563659668e-01
-4.158914089202880859e-01
-3.654964566230773926e-01
-3.263068795204162598e-01
-3.129506111145019531e-02
-9.599173069000244141e-02
-5.590468645095825195e-02
3.179347515106201172e-02
-8.107287883758544922e-01
-8.372938632965087891e-01
-8.289552927017211914e-01
-8.051238059997558594e-01
-3.673541545867919922e-01
-4.005416631698608398e-01
-3.766312599182128906e-01
-3.381656408309936523e-01
-4.295504093170166016e-02
-2.417707443237304688e-02
2.710819244384765625e-02
2.705383300781250000e-02
-8.583591580390930176e-01
-8.710439205169677734e-01
-8.635402917861938477e-01
-8.675681352615356445e-01
-3.575497865676879883e-01
-3.432386517524719238e-01
-2.825653553009033203e-01
-2.870658636093139648e-01
6.508934497833251953e-02
1.150636672973632812e-01
1.797838211059570312e-01
1.662722826004028320e-01
-8.371153473854064941e-01
-8.192768096923828125e-01
-7.928444147109985352e-01
-8.026484251022338867e-01
-3.252808451652526855e-01
-2.742137908935546875e-01
-2.223594188690185547e-01
-2.325895428657531738e-01
1.815273761749267578e-01
2.302409410476684570e-01
2.265425920486450195e-01
2.031406164169311523e-01
-8.446531295776367188e-01
-8.510861396789550781e-01
-8.709290623664855957e-01
-8.529103994369506836e-01
-4.313223958015441895e-01
-3.904339075088500977e-01
-4.611750245094299316e-01
-4.977049827575683594e-01
-1.176840662956237793e-01
1.287174224853515625e-02
-1.467777490615844727e-01
-2.779239416122436523e-01
-8.695645332336425781e-01
-8.472810983657836914e-01
-8.569357991218566895e-01
-8.587499260902404785e-01
-4.402789473533630371e-01
-3.537249565124511719e-01
-4.488211274147033691e-01
-4.710055589675903320e-01
-7.183110713958740234e-02
3.957939147949218750e-02
-1.373494863510131836e-01
-2.245876193046569824e-01
-8.412161469459533691e-01
-8.140493631362915039e-01
-8.343381881713867188e-01
-8.372868299484252930e-01
-4.405188560485839844e-01
-4.090694189071655273e-01
-4.968184828758239746e-01
-4.877989292144775391e-01
-1.522189378738403320e-01
-9.217149019241333008e-02
-2.192930579185485840e-01
-2.030215859413146973e-01
-8.375844955444335938e-01
-8.163830041885375977e-01
-8.156564235687255859e-01
-8.154181838035583496e-01
-4.462082386016845703e-01
-3.961356878280639648e-01
-4.204121232032775879e-01
-4.403709173202514648e-01
-2.084806561470031738e-01
-8.913362026214599609e-02
-1.431825757026672363e-01
-1.659184098243713379e-01
-7.993786334991455078e-01
-7.858238220214843750e-01
-7.977578043937683105e-01
-8.081640005111694336e-01
-3.823632001876831055e-01
-3.331942558288574219e-01
-3.235744237899780273e-01
-3.607631921768188477e-01
-1.085803508758544922e-01
1.679849624633789062e-02
2.846539020538330078e-02
-5.025374889373779297e-02
-7.939611673355102539e-01
-8.026956319808959961e-01
-7.871669530868530273e-01
-8.107714653015136719e-01
-2.944433093070983887e-01
-2.345474958419799805e-01
-2.223817110061645508e-01
-2.702559828758239746e-01
9.952378273010253906e-02
2.199108600616455078e-01
1.677217483520507812e-01
8.034741878509521484e-02
-7.564627528190612793e-01
-7.576782107353210449e-01
-7.494114637374877930e-01
-7.698144912719726562e-01
-2.851450443267822266e-01
-2.394245862960815430e-01
-2.506249547004699707e-01
-2.631664872169494629e-01
1.253623962402343750e-01
1.781902313232421875e-01
8.215677738189697266e-02
4.476594924926757812e-02
