-1.808490157127380371e-01
-1.972747892141342163e-01
-2.893301248550415039e-01
-2.574519217014312744e-01
2.183936536312103271e-01
2.621836960315704346e-01
2.386876940727233887e-01
2.161355316638946533e-01
4.237779378890991211e-01
5.206769704818725586e-01
7.033388018608093262e-01
5.731427669525146484e-01
-3.187702894210815430e-01
-2.508239746093750000e-01
-2.750297784805297852e-01
-3.094690442085266113e-01
1.987390220165252686e-01
1.801211833953857422e-01
1.423537880182266235e-01
1.995155811309814453e-01
6.933850049972534180e-01
5.089930295944213867e-01
4.869641661643981934e-01
6.756708621978759766e-01
-1.561219394207000732e-01
-1.626568138599395752e-01
-1.210517883300781250e-01
-1.261754930019378662e-01
1.502301990985870361e-01
1.153845489025115967e-01
1.005097478628158569e-01
1.172723174095153809e-01
4.374184310436248779e-01
3.123871684074401855e-01
2.140756100416183472e-01
3.137854337692260742e-01
-1.462307870388031006e-01
-2.234507650136947632e-01
-1.858476400375366211e-01
-1.378079205751419067e-01
7.222795486450195312e-02
1.686377823352813721e-02
2.567525207996368408e-02
6.349641084671020508e-02
2.176331728696823120e-01
1.583735197782516479e-01
1.232117414474487305e-01
2.201510071754455566e-01
-2.008960247039794922e-01
-2.446236014366149902e-01
-2.051619589328765869e-01
-1.780582666397094727e-01
2.945917844772338867e-02
-1.385861635208129883e-02
3.447562456130981445e-02
5.598422884941101074e-02
1.619230359792709351e-01
1.750768572092056274e-01
2.279898822307586670e-01
2.208558320999145508e-01
-2.024624794721603394e-01
-2.521094083786010742e-01
-2.463031709194183350e-01
-2.328560054302215576e-01
8.602653443813323975e-02
1.525506377220153809e-03
8.080679178237915039e-02
1.290911138057708740e-01
2.898969948291778564e-01
2.381019294261932373e-01
3.788550198078155518e-01
4.310287237167358398e-01
-2.676490247249603271e-01
-2.674996554851531982e-01
-2.632224559783935547e-01
-2.661714553833007812e-01
1.171351224184036255e-01
4.890388250350952148e-02
1.694925576448440552e-01
2.578243613243103027e-01
4.460790455341339111e-01
3.098194301128387451e-01
5.517691373825073242e-01
7.359579205513000488e-01
-2.233260124921798706e-01
-2.726059257984161377e-01
-3.351919054985046387e-01
-2.926973998546600342e-01
1.737752407789230347e-01
1.655330210924148560e-01
8.472071588039398193e-02
1.006154417991638184e-01
5.319027900695800781e-01
5.081793069839477539e-01
5.571855306625366211e-01
4.981799125671386719e-01
-3.631079792976379395e-01
-3.452244997024536133e-01
-3.072761893272399902e-01
-3.035893440246582031e-01
7.424795627593994141e-02
9.001374244689941406e-02
1.567099690437316895e-01
1.599604636430740356e-01
5.810633897781372070e-01
5.237381458282470703e-01
5.337778925895690918e-01
6.003782749176025391e-01
-1.555524021387100220e-01
-1.260835230350494385e-01
-7.558372616767883301e-02
-1.107518374919891357e-01
1.572586447000503540e-01
9.420228004455566406e-02
1.435973048210144043e-01
1.752238273620605469e-01
4.210286736488342285e-01
2.790964245796203613e-01
2.708193957805633545e-01
4.298121333122253418e-01
-4.453969001770019531e-02
-6.115116178989410400e-02
-3.905704617500305176e-02
-4.905164241790771484e-02
1.505853086709976196e-01
1.266720294952392578e-01
1.200319379568099976e-01
1.362500488758087158e-01
3.163746893405914307e-01
2.618922293186187744e-01
1.980516910552978516e-01
2.741339802742004395e-01
-6.181524693965911865e-02
-8.011092245578765869e-02
-9.111520648002624512e-02
-6.555716693401336670e-02
1.433627307415008545e-01
1.652293801307678223e-01
2.081588804721832275e-01
1.698272228240966797e-01
2.625929713249206543e-01
3.521184921264648438e-01
4.006673693656921387e-01
3.088632822036743164e-01
-1.433261930942535400e-01
-1.880994439125061035e-01
-2.451619207859039307e-01
-2.033698558807373047e-01
2.131871432065963745e-01
2.214207947254180908e-01
1.852173060178756714e-01
1.808681786060333252e-01
4.327720105648040771e-01
4.967598915100097656e-01
5.838395953178405762e-01
5.054440498352050781e-01
-3.087254464626312256e-01
-2.800640463829040527e-01
-2.886867225170135498e-01
-2.703583240509033203e-01
1.635882854461669922e-01
2.303119599819183350e-01
2.599234580993652344e-01
2.764384448528289795e-01
6.455025076866149902e-01
6.189613342285156250e-01
7.609906792640686035e-01
8.207232356071472168e-01
-2.093573063611984253e-01
-2.838608026504516602e-01
-3.278921842575073242e-01
-2.297364622354507446e-01
2.899240851402282715e-01
1.625994443893432617e-01
1.516894400119781494e-01
2.558404207229614258e-01
7.542387247085571289e-01
5.464103817939758301e-01
5.946959853172302246e-01
7.190462350845336914e-01
-2.990998625755310059e-01
-2.621049284934997559e-01
-2.012077122926712036e-01
-2.178418338298797607e-01
1.827417612075805664e-01
2.168871760368347168e-01
2.359651625156402588e-01
2.214360833168029785e-01
6.365385055541992188e-01
6.116026639938354492e-01
5.904790163040161133e-01
6.431017518043518066e-01
-1.256930381059646606e-01
-1.203522086143493652e-01
-7.514822483062744141e-02
-9.956869482994079590e-02
1.496990174055099487e-01
1.556508839130401611e-01
1.906030923128128052e-01
1.805502027273178101e-01
4.103455543518066406e-01
3.705393075942993164e-01
3.933544158935546875e-01
4.623637795448303223e-01
-6.721952557563781738e-02
-6.613062322139739990e-02
-5.982141196727752686e-02
-7.053977251052856445e-02
1.583265513181686401e-01
1.517312824726104736e-01
1.602677404880523682e-01
1.611855775117874146e-01
3.387078046798706055e-01
3.307719230651855469e-01
2.953554093837738037e-01
3.268844783306121826e-01
-8.017483353614807129e-02
-8.073896169662475586e-02
-1.124676018953323364e-01
-1.133533120155334473e-01
1.889204978942871094e-01
1.887471377849578857e-01
1.417617946863174438e-01
1.188751310110092163e-01
3.517977297306060791e-01
3.886201381683349609e-01
3.704231381416320801e-01
2.998693585395812988e-01
-1.580309122800827026e-01
-1.893164217472076416e-01
-2.469551861286163330e-01
-2.084711045026779175e-01
1.892987787723541260e-01
1.816114634275436401e-01
1.094721257686614990e-01
1.263846755027770996e-01
4.595826864242553711e-01
5.145037174224853516e-01
4.918085038661956787e-01
4.312671422958374023e-01
-3.235038518905639648e-01
-2.777879834175109863e-01
-3.045030236244201660e-01
-2.984803617000579834e-01
1.240918487310409546e-01
2.941214442253112793e-01
2.879597246646881104e-01
2.008837759494781494e-01
5.753396749496459961e-01
7.519783973693847656e-01
8.973423242568969727e-01
7.588078975677490234e-01
-1.150966882705688477e-01
-1.955170482397079468e-01
-2.683074176311492920e-01
-1.514493972063064575e-01
5.053955316543579102e-01
3.670594692230224609e-01
2.704988121986389160e-01
4.432172775268554688e-01
9.762306213378906250e-01
7.231296300888061523e-01
7.256530523300170898e-01
9.527345895767211914e-01
-2.567930519580841064e-01
-1.863617300987243652e-01
-1.449340581893920898e-01
-1.575448364019393921e-01
2.020168006420135498e-01
2.266332060098648071e-01
2.287668287754058838e-01
2.565116286277770996e-01
6.242863535881042480e-01
5.634023547172546387e-01
5.337378978729248047e-01
6.663922071456909180e-01
-1.084309071302413940e-01
-9.955535829067230225e-02
-8.623237907886505127e-02
-9.706966578960418701e-02
1.312732398509979248e-01
1.538696438074111938e-01
1.807442903518676758e-01
1.708903610706329346e-01
3.559114336967468262e-01
3.772159814834594727e-01
3.800255060195922852e-01
3.789719939231872559e-01
-8.105631172657012939e-02
-9.490491449832916260e-02
-9.137895703315734863e-02
-9.103348851203918457e-02
1.464687585830688477e-01
1.188873201608657837e-01
1.224826946854591370e-01
1.497779190540313721e-01
3.236542344093322754e-01
3.083865642547607422e-01
2.897866964340209961e-01
3.270325660705566406e-01
-9.914989769458770752e-02
-1.227238625288009644e-01
-1.468911767005920410e-01
-1.290956437587738037e-01
1.365434527397155762e-01
1.300291419029235840e-01
1.402422785758972168e-01
1.084719151258468628e-01
3.032896816730499268e-01
3.405800461769104004e-01
3.655595779418945312e-01
2.901299297809600830e-01
-2.316651195287704468e-01
-2.681153118610382080e-01
-3.087934553623199463e-01
-2.635266780853271484e-01
1.642655283212661743e-01
1.200066208839416504e-01
9.348663687705993652e-02
9.589457511901855469e-02
4.515821933746337891e-01
4.709402024745941162e-01
4.529022574424743652e-01
4.020676612854003906e-01
-3.198954463005065918e-01
-2.896459102630615234e-01
-2.914403676986694336e-01
-3.023771047592163086e-01
1.700644940137863159e-01
2.853792011737823486e-01
2.706810832023620605e-01
1.653957664966583252e-01
6.177815198898315430e-01
8.282998800277709961e-01
8.097268342971801758e-01
6.392694711685180664e-01
-1.391619294881820679e-01
-1.941708475351333618e-01
-3.303616642951965332e-01
-2.307484596967697144e-01
5.256823897361755371e-01
4.216509759426116943e-01
2.661808729171752930e-01
4.647440910339355469e-01
1.127803564071655273e+00
8.830783963203430176e-01
7.922699451446533203e-01
1.114371180534362793e+00
-3.044489026069641113e-01
-2.096712887287139893e-01
-1.658872067928314209e-01
-2.351836115121841431e-01
1.163227260112762451e-01
1.452664732933044434e-01
2.007178068161010742e-01
2.153381705284118652e-01
6.091194748878479004e-01
5.113989710807800293e-01
4.871646463871002197e-01
6.455647945404052734e-01
-1.000031530857086182e-01
-8.281078934669494629e-02
-8.076485991477966309e-02
-1.139967143535614014e-01
1.246800497174263000e-01
1.592807471752166748e-01
1.743072271347045898e-01
1.232029572129249573e-01
3.336763381958007812e-01
3.392064273357391357e-01
3.690671026706695557e-01
3.286895453929901123e-01
-7.895541191101074219e-02
-8.427381515502929688e-02
-5.895891785621643066e-02
-6.881570816040039062e-02
1.496309638023376465e-01
1.418958008289337158e-01
1.609017103910446167e-01
1.847901642322540283e-01
3.379222452640533447e-01
2.963547706604003906e-01
2.997111082077026367e-01
3.547680377960205078e-01
-8.089435100555419922e-02
-1.021337956190109253e-01
-1.109660565853118896e-01
-1.069937050342559814e-01
1.438346803188323975e-01
1.512322425842285156e-01
1.234289407730102539e-01
1.169442385435104370e-01
3.091878890991210938e-01
3.076508343219757080e-01
2.989816069602966309e-01
2.838304936885833740e-01
-1.768731325864791870e-01
-1.986698657274246216e-01
-2.524678111076354980e-01
-1.909654438495635986e-01
1.930258572101593018e-01
1.417067945003509521e-01
4.238450527191162109e-02
9.608407318592071533e-02
4.613099694252014160e-01
4.521425962448120117e-01
3.344873785972595215e-01
3.528051078319549561e-01
-2.595550417900085449e-01
-2.235537916421890259e-01
-2.280805110931396484e-01
-2.351153492927551270e-01
9.174522757530212402e-02
1.976817250251770020e-01
2.100892066955566406e-01
1.549579799175262451e-01
4.628378748893737793e-01
6.478872895240783691e-01
7.190854549407958984e-01
5.651446580886840820e-01
-2.000459134578704834e-01
-2.686017751693725586e-01
-3.879865407943725586e-01
-2.885638177394866943e-01
4.541317224502563477e-01
4.383071064949035645e-01
2.758252918720245361e-01
4.466218948364257812e-01
1.061930537223815918e+00
1.113666415214538574e+00
9.290221929550170898e-01
1.023374080657958984e+00
-3.716115951538085938e-01
-2.824449539184570312e-01
-2.249511182308197021e-01
-2.998543083667755127e-01
1.306568682193756104e-01
1.328315734863281250e-01
2.207199037075042725e-01
1.980424225330352783e-01
6.661683320999145508e-01
5.813312530517578125e-01
5.132300853729248047e-01
6.826730966567993164e-01
-1.078304499387741089e-01
-1.125604808330535889e-01
-9.923157095909118652e-02
-1.278164982795715332e-01
1.832596957683563232e-01
1.294991075992584229e-01
1.458551585674285889e-01
1.578071564435958862e-01
4.467152357101440430e-01
3.531805276870727539e-01
3.369519710540771484e-01
4.015806615352630615e-01
-7.908129692077636719e-02
-7.322102785110473633e-02
-5.895757675170898438e-02
-6.457869708538055420e-02
2.141977995634078979e-01
1.625759899616241455e-01
1.811244487762451172e-01
2.003290355205535889e-01
4.384014606475830078e-01
3.133752644062042236e-01
3.279106616973876953e-01
4.289976060390472412e-01
-5.028080940246582031e-02
-6.400501728057861328e-02
-6.412719190120697021e-02
-7.006111741065979004e-02
1.580336689949035645e-01
1.623393595218658447e-01
1.448641866445541382e-01
1.122746616601943970e-01
3.301351368427276611e-01
3.478470444679260254e-01
3.321711421012878418e-01
3.003801107406616211e-01
-1.387305855751037598e-01
-1.685972213745117188e-01
-2.409728467464447021e-01
-2.352012246847152710e-01
1.650158762931823730e-01
1.769483089447021484e-01
1.422973275184631348e-01
1.147764474153518677e-01
4.129456877708435059e-01
4.836858808994293213e-01
4.822384715080261230e-01
4.090397357940673828e-01
-3.361521959304809570e-01
-2.857303917407989502e-01
-3.093813061714172363e-01
-3.287903964519500732e-01
8.433404564857482910e-02
1.852789521217346191e-01
2.573007643222808838e-01
2.338551878929138184e-01
5.429705381393432617e-01
6.602927446365356445e-01
8.423184752464294434e-01
7.701024413108825684e-01
-2.235404551029205322e-01
-2.485433816909790039e-01
-3.065969347953796387e-01
-2.472425103187561035e-01
3.390163481235504150e-01
4.594464898109436035e-01
2.441232204437255859e-01
1.705808043479919434e-01
7.918015718460083008e-01
1.134699583053588867e+00
7.289943695068359375e-01
4.463940560817718506e-01
-2.725471258163452148e-01
-2.337430715560913086e-01
-1.813221424818038940e-01
-1.968614757061004639e-01
1.447027027606964111e-01
1.537546962499618530e-01
1.357391774654388428e-01
1.755281239748001099e-01
6.242918372154235840e-01
5.985859632492065430e-01
3.841344714164733887e-01
4.322350025177001953e-01
-8.678138256072998047e-02
-1.145286858081817627e-01
-9.152173995971679688e-02
-7.747395336627960205e-02
1.520285010337829590e-01
1.359830349683761597e-01
1.201447695493698120e-01
1.650285422801971436e-01
3.733256161212921143e-01
2.874152362346649170e-01
2.804043591022491455e-01
4.203130006790161133e-01
-1.197701543569564819e-01
-9.279435873031616211e-02
-1.034077256917953491e-01
-1.166189014911651611e-01
1.680656820535659790e-01
1.905007362365722656e-01
1.882454603910446167e-01
2.074783295392990112e-01
3.039991557598114014e-01
3.408750891685485840e-01
3.870321810245513916e-01
4.264826774597167969e-01
-7.682499289512634277e-02
-8.422334492206573486e-02
-8.246728777885437012e-02
-9.919987618923187256e-02
1.363773792982101440e-01
1.374127864837646484e-01
2.309660017490386963e-01
2.179903686046600342e-01
2.822266817092895508e-01
3.501534759998321533e-01
5.021898746490478516e-01
4.493895769119262695e-01
-1.541532874107360840e-01
-2.145096063613891602e-01
-2.492474317550659180e-01
-2.216145843267440796e-01
2.396871000528335571e-01
1.843210160732269287e-01
2.309603095054626465e-01
2.292336225509643555e-01
5.285036563873291016e-01
5.748739242553710938e-01
6.217606663703918457e-01
5.612655282020568848e-01
-3.292595148086547852e-01
-3.374250233173370361e-01
-3.042379617691040039e-01
-3.153305053710937500e-01
2.044968158006668091e-01
2.085077464580535889e-01
2.420036345720291138e-01
2.731689214706420898e-01
7.733051776885986328e-01
7.729631066322326660e-01
6.976354122161865234e-01
7.586847543716430664e-01
