1.403448581695556641e-01
1.405491083860397339e-01
1.394419819116592407e-01
1.414177566766738892e-01
2.522323429584503174e-01
2.424000352621078491e-01
2.660669088363647461e-01
2.734525799751281738e-01
3.289094865322113037e-01
3.085888028144836426e-01
3.416533172130584717e-01
3.575381040573120117e-01
1.224715709686279297e-01
1.224703490734100342e-01
1.168657690286636353e-01
1.225952953100204468e-01
2.443331927061080933e-01
2.156696319580078125e-01
2.215943187475204468e-01
2.566250562667846680e-01
3.385378122329711914e-01
2.894966900348663330e-01
3.040670156478881836e-01
3.566025793552398682e-01
9.900745004415512085e-02
9.200356155633926392e-02
9.715390950441360474e-02
1.050976514816284180e-01
2.130521237850189209e-01
1.876869499683380127e-01
1.901566237211227417e-01
2.218451797962188721e-01
3.003385663032531738e-01
2.612038850784301758e-01
2.793728709220886230e-01
3.189453184604644775e-01
9.687998890876770020e-02
8.818281441926956177e-02
1.023627221584320068e-01
1.065202355384826660e-01
1.947327852249145508e-01
1.948932409286499023e-01
2.069759368896484375e-01
2.075957953929901123e-01
2.658101022243499756e-01
2.627304792404174805e-01
2.818008065223693848e-01
2.900560498237609863e-01
1.094756871461868286e-01
1.064229160547256470e-01
1.139011085033416748e-01
1.104063838720321655e-01
2.059874832630157471e-01
1.989690959453582764e-01
2.080050706863403320e-01
2.062067240476608276e-01
2.727483510971069336e-01
2.644754946231842041e-01
2.817523479461669922e-01
2.824628055095672607e-01
9.853394329547882080e-02
9.542250633239746094e-02
8.877450227737426758e-02
8.409887552261352539e-02
1.995405405759811401e-01
1.721687614917755127e-01
1.836048364639282227e-01
2.054922133684158325e-01
2.710831165313720703e-01
2.234437465667724609e-01
2.520322501659393311e-01
2.972777783870697021e-01
6.157153472304344177e-02
5.435258895158767700e-02
4.971083998680114746e-02
5.071344971656799316e-02
1.393829584121704102e-01
1.147936880588531494e-01
1.139112636446952820e-01
1.456436514854431152e-01
2.089236974716186523e-01
1.638863086700439453e-01
1.768400669097900391e-01
2.309926450252532959e-01
1.535096764564514160e-01
1.425523161888122559e-01
1.365927010774612427e-01
1.471233516931533813e-01
2.757361233234405518e-01
2.707855701446533203e-01
2.728706300258636475e-01
2.757427096366882324e-01
3.717946708202362061e-01
3.617322742938995361e-01
3.754248619079589844e-01
3.699557781219482422e-01
1.290190964937210083e-01
1.240946128964424133e-01
1.161124259233474731e-01
1.225688308477401733e-01
2.599218487739562988e-01
2.493538409471511841e-01
2.412088215351104736e-01
2.530546188354492188e-01
3.717509806156158447e-01
3.443967700004577637e-01
3.404055833816528320e-01
3.709349334239959717e-01
1.061075478792190552e-01
1.076188385486602783e-01
1.123301982879638672e-01
1.142733395099639893e-01
2.367945462465286255e-01
2.301035076379776001e-01
2.269611060619354248e-01
2.377759963274002075e-01
3.378618061542510986e-01
3.311041593551635742e-01
3.149231374263763428e-01
3.389065563678741455e-01
1.212278604507446289e-01
1.153594627976417542e-01
1.256297230720520020e-01
1.232505217194557190e-01
2.303144782781600952e-01
2.266890406608581543e-01
2.372198104858398438e-01
2.382810860872268677e-01
3.116433024406433105e-01
3.066034317016601562e-01
3.086550831794738770e-01
3.177972137928009033e-01
1.256863921880722046e-01
1.172347068786621094e-01
1.110137104988098145e-01
1.192399561405181885e-01
2.249599695205688477e-01
2.128792703151702881e-01
2.218644767999649048e-01
2.292801141738891602e-01
2.931119203567504883e-01
2.933065891265869141e-01
3.108867108821868896e-01
3.094208240509033203e-01
8.603984862565994263e-02
7.696183025836944580e-02
6.424318999052047729e-02
7.558168470859527588e-02
2.101884633302688599e-01
1.880966871976852417e-01
1.716897636651992798e-01
1.934297978878021240e-01
2.982349693775177002e-01
2.717564105987548828e-01
2.702251672744750977e-01
2.920215129852294922e-01
6.613746285438537598e-02
6.028392165899276733e-02
6.641587615013122559e-02
7.277441024780273438e-02
1.507818847894668579e-01
1.338678300380706787e-01
1.439758539199829102e-01
1.686715781688690186e-01
2.498964518308639526e-01
2.016941905021667480e-01
2.058397978544235229e-01
2.536902427673339844e-01
1.428291797637939453e-01
1.395520865917205811e-01
1.297684609889984131e-01
1.417543888092041016e-01
2.810604870319366455e-01
2.725859880447387695e-01
2.699997127056121826e-01
2.729751467704772949e-01
3.873836696147918701e-01
3.714341223239898682e-01
3.772385120391845703e-01
3.798696696758270264e-01
1.176973432302474976e-01
1.160282790660858154e-01
1.169622838497161865e-01
1.165150552988052368e-01
2.526817023754119873e-01
2.495691180229187012e-01
2.444900721311569214e-01
2.503707408905029297e-01
3.724125921726226807e-01
3.629759550094604492e-01
3.584114909172058105e-01
3.681399226188659668e-01
1.080049723386764526e-01
1.076374202966690063e-01
1.137990280985832214e-01
1.110249906778335571e-01
2.352475374937057495e-01
2.411918044090270996e-01
2.353714257478713989e-01
2.253527641296386719e-01
3.465360999107360840e-01
3.515166044235229492e-01
3.320952951908111572e-01
3.324188888072967529e-01
1.148930639028549194e-01
1.151214390993118286e-01
1.118360012769699097e-01
1.139664649963378906e-01
2.306147962808609009e-01
2.284919917583465576e-01
2.296294867992401123e-01
2.376751303672790527e-01
3.341378867626190186e-01
3.194352090358734131e-01
3.173259496688842773e-01
3.350118994712829590e-01
1.115550994873046875e-01
1.108533665537834167e-01
1.074974983930587769e-01
1.076404601335525513e-01
2.257277965545654297e-01
2.156226783990859985e-01
2.025253921747207642e-01
2.110891193151473999e-01
3.155118823051452637e-01
2.954869270324707031e-01
2.834928333759307861e-01
3.012672960758209229e-01
9.310559928417205811e-02
8.571597188711166382e-02
7.437287271022796631e-02
8.449621498584747314e-02
2.057362496852874756e-01
1.977593004703521729e-01
1.737832725048065186e-01
1.839715689420700073e-01
2.953321337699890137e-01
2.914224267005920410e-01
2.625651955604553223e-01
2.649154663085937500e-01
7.602230459451675415e-02
8.181516081094741821e-02
8.734767138957977295e-02
8.821579813957214355e-02
1.680541932582855225e-01
1.725655794143676758e-01
1.761510223150253296e-01
1.913362443447113037e-01
2.645690739154815674e-01
2.306539863348007202e-01
2.527106404304504395e-01
2.875975966453552246e-01
1.387011855840682983e-01
1.303121745586395264e-01
1.186319962143898010e-01
1.352536678314208984e-01
2.845178246498107910e-01
2.769954204559326172e-01
2.608277499675750732e-01
2.685770690441131592e-01
3.858047127723693848e-01
3.702451884746551514e-01
3.724403679370880127e-01
3.858444392681121826e-01
1.099764108657836914e-01
1.110435947775840759e-01
1.141571551561355591e-01
1.194140091538429260e-01
2.532080709934234619e-01
2.521485686302185059e-01
2.502192258834838867e-01
2.511005401611328125e-01
3.774572312831878662e-01
3.713487386703491211e-01
3.545574545860290527e-01
3.674748241901397705e-01
1.167140901088714600e-01
1.141464784741401672e-01
1.156516671180725098e-01
1.218762546777725220e-01
2.441262751817703247e-01
2.367001473903656006e-01
2.286376655101776123e-01
2.307055741548538208e-01
3.454094529151916504e-01
3.506003022193908691e-01
3.259359896183013916e-01
3.187501430511474609e-01
1.069980263710021973e-01
1.003753244876861572e-01
9.670391678810119629e-02
9.700720757246017456e-02
2.272800952196121216e-01
2.175156921148300171e-01
2.171514183282852173e-01
2.285934090614318848e-01
3.324068486690521240e-01
3.157440423965454102e-01
3.174091875553131104e-01
3.401210010051727295e-01
9.916336834430694580e-02
1.011722534894943237e-01
1.013287752866744995e-01
9.613838046789169312e-02
2.094177454710006714e-01
2.057931274175643921e-01
2.021970599889755249e-01
2.097205668687820435e-01
3.141385614871978760e-01
2.948215007781982422e-01
2.843493819236755371e-01
2.952324748039245605e-01
9.581437706947326660e-02
8.793941140174865723e-02
7.986162602901458740e-02
8.550012856721878052e-02
2.061274796724319458e-01
2.051751613616943359e-01
1.908137798309326172e-01
1.792463660240173340e-01
2.934707105159759521e-01
3.020667135715484619e-01
2.884580790996551514e-01
2.791920006275177002e-01
7.362486422061920166e-02
8.069455623626708984e-02
8.224982023239135742e-02
7.825072109699249268e-02
1.948962509632110596e-01
2.009665071964263916e-01
2.142010033130645752e-01
2.149516642093658447e-01
2.888799607753753662e-01
2.845989167690277100e-01
3.114664256572723389e-01
3.286911547183990479e-01
1.240269839763641357e-01
1.253422498703002930e-01
1.104612573981285095e-01
1.201604753732681274e-01
2.581999897956848145e-01
2.567509114742279053e-01
2.468879818916320801e-01
2.517790794372558594e-01
3.606093823909759521e-01
3.623867332935333252e-01
3.610065281391143799e-01
3.588569760322570801e-01
1.106771975755691528e-01
1.183537989854812622e-01
1.251282393932342529e-01
1.172876432538032532e-01
2.375406324863433838e-01
2.485605180263519287e-01
2.470292299985885620e-01
2.372595071792602539e-01
3.533208370208740234e-01
3.582017123699188232e-01
3.440602421760559082e-01
3.420896828174591064e-01
1.233265325427055359e-01
1.276762336492538452e-01
1.274108439683914185e-01
1.247435659170150757e-01
2.369722127914428711e-01
2.319801449775695801e-01
2.210088819265365601e-01
2.298062592744827271e-01
3.316143453121185303e-01
3.207828402519226074e-01
3.152919113636016846e-01
3.132755756378173828e-01
1.013421043753623962e-01
9.524270892143249512e-02
9.474872797727584839e-02
1.014062464237213135e-01
2.168980687856674194e-01
2.178825289011001587e-01
2.148723900318145752e-01
2.242532819509506226e-01
3.239553272724151611e-01
3.191265761852264404e-01
3.107456862926483154e-01
3.163018226623535156e-01
1.024999320507049561e-01
1.043177396059036255e-01
1.078774258494377136e-01
1.017063409090042114e-01
2.104491740465164185e-01
2.101452350616455078e-01
2.010776549577713013e-01
2.051164507865905762e-01
3.005259931087493896e-01
2.873305976390838623e-01
2.728578150272369385e-01
2.845175266265869141e-01
9.789838641881942749e-02
9.384056925773620605e-02
7.877194881439208984e-02
9.338591992855072021e-02
2.029008269309997559e-01
1.962301284074783325e-01
1.854934543371200562e-01
1.919497400522232056e-01
2.801773846149444580e-01
2.894344627857208252e-01
2.847023010253906250e-01
2.786611020565032959e-01
7.230684161186218262e-02
8.102373778820037842e-02
8.883427083492279053e-02
8.374930918216705322e-02
1.880045682191848755e-01
2.166101038455963135e-01
2.225835323333740234e-01
2.087736874818801880e-01
2.969337999820709229e-01
3.124943375587463379e-01
3.164288997650146484e-01
3.071210980415344238e-01
1.091806441545486450e-01
1.063270121812820435e-01
1.013901829719543457e-01
1.050381362438201904e-01
2.417163252830505371e-01
2.550958395004272461e-01
2.467330694198608398e-01
2.416224330663681030e-01
3.564878106117248535e-01
3.771274387836456299e-01
3.711373805999755859e-01
3.486730158329010010e-01
1.089695319533348083e-01
1.150644719600677490e-01
1.198736876249313354e-01
1.110943630337715149e-01
2.400282621383666992e-01
2.354938387870788574e-01
2.406573891639709473e-01
2.400019764900207520e-01
3.546181023120880127e-01
3.527599871158599854e-01
3.343854546546936035e-01
3.436695039272308350e-01
1.197650581598281860e-01
1.151397451758384705e-01
1.165343225002288818e-01
1.165686026215553284e-01
2.364878356456756592e-01
2.185438722372055054e-01
2.145512700080871582e-01
2.291578650474548340e-01
3.299718797206878662e-01
3.079713881015777588e-01
2.954188585281372070e-01
3.169735372066497803e-01
9.927931427955627441e-02
9.732960164546966553e-02
9.376857429742813110e-02
9.627544879913330078e-02
2.182565033435821533e-01
2.198262363672256470e-01
2.078993618488311768e-01
2.055891305208206177e-01
3.174633085727691650e-01
3.136088252067565918e-01
3.037645816802978516e-01
3.017251789569854736e-01
9.880098700523376465e-02
1.013082414865493774e-01
1.028692796826362610e-01
9.663631021976470947e-02
1.976445764303207397e-01
1.984297186136245728e-01
2.036139070987701416e-01
2.034203261137008667e-01
2.861033082008361816e-01
2.770224511623382568e-01
2.804814577102661133e-01
2.925233542919158936e-01
9.439529478549957275e-02
8.744557201862335205e-02
7.644141465425491333e-02
8.105404675006866455e-02
2.025286257266998291e-01
1.972263455390930176e-01
1.926514506340026855e-01
1.961561143398284912e-01
2.871598899364471436e-01
2.934626340866088867e-01
2.924605607986450195e-01
2.907816767692565918e-01
7.747370004653930664e-02
8.658382296562194824e-02
8.992861211299896240e-02
8.272987604141235352e-02
1.862552464008331299e-01
2.087568342685699463e-01
2.015340030193328857e-01
1.934363394975662231e-01
3.045211434364318848e-01
3.124257028102874756e-01
2.897725999355316162e-01
2.881917357444763184e-01
1.157094389200210571e-01
1.152930334210395813e-01
1.131646111607551575e-01
1.145500987768173218e-01
2.213612496852874756e-01
2.439158111810684204e-01
2.360134422779083252e-01
2.141993939876556396e-01
3.004897534847259521e-01
3.499212563037872314e-01
3.250453472137451172e-01
2.786955237388610840e-01
1.195523440837860107e-01
1.196558475494384766e-01
1.231354698538780212e-01
1.226453632116317749e-01
2.316069304943084717e-01
2.351360768079757690e-01
2.328447401523590088e-01
2.362679690122604370e-01
3.228697478771209717e-01
3.418365418910980225e-01
3.211776018142700195e-01
3.052410483360290527e-01
1.125136464834213257e-01
1.115680336952209473e-01
1.087656617164611816e-01
1.122173368930816650e-01
2.290016561746597290e-01
2.157354801893234253e-01
2.011670172214508057e-01
2.183637022972106934e-01
3.142742216587066650e-01
3.007075488567352295e-01
2.796232700347900391e-01
3.040687739849090576e-01
9.360349178314208984e-02
9.166486561298370361e-02
8.742715418338775635e-02
9.070496261119842529e-02
2.068070620298385620e-01
2.098031342029571533e-01
1.938115507364273071e-01
1.911948472261428833e-01
2.861769199371337891e-01
2.998628020286560059e-01
2.640272676944732666e-01
2.672041952610015869e-01
9.038618206977844238e-02
9.025392681360244751e-02
9.313757717609405518e-02
8.991856873035430908e-02
1.916848719120025635e-01
1.879817694425582886e-01
1.862263530492782593e-01
1.878086030483245850e-01
2.649068832397460938e-01
2.686674594879150391e-01
2.549309134483337402e-01
2.639096975326538086e-01
9.488537162542343140e-02
9.101131558418273926e-02
9.221551567316055298e-02
9.140254557132720947e-02
1.926602572202682495e-01
2.009478807449340820e-01
1.957076787948608398e-01
1.870424747467041016e-01
2.709781825542449951e-01
2.938591837882995605e-01
2.827017903327941895e-01
2.662560343742370605e-01
9.460322558879852295e-02
9.387645870447158813e-02
9.712594002485275269e-02
9.286478161811828613e-02
1.892596483230590820e-01
2.055571526288986206e-01
2.097251862287521362e-01
1.988559067249298096e-01
2.769682407379150391e-01
3.013921082019805908e-01
2.884481251239776611e-01
2.694012224674224854e-01
