6.663194298744201660e-02
6.263816356658935547e-02
6.212367117404937744e-02
5.957612395286560059e-02
1.173573136329650879e-01
1.150169968605041504e-01
1.264101862907409668e-01
1.234814375638961792e-01
1.652688086032867432e-01
1.579628735780715942e-01
1.805190742015838623e-01
1.760071218013763428e-01
4.635632038116455078e-02
5.360636115074157715e-02
4.595984518527984619e-02
4.493446648120880127e-02
1.236219257116317749e-01
1.238173544406890869e-01
1.173113286495208740e-01
1.262196153402328491e-01
1.867303848266601562e-01
1.579233109951019287e-01
1.668982952833175659e-01
1.902554333209991455e-01
5.369359254837036133e-02
5.613757669925689697e-02
6.126508116722106934e-02
5.475053191184997559e-02
1.042253077030181885e-01
1.056447476148605347e-01
1.013275831937789917e-01
1.000077426433563232e-01
1.525459438562393188e-01
1.466653048992156982e-01
1.269047260284423828e-01
1.362849026918411255e-01
6.606039404869079590e-02
5.758531391620635986e-02
6.112335622310638428e-02
6.279924511909484863e-02
9.546773135662078857e-02
9.516014158725738525e-02
9.320712089538574219e-02
9.007786214351654053e-02
1.136420220136642456e-01
1.252443939447402954e-01
1.181415468454360962e-01
1.071652173995971680e-01
4.901978373527526855e-02
4.324950277805328369e-02
4.165984690189361572e-02
4.383876919746398926e-02
9.254783391952514648e-02
9.945897758007049561e-02
9.820552170276641846e-02
9.307754039764404297e-02
1.212649941444396973e-01
1.440388411283493042e-01
1.419545859098434448e-01
1.192139387130737305e-01
4.062381386756896973e-02
3.717605769634246826e-02
3.654281795024871826e-02
3.193832933902740479e-02
1.015406548976898193e-01
1.067565083503723145e-01
1.027437597513198853e-01
9.027159214019775391e-02
1.506262570619583130e-01
1.637498885393142700e-01
1.608791798353195190e-01
1.435652226209640503e-01
4.331199824810028076e-02
4.876321554183959961e-02
4.264774918556213379e-02
3.441207110881805420e-02
1.106557101011276245e-01
1.061464399099349976e-01
1.052192002534866333e-01
1.078665852546691895e-01
1.669123917818069458e-01
1.488212645053863525e-01
1.770389229059219360e-01
1.889218986034393311e-01
6.191812455654144287e-02
5.130846798419952393e-02
4.073922336101531982e-02
5.369597673416137695e-02
1.329033374786376953e-01
1.086687743663787842e-01
1.109630614519119263e-01
1.378415673971176147e-01
2.043838649988174438e-01
1.621997356414794922e-01
1.840024739503860474e-01
2.193414121866226196e-01
3.053042292594909668e-02
3.419752418994903564e-02
2.895329892635345459e-02
2.895054221153259277e-02
1.041198223829269409e-01
1.085271388292312622e-01
9.765723347663879395e-02
1.015596091747283936e-01
1.808472275733947754e-01
1.708114147186279297e-01
1.650241017341613770e-01
1.802936196327209473e-01
4.737640917301177979e-02
5.566300451755523682e-02
6.299480795860290527e-02
5.419795215129852295e-02
9.312708675861358643e-02
9.784048795700073242e-02
9.639941155910491943e-02
9.370969235897064209e-02
1.455989331007003784e-01
1.374940425157546997e-01
1.192078739404678345e-01
1.360553056001663208e-01
6.977494060993194580e-02
6.524300575256347656e-02
6.718908250331878662e-02
6.756578385829925537e-02
9.675651788711547852e-02
9.218598902225494385e-02
9.505069255828857422e-02
9.682829678058624268e-02
1.175309270620346069e-01
1.102727800607681274e-01
1.111311167478561401e-01
1.202797144651412964e-01
6.175991892814636230e-02
5.836419761180877686e-02
5.310438573360443115e-02
5.801473557949066162e-02
9.471374750137329102e-02
9.388722479343414307e-02
8.521653711795806885e-02
8.338999748229980469e-02
1.163525879383087158e-01
1.238060444593429565e-01
1.234441995620727539e-01
1.130207031965255737e-01
4.211643338203430176e-02
3.243374824523925781e-02
2.477049827575683594e-02
3.515441715717315674e-02
8.774286508560180664e-02
7.783026993274688721e-02
8.348783850669860840e-02
9.039063751697540283e-02
1.285350769758224487e-01
1.286329478025436401e-01
1.584842801094055176e-01
1.515446752309799194e-01
1.374742388725280762e-02
1.724083721637725830e-02
1.927378773689270020e-02
2.237702906131744385e-02
7.639357447624206543e-02
8.272300660610198975e-02
1.168469488620758057e-01
1.233965605497360229e-01
1.581174433231353760e-01
1.455692499876022339e-01
2.036297321319580078e-01
2.144379019737243652e-01
5.120769143104553223e-02
3.771612048149108887e-02
2.689246088266372681e-02
5.036239326000213623e-02
1.568675637245178223e-01
1.333226263523101807e-01
1.268476694822311401e-01
1.560837626457214355e-01
2.275680452585220337e-01
2.003095597028732300e-01
2.109558433294296265e-01
2.382603436708450317e-01
2.321466058492660522e-02
2.643275260925292969e-02
3.436300158500671387e-02
2.781364321708679199e-02
1.033383309841156006e-01
1.125819087028503418e-01
1.083009690046310425e-01
1.013182401657104492e-01
1.853486001491546631e-01
1.836127638816833496e-01
1.636582911014556885e-01
1.759991645812988281e-01
4.853767156600952148e-02
4.990702867507934570e-02
5.825470387935638428e-02
5.352415144443511963e-02
1.026492267847061157e-01
9.870016574859619141e-02
1.016636639833450317e-01
1.038684546947479248e-01
1.450646370649337769e-01
1.335240900516510010e-01
1.267678439617156982e-01
1.425223052501678467e-01
6.254689395427703857e-02
6.491838395595550537e-02
6.342107057571411133e-02
5.871118605136871338e-02
9.882795810699462891e-02
9.703493118286132812e-02
9.810097515583038330e-02
1.013406962156295776e-01
1.263402253389358521e-01
1.195655465126037598e-01
1.203011572360992432e-01
1.356467157602310181e-01
6.441274285316467285e-02
5.980835855007171631e-02
6.190463900566101074e-02
6.202420592308044434e-02
1.011491566896438599e-01
1.036931276321411133e-01
1.018542349338531494e-01
9.806790947914123535e-02
1.211520433425903320e-01
1.317688524723052979e-01
1.299084573984146118e-01
1.238072365522384644e-01
4.163071513175964355e-02
2.523109316825866699e-02
1.831035315990447998e-02
3.669115900993347168e-02
1.097152978181838989e-01
9.751130640506744385e-02
9.480752050876617432e-02
1.078890860080718994e-01
1.572166383266448975e-01
1.530363410711288452e-01
1.603948324918746948e-01
1.600297540426254272e-01
1.825235784053802490e-02
2.614781260490417480e-02
3.570652008056640625e-02
3.468929231166839600e-02
1.088428795337677002e-01
1.300629675388336182e-01
1.299934238195419312e-01
1.267183274030685425e-01
1.937735974788665771e-01
1.957902014255523682e-01
2.136560976505279541e-01
2.201944589614868164e-01
5.495803058147430420e-02
4.808935523033142090e-02
3.518339991569519043e-02
4.852807521820068359e-02
1.567615121603012085e-01
1.484859734773635864e-01
1.119571328163146973e-01
1.330766975879669189e-01
2.416323274374008179e-01
2.146111577749252319e-01
1.794533729553222656e-01
2.089095413684844971e-01
4.217225313186645508e-02
4.642245173454284668e-02
5.037719011306762695e-02
5.242037773132324219e-02
9.047076106071472168e-02
1.012021452188491821e-01
1.019737422466278076e-01
9.374192357063293457e-02
1.577625125646591187e-01
1.683833003044128418e-01
1.536605954170227051e-01
1.422276943922042847e-01
5.269399285316467285e-02
5.487531423568725586e-02
5.855160951614379883e-02
6.185267865657806396e-02
9.077796339988708496e-02
9.203711152076721191e-02
9.962986409664154053e-02
9.985506534576416016e-02
1.261984109878540039e-01
1.298262178897857666e-01
1.322848051786422729e-01
1.293568909168243408e-01
5.609980225563049316e-02
5.694988369941711426e-02
5.620554089546203613e-02
5.290269851684570312e-02
8.893384039402008057e-02
9.148138761520385742e-02
9.081375598907470703e-02
8.873122930526733398e-02
1.184506118297576904e-01
1.249853074550628662e-01
1.171140521764755249e-01
1.211205422878265381e-01
6.513337790966033936e-02
6.402888894081115723e-02
6.225559115409851074e-02
6.196962296962738037e-02
1.050934791564941406e-01
9.423030912876129150e-02
8.804523944854736328e-02
9.668761491775512695e-02
1.252812892198562622e-01
1.200343370437622070e-01
1.134995818138122559e-01
1.149729490280151367e-01
4.851619899272918701e-02
4.012143611907958984e-02
3.113165497779846191e-02
4.549795389175415039e-02
1.083888262510299683e-01
1.069290637969970703e-01
8.819377422332763672e-02
8.684512972831726074e-02
1.481503993272781372e-01
1.632404774427413940e-01
1.531880944967269897e-01
1.348031014204025269e-01
3.004086017608642578e-02
4.496854543685913086e-02
5.143824219703674316e-02
3.983670473098754883e-02
9.929990768432617188e-02
1.324609071016311646e-01
1.465591639280319214e-01
1.239203065633773804e-01
1.731488555669784546e-01
2.179420739412307739e-01
2.370312511920928955e-01
2.054109722375869751e-01
3.815661370754241943e-02
4.081788659095764160e-02
3.041373193264007568e-02
3.245900571346282959e-02
1.352114081382751465e-01
1.326890140771865845e-01
1.084566861391067505e-01
1.164469718933105469e-01
2.205111235380172729e-01
2.059067040681838989e-01
1.691552400588989258e-01
1.922520548105239868e-01
3.955535590648651123e-02
4.810906946659088135e-02
5.070355534553527832e-02
4.203875362873077393e-02
8.977551758289337158e-02
9.914080798625946045e-02
1.076052933931350708e-01
9.603202342987060547e-02
1.495290994644165039e-01
1.501740366220474243e-01
1.461315751075744629e-01
1.461448371410369873e-01
5.303435027599334717e-02
5.962879955768585205e-02
5.805321037769317627e-02
5.471317470073699951e-02
1.011010110378265381e-01
9.987540543079376221e-02
9.677307307720184326e-02
1.001713722944259644e-01
1.315952688455581665e-01
1.258878558874130249e-01
1.261382997035980225e-01
1.325016021728515625e-01
5.892808735370635986e-02
5.807395279407501221e-02
5.928322672843933105e-02
5.588166415691375732e-02
8.518835902214050293e-02
9.306295216083526611e-02
9.527625143527984619e-02
8.862590789794921875e-02
1.092923879623413086e-01
1.190562695264816284e-01
1.176089495420455933e-01
1.136257201433181763e-01
5.872516334056854248e-02
5.767410993576049805e-02
5.411460995674133301e-02
5.226854979991912842e-02
9.820961952209472656e-02
9.548199176788330078e-02
9.119620919227600098e-02
9.430752694606781006e-02
1.180136054754257202e-01
1.171126067638397217e-01
1.254025995731353760e-01
1.187058836221694946e-01
4.283533990383148193e-02
4.155354201793670654e-02
2.654905617237091064e-02
3.456376492977142334e-02
1.022673547267913818e-01
1.021152585744857788e-01
9.115712344646453857e-02
8.913205564022064209e-02
1.438274681568145752e-01
1.565779298543930054e-01
1.526294797658920288e-01
1.387736499309539795e-01
2.322144806385040283e-02
3.531457483768463135e-02
3.706514835357666016e-02
2.861125767230987549e-02
9.985166788101196289e-02
1.284312456846237183e-01
1.459846794605255127e-01
1.223282516002655029e-01
1.771644949913024902e-01
2.096047848463058472e-01
2.428844869136810303e-01
2.106153219938278198e-01
2.625260502099990845e-02
2.704766392707824707e-02
2.530336380004882812e-02
2.772405743598937988e-02
1.231732964515686035e-01
1.147842109203338623e-01
9.977063536643981934e-02
1.196835339069366455e-01
2.270962595939636230e-01
2.049776315689086914e-01
1.760304868221282959e-01
1.971648037433624268e-01
3.611391782760620117e-02
3.930269181728363037e-02
4.226949810981750488e-02
3.900294005870819092e-02
9.108109772205352783e-02
9.240950644016265869e-02
9.485232830047607422e-02
8.966785669326782227e-02
1.570796668529510498e-01
1.488856971263885498e-01
1.402495205402374268e-01
1.484458744525909424e-01
4.861807823181152344e-02
5.468641221523284912e-02
5.767640471458435059e-02
5.258351564407348633e-02
9.493751823902130127e-02
9.146519005298614502e-02
9.236514568328857422e-02
9.330722689628601074e-02
1.384216696023941040e-01
1.226931959390640259e-01
1.129157543182373047e-01
1.303282976150512695e-01
6.208080053329467773e-02
5.839605629444122314e-02
6.634745001792907715e-02
6.552423536777496338e-02
8.821664750576019287e-02
9.050390124320983887e-02
9.540756046772003174e-02
9.187920391559600830e-02
1.142131239175796509e-01
1.131272763013839722e-01
1.136792898178100586e-01
1.169863790273666382e-01
6.082373857498168945e-02
5.547426640987396240e-02
5.756102502346038818e-02
5.902107059955596924e-02
9.396713972091674805e-02
9.094679355621337891e-02
9.328928589820861816e-02
9.872528910636901855e-02
1.139499247074127197e-01
1.158412992954254150e-01
1.265862286090850830e-01
1.232093274593353271e-01
4.417549073696136475e-02
3.899495303630828857e-02
3.464159369468688965e-02
4.032659530639648438e-02
9.974458813667297363e-02
9.870421886444091797e-02
9.047184884548187256e-02
9.088039398193359375e-02
1.483775973320007324e-01
1.546798646450042725e-01
1.502106636762619019e-01
1.413735747337341309e-01
2.829450368881225586e-02
3.175164759159088135e-02
3.347586095333099365e-02
3.353798389434814453e-02
9.852471947669982910e-02
1.255492269992828369e-01
1.300241500139236450e-01
1.137236505746841431e-01
1.777426749467849731e-01
2.160604447126388550e-01
2.163759022951126099e-01
1.803776025772094727e-01
5.900962650775909424e-02
4.453276097774505615e-02
4.544715583324432373e-02
5.831116437911987305e-02
1.554704606533050537e-01
1.326618194580078125e-01
1.298481523990631104e-01
1.535504907369613647e-01
2.248414605855941772e-01
2.151147723197937012e-01
1.955189406871795654e-01
2.084356099367141724e-01
4.655358195304870605e-02
4.624520242214202881e-02
4.950267076492309570e-02
4.783636331558227539e-02
1.093914210796356201e-01
9.698562324047088623e-02
1.016006618738174438e-01
1.166914403438568115e-01
1.797649562358856201e-01
1.461293101310729980e-01
1.386827975511550903e-01
1.756651252508163452e-01
5.055746436119079590e-02
5.273410677909851074e-02
5.577002465724945068e-02
5.320937931537628174e-02
1.030102074146270752e-01
9.646052122116088867e-02
8.916965126991271973e-02
1.003355979919433594e-01
1.432427614927291870e-01
1.270973682403564453e-01
1.062787473201751709e-01
1.293945014476776123e-01
6.149159371852874756e-02
6.219749152660369873e-02
6.274412572383880615e-02
5.821228027343750000e-02
9.337316453456878662e-02
8.799968659877777100e-02
8.626571297645568848e-02
9.384772181510925293e-02
1.085320562124252319e-01
9.724178910255432129e-02
9.652861952781677246e-02
1.167884469032287598e-01
6.408916413784027100e-02
6.092192232608795166e-02
6.036710739135742188e-02
6.261770427227020264e-02
9.406590461730957031e-02
1.019832789897918701e-01
9.777389466762542725e-02
9.546832740306854248e-02
1.075033247470855713e-01
1.194752603769302368e-01
1.206416785717010498e-01
1.137384176254272461e-01
5.248147249221801758e-02
4.632455110549926758e-02
4.282547533512115479e-02
4.761759936809539795e-02
1.001246720552444458e-01
9.848304092884063721e-02
9.926821291446685791e-02
1.044192910194396973e-01
1.283063739538192749e-01
1.470062434673309326e-01
1.516142487525939941e-01
1.388030946254730225e-01
3.966011106967926025e-02
4.114276170730590820e-02
4.404176771640777588e-02
3.904359042644500732e-02
9.947139024734497070e-02
1.232497245073318481e-01
1.253921687602996826e-01
1.065368801355361938e-01
1.580005288124084473e-01
2.046847492456436157e-01
1.888512521982192993e-01
1.476647704839706421e-01
